=== Visibility Analysis Summary ===
Total patches: 49152
Geometric visible: 3035 (6.2%)
Light illuminated: 1913 (63.0% of geometric)
Reflection conditions met: 3035 (100.0% of geometric)
Light unoccluded: 1913 (63.0% of geometric)
Final visible: 1913 (3.9% of total)
Visible area: 302.82 (3.8% of total area)

=== Detailed Visibility Information ===
Patch Index  | Incidence Angle  |  Viewing Angle  
-------------+------------------+-----------------
   12002     |      89.46       |      29.83      
   12003     |      89.42       |      29.86      
   12004     |      88.55       |      27.68      
   12040     |      83.58       |      42.51      
   12078     |      80.73       |      20.39      
   12079     |      83.50       |      32.98      
   12080     |      80.93       |      19.58      
   12081     |      89.89       |      19.26      
   12082     |      86.14       |      38.10      
   12083     |      87.42       |      42.59      
   12127     |      88.24       |      11.98      
   12128     |      86.24       |      19.43      
   12129     |      88.06       |      17.66      
   12139     |      85.66       |      12.00      
   12140     |      78.65       |       4.45      
   12145     |      86.98       |      16.05      
   12146     |      87.82       |      18.07      
   12147     |      87.90       |      15.76      
   12148     |      89.20       |      14.05      
   12149     |      83.39       |      27.52      
   12150     |      79.51       |      20.02      
   12151     |      72.00       |      24.48      
   12152     |      71.83       |      27.19      
   12153     |      77.96       |      33.27      
   12154     |      79.01       |      29.44      
   12155     |      84.80       |      26.02      
   12156     |      84.28       |      28.16      
   12159     |      84.80       |      28.69      
   12160     |      85.77       |      37.60      
   12205     |      83.25       |      14.85      
   12206     |      83.87       |       5.59      
   12207     |      83.55       |       4.92      
   12214     |      84.14       |       7.66      
   12215     |      85.53       |      12.04      
   12216     |      85.39       |      11.55      
   12217     |      86.86       |      10.27      
   12218     |      89.24       |      16.09      
   12219     |      89.87       |      12.71      
   12220     |      86.94       |       7.86      
   12227     |      72.92       |      25.84      
   12261     |      89.23       |      43.78      
   12275     |      83.90       |      16.07      
   12276     |      84.38       |      12.97      
   12277     |      84.21       |      13.05      
   12278     |      85.58       |      13.50      
   12279     |      87.93       |      13.84      
   12280     |      87.24       |       9.40      
   12281     |      87.08       |       9.37      
   12290     |      88.18       |      18.49      
   12291     |      85.50       |      13.86      
   12292     |      83.37       |      20.89      
   12293     |      84.10       |      27.64      
   12294     |      80.31       |      35.41      
   12295     |      79.67       |      21.79      
   12296     |      77.11       |      27.56      
   12329     |      89.36       |      28.37      
   12330     |      87.61       |      52.23      
   12341     |      89.05       |      17.31      
   12345     |      89.71       |      10.89      
   12347     |      79.48       |       3.64      
   12348     |      81.50       |       5.97      
   12349     |      88.82       |      11.58      
   12350     |      86.11       |       8.70      
   12364     |      87.10       |      25.47      
   12365     |      85.25       |      16.61      
   12366     |      85.27       |      27.74      
   12367     |      89.74       |      36.58      
   12368     |      89.76       |      35.89      
   12405     |      88.88       |      25.24      
   12410     |      89.87       |      52.34      
   12411     |      88.29       |      48.42      
   12412     |      88.42       |      46.87      
   12436     |      86.50       |       7.36      
   12437     |      87.37       |      11.84      
   12441     |      85.70       |      32.53      
   12442     |      85.80       |      38.97      
   12449     |      88.20       |      19.64      
   12450     |      88.07       |      31.51      
   12451     |      87.78       |      19.11      
   12452     |      87.21       |      16.93      
   12453     |      88.63       |       9.56      
   12454     |      82.84       |       9.68      
   12487     |      86.46       |      48.51      
   12488     |      87.71       |      47.56      
   12502     |      86.41       |       8.58      
   12503     |      85.14       |       9.21      
   12504     |      84.65       |       9.90      
   12511     |      89.15       |      10.09      
   12514     |      85.79       |       9.60      
   12515     |      86.90       |      18.38      
   12516     |      78.25       |       1.58      
   12517     |      76.61       |      26.23      
   12518     |      77.39       |      38.93      
   12519     |      77.61       |      14.45      
   12521     |      89.65       |      22.85      
   12527     |      83.20       |       9.85      
   12528     |      87.34       |      25.51      
   12529     |      87.44       |      16.89      
   12530     |      86.82       |      15.39      
   12531     |      87.30       |       8.55      
   12532     |      83.42       |       6.06      
   12533     |      81.54       |      21.09      
   12534     |      80.00       |      16.75      
   12560     |      82.55       |      24.25      
   12564     |      84.72       |      47.88      
   12565     |      88.15       |      46.68      
   12566     |      86.39       |      46.59      
   12567     |      88.15       |      43.28      
   12568     |      89.95       |      45.37      
   12576     |      80.55       |       5.84      
   12577     |      80.54       |       5.25      
   12578     |      76.11       |      11.84      
   12579     |      75.77       |      13.44      
   12580     |      87.93       |      23.34      
   12581     |      88.22       |       9.11      
   12582     |      87.55       |       8.35      
   12583     |      86.09       |       7.81      
   12584     |      85.48       |       6.46      
   12586     |      67.40       |      28.55      
   12587     |      70.81       |      34.50      
   12588     |      70.74       |      29.13      
   12594     |      87.37       |      27.08      
   12596     |      86.76       |      18.55      
   12597     |      86.74       |      17.33      
   12627     |      84.63       |      49.59      
   12628     |      81.02       |      55.11      
   12629     |      80.76       |      51.65      
   12636     |      80.66       |       5.14      
   12638     |      89.81       |      10.65      
   12639     |      89.04       |      10.01      
   12643     |      81.81       |       4.78      
   12644     |      80.16       |      22.80      
   12645     |      73.54       |      10.96      
   12646     |      72.16       |      31.38      
   12647     |      80.00       |      16.03      
   12648     |      80.01       |      14.03      
   12649     |      86.36       |      10.15      
   12652     |      83.25       |      26.72      
   12653     |      81.75       |      31.05      
   12656     |      82.67       |      15.95      
   12657     |      86.01       |       7.42      
   12658     |      85.17       |      23.21      
   12659     |      85.92       |      24.52      
   12688     |      81.25       |      45.19      
   12689     |      80.07       |      42.83      
   12690     |      79.45       |      28.09      
   12696     |      86.94       |      48.69      
   12697     |      85.94       |      50.52      
   12698     |      76.02       |      47.27      
   12699     |      78.83       |      41.75      
   12700     |      84.67       |      47.77      
   12718     |      78.46       |      23.79      
   12719     |      81.12       |      28.92      
   12720     |      86.97       |      22.53      
   12721     |      84.38       |      16.90      
   12729     |      87.13       |      32.61      
   12731     |      88.82       |      19.78      
   12732     |      84.72       |      14.04      
   12733     |      84.66       |      14.89      
   12734     |      85.82       |      17.34      
   12735     |      86.49       |       8.41      
   12760     |      81.37       |      30.39      
   12766     |      83.89       |      46.97      
   12767     |      83.99       |      46.69      
   12768     |      88.71       |      52.03      
   12772     |      80.37       |      33.29      
   12773     |      81.87       |      25.44      
   12779     |      89.25       |      14.42      
   12780     |      88.47       |      11.89      
   12781     |      89.05       |       9.75      
   12784     |      89.61       |      10.71      
   12798     |      88.64       |      19.89      
   12818     |      86.58       |      29.83      
   12842     |      89.48       |      14.68      
   12845     |      87.21       |       8.25      
   12850     |      88.38       |       9.89      
   12854     |      77.03       |      25.79      
   12855     |      83.68       |      29.95      
   12856     |      86.02       |      35.17      
   12857     |      89.34       |      28.14      
   12859     |      86.19       |      28.14      
   12860     |      87.19       |      19.66      
   12861     |      86.78       |      18.73      
   12862     |      89.63       |      13.99      
   12863     |      89.46       |      10.39      
   12910     |      89.91       |      27.46      
   12918     |      88.84       |      29.26      
   12919     |      89.46       |      24.42      
   12933     |      89.91       |      10.81      
   12938     |      88.40       |      26.37      
   12942     |      88.13       |      35.88      
   12944     |      88.10       |      34.11      
   12945     |      84.09       |       6.28      
   12976     |      85.60       |      44.94      
   12977     |      84.81       |      35.76      
   13001     |      87.80       |      12.35      
   13026     |      87.93       |      15.23      
   13027     |      83.97       |       4.69      
   13028     |      83.35       |       4.16      
   13029     |      83.02       |      12.97      
   13061     |      88.36       |      44.57      
   13096     |      83.41       |      24.81      
   13097     |      76.63       |      19.52      
   13127     |      85.48       |      37.17      
   13128     |      85.50       |      41.77      
   13129     |      84.18       |      39.59      
   13130     |      82.51       |      46.23      
   13131     |      76.69       |      47.98      
   13132     |      74.60       |      43.15      
   13133     |      82.57       |      32.08      
   13135     |      89.83       |      59.69      
   13137     |      87.92       |      50.86      
   13142     |      88.92       |      29.10      
   13143     |      87.64       |      14.76      
   13149     |      89.56       |      10.70      
   13150     |      77.14       |      18.00      
   13151     |      70.24       |      20.80      
   13152     |      86.25       |       9.42      
   13153     |      83.49       |       9.48      
   13161     |      83.60       |      15.15      
   13165     |      80.24       |      29.44      
   13166     |      83.54       |      36.98      
   13167     |      83.75       |      38.97      
   13168     |      76.95       |      16.16      
   13169     |      84.35       |      24.12      
   13170     |      84.32       |      10.55      
   13172     |      89.38       |      16.46      
   13174     |      80.79       |      21.01      
   13204     |      78.80       |      41.38      
   13205     |      87.74       |      50.93      
   13206     |      83.46       |      56.54      
   13207     |      82.85       |      45.50      
   13208     |      83.26       |      44.06      
   13212     |      87.46       |      14.42      
   13213     |      89.96       |      10.38      
   13218     |      64.24       |      21.02      
   13219     |      59.68       |      21.70      
   13220     |      66.43       |      16.32      
   13221     |      68.69       |      11.40      
   13231     |      86.85       |      17.23      
   13232     |      88.38       |      16.88      
   13237     |      78.88       |      42.98      
   13238     |      80.46       |      34.79      
   13239     |      85.67       |      10.05      
   13240     |      87.84       |      12.24      
   13241     |      84.70       |      20.19      
   13269     |      87.52       |      44.82      
   13271     |      88.35       |      43.53      
   13272     |      80.18       |      41.46      
   13273     |      81.25       |      32.72      
   13278     |      89.94       |      10.58      
   13282     |      78.54       |       8.56      
   13283     |      79.14       |      12.49      
   13284     |      72.15       |      10.49      
   13285     |      79.53       |       2.31      
   13286     |      88.28       |      11.56      
   13287     |      89.39       |      10.58      
   13289     |      87.77       |      17.16      
   13290     |      86.55       |      12.71      
   13296     |      89.55       |      25.71      
   13305     |      76.60       |      16.79      
   13306     |      76.23       |      10.45      
   13307     |      75.00       |       9.82      
   13308     |      77.92       |       6.06      
   13309     |      81.29       |      19.59      
   13310     |      88.75       |      17.59      
   13342     |      89.12       |      34.26      
   13343     |      87.64       |      44.83      
   13347     |      86.14       |      39.50      
   13348     |      86.08       |      38.88      
   13349     |      85.70       |      39.81      
   13351     |      89.55       |      10.03      
   13358     |      81.79       |       8.67      
   13360     |      88.73       |       9.88      
   13362     |      87.77       |      13.99      
   13363     |      88.14       |      17.70      
   13364     |      88.43       |      12.16      
   13369     |      87.69       |      23.64      
   13404     |      84.37       |      33.96      
   13405     |      84.08       |      34.82      
   13406     |      89.75       |      29.90      
   13407     |      87.21       |      44.34      
   13408     |      87.23       |      55.46      
   13412     |      86.46       |      38.67      
   13415     |      84.20       |      17.01      
   13416     |      84.83       |       5.85      
   13418     |      89.12       |       9.97      
   13426     |      86.27       |      13.78      
   13427     |      82.16       |       8.28      
   13428     |      86.14       |      13.29      
   13432     |      88.95       |      30.90      
   13433     |      87.48       |      23.55      
   13439     |      87.82       |      53.72      
   13443     |      83.29       |       9.63      
   13444     |      82.02       |       6.23      
   13445     |      78.59       |      17.17      
   13461     |      89.43       |      44.65      
   13469     |      89.99       |      14.01      
   13470     |      89.92       |      14.91      
   13476     |      85.48       |      11.68      
   13477     |      85.67       |      11.27      
   13478     |      82.01       |       3.31      
   13479     |      82.57       |       3.27      
   13480     |      82.68       |       8.97      
   13481     |      83.39       |       4.09      
   13482     |      81.65       |      14.33      
   13483     |      85.25       |       8.27      
   13484     |      85.39       |       9.45      
   13485     |      85.87       |       9.22      
   13486     |      89.49       |      18.69      
   13487     |      83.26       |      11.82      
   13488     |      82.12       |      24.30      
   13489     |      81.55       |      19.05      
   13490     |      85.02       |      28.03      
   13491     |      89.47       |      20.14      
   13493     |      80.68       |      36.82      
   13494     |      81.31       |      43.69      
   13496     |      89.45       |      31.79      
   13499     |      85.00       |      17.89      
   13500     |      81.01       |      22.01      
   13501     |      72.34       |      16.02      
   13502     |      72.97       |      17.21      
   13503     |      68.29       |      30.56      
   13531     |      77.82       |      34.75      
   13532     |      77.23       |      45.27      
   13533     |      84.52       |      28.25      
   13534     |      89.11       |      36.48      
   13537     |      85.18       |      53.47      
   13538     |      83.77       |      55.64      
   13539     |      77.84       |      32.43      
   13540     |      74.82       |      40.39      
   13542     |      88.45       |      51.53      
   13546     |      86.58       |      10.99      
   13549     |      86.91       |       7.53      
   13550     |      87.49       |       7.81      
   13551     |      84.40       |      11.36      
   13552     |      89.50       |      17.16      
   13554     |      81.04       |      18.98      
   13558     |      86.97       |      32.93      
   13559     |      77.71       |      21.76      
   13560     |      77.28       |      20.31      
   13561     |      80.40       |      20.10      
   13582     |      74.37       |      37.55      
   13583     |      78.72       |      46.24      
   13584     |      76.23       |      41.90      
   13589     |      82.25       |      29.04      
   13590     |      87.37       |      43.48      
   13591     |      79.28       |      49.50      
   13592     |      79.06       |      51.38      
   13593     |      86.62       |      48.31      
   13594     |      87.08       |      39.60      
   13604     |      82.56       |       3.51      
   13605     |      79.00       |      15.76      
   13606     |      88.73       |      10.83      
   13607     |      88.37       |      11.73      
   13611     |      89.46       |      25.08      
   13613     |      84.82       |      23.60      
   13614     |      87.68       |      26.90      
   13615     |      87.13       |      10.75      
   13621     |      84.57       |      26.89      
   13622     |      86.23       |      28.14      
   13623     |      76.48       |      20.58      
   13624     |      74.74       |      26.23      
   13625     |      76.35       |      27.18      
   13654     |      78.63       |      38.23      
   13655     |      80.27       |      39.71      
   13658     |      83.97       |      43.58      
   13659     |      84.23       |      44.93      
   13660     |      81.21       |      52.30      
   13661     |      77.91       |      39.49      
   13662     |      87.81       |      44.45      
   13663     |      87.62       |      43.59      
   13664     |      85.18       |      55.23      
   13665     |      84.51       |      51.54      
   13666     |      87.99       |      37.74      
   13679     |      86.73       |       7.56      
   13686     |      89.99       |      20.73      
   13691     |      87.17       |      33.21      
   13692     |      89.85       |      11.83      
   13699     |      87.73       |      24.73      
   13700     |      87.23       |      16.29      
   13701     |      87.47       |      16.70      
   13702     |      83.87       |      23.27      
   13703     |      84.22       |      30.45      
   13734     |      89.07       |      46.46      
   13735     |      84.12       |      35.86      
   13736     |      83.85       |      37.58      
   13737     |      83.15       |      35.79      
   13738     |      80.70       |      43.17      
   13739     |      79.51       |      40.30      
   13740     |      84.95       |      42.52      
   13741     |      89.16       |      52.99      
   13743     |      86.34       |      42.04      
   13744     |      88.27       |      48.06      
   13751     |      87.99       |      15.66      
   13752     |      87.25       |      18.92      
   13753     |      86.64       |       7.65      
   13756     |      88.80       |      14.44      
   13757     |      87.49       |      10.98      
   13759     |      84.59       |       4.91      
   13760     |      77.62       |      19.54      
   13761     |      82.57       |      33.75      
   13762     |      80.17       |      45.95      
   13763     |      81.07       |      43.74      
   13764     |      85.75       |      50.20      
   13765     |      85.33       |      42.81      
   13766     |      83.99       |      19.87      
   13767     |      79.62       |      30.69      
   13768     |      80.35       |      20.81      
   13791     |      87.51       |      46.34      
   13792     |      88.80       |      33.50      
   13793     |      87.04       |      31.13      
   13794     |      78.18       |      48.83      
   13795     |      80.31       |      40.04      
   13798     |      86.83       |       7.02      
   13799     |      87.56       |       8.08      
   13808     |      84.45       |       6.31      
   13809     |      85.78       |       6.06      
   13810     |      82.49       |       5.70      
   13811     |      82.64       |       2.90      
   13812     |      83.68       |       5.54      
   13814     |      88.53       |      10.65      
   13815     |      88.26       |      10.83      
   13816     |      80.24       |      18.33      
   13817     |      76.45       |      14.67      
   13818     |      81.28       |      30.69      
   13819     |      88.65       |      35.50      
   13820     |      87.74       |      33.41      
   13821     |      89.83       |      28.54      
   13822     |      82.36       |      11.19      
   13823     |      73.70       |      19.86      
   13824     |      75.90       |      48.26      
   13825     |      73.60       |      42.17      
   13826     |      70.45       |      47.08      
   13827     |      83.27       |      20.84      
   13828     |      80.61       |      17.96      
   13829     |      83.29       |      31.95      
   13832     |      86.34       |      20.34      
   13860     |      88.85       |      43.72      
   13861     |      88.28       |      42.00      
   13862     |      86.93       |      28.27      
   13863     |      86.28       |      40.01      
   13864     |      89.15       |      36.82      
   13865     |      87.16       |      46.36      
   13866     |      77.69       |      28.36      
   13867     |      74.88       |      42.16      
   13868     |      69.67       |      32.47      
   13869     |      67.88       |      51.73      
   13870     |      71.44       |      49.85      
   13871     |      78.76       |      29.46      
   13872     |      80.25       |      34.69      
   13873     |      77.74       |      40.45      
   13874     |      78.93       |      37.68      
   13875     |      89.47       |      25.85      
   13885     |      84.00       |       4.17      
   13886     |      83.06       |       6.84      
   13889     |      89.69       |      18.56      
   13890     |      83.58       |       9.42      
   13891     |      76.79       |      22.08      
   13892     |      73.01       |      22.13      
   13893     |      71.67       |      27.52      
   13894     |      78.20       |      30.59      
   13895     |      78.41       |      20.20      
   13896     |      82.44       |      26.33      
   13897     |      68.35       |      29.94      
   13898     |      63.93       |      27.35      
   13899     |      63.47       |      34.58      
   13900     |      69.36       |      45.84      
   13901     |      68.46       |      39.82      
   13902     |      82.94       |      51.75      
   13903     |      81.29       |      28.50      
   13904     |      85.67       |      43.28      
   13905     |      89.95       |      22.41      
   13906     |      89.89       |      22.38      
   13929     |      86.11       |      36.11      
   13930     |      79.89       |      38.53      
   13931     |      80.87       |      25.96      
   13932     |      78.71       |      27.88      
   13933     |      64.85       |      50.73      
   13934     |      61.80       |      40.32      
   13935     |      79.23       |      48.38      
   13936     |      79.24       |      48.37      
   13937     |      75.98       |      50.14      
   13947     |      85.11       |       5.29      
   13948     |      86.02       |       8.19      
   13949     |      85.36       |       7.41      
   13950     |      84.87       |       5.03      
   13951     |      86.53       |      10.01      
   13952     |      84.48       |      18.27      
   13953     |      82.73       |      15.51      
   13954     |      64.16       |      29.75      
   13955     |      67.18       |      25.21      
   13956     |      72.75       |      27.06      
   13957     |      70.65       |      43.04      
   13958     |      71.46       |      47.05      
   13988     |      82.38       |      36.74      
   13989     |      82.60       |      38.32      
   13990     |      78.87       |      46.17      
   13991     |      77.29       |      35.11      
   13992     |      81.56       |      36.33      
   13993     |      80.72       |      38.09      
   13994     |      78.21       |      35.57      
   13995     |      87.65       |      28.10      
   13996     |      80.48       |      48.88      
   13997     |      72.20       |      43.48      
   13998     |      72.80       |      42.99      
   13999     |      73.29       |      50.62      
   14000     |      72.38       |      49.85      
   14001     |      78.65       |      45.08      
   14002     |      78.20       |      47.35      
   14003     |      77.33       |      43.54      
   14004     |      75.63       |      12.11      
   14017     |      76.19       |      12.52      
   14018     |      81.05       |      24.05      
   14019     |      84.70       |      11.89      
   14020     |      74.98       |       6.06      
   14021     |      82.67       |      17.02      
   14022     |      78.91       |      31.50      
   14023     |      77.04       |      29.40      
   14024     |      76.48       |      26.13      
   14025     |      71.78       |      23.16      
   14026     |      77.54       |      11.96      
   14027     |      77.85       |      12.36      
   14028     |      79.28       |      20.89      
   14029     |      81.60       |      36.11      
   14030     |      81.54       |      35.97      
   14031     |      76.80       |      31.69      
   14032     |      79.25       |      41.97      
   14033     |      76.58       |      39.11      
   14034     |      76.49       |      36.89      
   14035     |      79.70       |      29.96      
   14036     |      79.72       |      27.75      
   14062     |      85.01       |      25.72      
   14063     |      80.57       |      36.90      
   14064     |      81.76       |      27.03      
   14065     |      75.00       |      34.49      
   14066     |      81.87       |      26.18      
   14067     |      85.43       |      36.32      
   14068     |      81.74       |      44.30      
   14069     |      86.42       |      42.85      
   14070     |      68.99       |      49.44      
   14071     |      77.91       |      56.24      
   14072     |      78.38       |      50.43      
   14073     |      82.19       |      47.70      
   14074     |      82.80       |      40.37      
   14075     |      80.14       |      44.89      
   14076     |      78.69       |      25.29      
   14077     |      75.78       |      29.25      
   14078     |      76.87       |      12.79      
   14079     |      77.40       |      11.15      
   14080     |      77.92       |      10.58      
   14081     |      85.44       |       9.15      
   14092     |      87.86       |      16.66      
   14093     |      83.38       |      11.75      
   14094     |      86.72       |       8.17      
   14095     |      84.91       |      13.64      
   14096     |      87.94       |      17.32      
   14097     |      87.05       |      33.88      
   14098     |      79.48       |      20.56      
   14099     |      79.08       |      34.28      
   14101     |      78.62       |      42.26      
   14102     |      79.00       |      43.07      
   14103     |      80.93       |      40.49      
   14104     |      87.33       |      10.78      
   14124     |      82.91       |      26.26      
   14125     |      82.89       |      26.13      
   14126     |      71.16       |      44.36      
   14127     |      79.38       |      42.91      
   14128     |      81.44       |      36.40      
   14129     |      78.17       |      31.39      
   14130     |      82.41       |      27.03      
   14131     |      82.55       |      38.63      
   14132     |      76.17       |      39.60      
   14133     |      76.26       |      32.80      
   14134     |      76.26       |      32.79      
   14135     |      75.68       |      42.69      
   14136     |      76.46       |      22.92      
   14137     |      77.58       |      13.84      
   14138     |      79.30       |      11.14      
   14147     |      78.30       |      17.85      
   14148     |      81.96       |      28.24      
   14152     |      85.87       |      12.59      
   14153     |      80.77       |      21.54      
   14154     |      84.67       |      26.69      
   14155     |      85.02       |      25.73      
   14156     |      85.54       |      29.74      
   14157     |      85.53       |      46.12      
   14158     |      85.29       |      45.67      
   14166     |      89.80       |      33.27      
   14193     |      86.47       |      19.22      
   14194     |      84.14       |      31.75      
   14195     |      84.45       |      39.87      
   14196     |      74.99       |      31.92      
   14197     |      75.04       |      31.59      
   14198     |      69.78       |      25.66      
   14199     |      68.24       |      33.26      
   14200     |      76.13       |      43.55      
   14201     |      75.17       |      55.65      
   14202     |      71.65       |      50.17      
   14203     |      71.25       |      52.68      
   14204     |      67.75       |      49.31      
   14205     |      67.11       |      42.87      
   14206     |      65.36       |      39.52      
   14207     |      64.70       |      32.68      
   14208     |      83.81       |      14.37      
   14209     |      84.93       |       6.92      
   14211     |      89.85       |      10.34      
   14223     |      85.81       |      19.57      
   14224     |      85.44       |      15.70      
   14228     |      84.46       |      20.48      
   14229     |      83.37       |      36.53      
   14237     |      89.54       |      12.41      
   14238     |      87.30       |      19.04      
   14259     |      85.41       |      18.35      
   14260     |      83.37       |       6.94      
   14261     |      71.28       |      27.69      
   14262     |      69.59       |      44.89      
   14263     |      67.23       |      39.48      
   14264     |      75.73       |      37.81      
   14265     |      70.90       |      33.88      
   14266     |      78.47       |      25.74      
   14267     |      74.16       |      38.52      
   14268     |      74.69       |      37.58      
   14269     |      78.91       |      44.15      
   14270     |      85.47       |      34.95      
   14271     |      85.40       |      35.46      
   14272     |      86.56       |      34.15      
   14273     |      84.55       |      39.15      
   14274     |      68.28       |      49.73      
   14275     |      68.61       |      48.87      
   14276     |      61.87       |      28.58      
   14277     |      61.20       |      30.90      
   14278     |      80.26       |      18.75      
   14289     |      88.24       |       8.75      
   14290     |      88.29       |      18.81      
   14291     |      88.89       |      21.04      
   14295     |      89.97       |      34.35      
   14300     |      89.01       |      28.14      
   14324     |      83.44       |      17.70      
   14325     |      77.30       |       4.54      
   14326     |      71.78       |      16.37      
   14327     |      73.16       |      46.37      
   14328     |      73.63       |      47.94      
   14329     |      88.36       |      38.43      
   14330     |      71.65       |      19.96      
   14331     |      72.01       |      41.01      
   14332     |      81.52       |      36.17      
   14333     |      85.27       |      46.06      
   14334     |      84.30       |      47.26      
   14335     |      74.74       |      27.91      
   14336     |      72.07       |      49.64      
   14337     |      66.18       |      37.32      
   14338     |      57.11       |      29.97      
   14339     |      66.15       |      32.01      
   14340     |      68.05       |      24.65      
   14341     |      74.89       |      29.50      
   14342     |      75.50       |      19.79      
   14344     |      89.53       |      10.16      
   14351     |      87.69       |      10.78      
   14352     |      87.51       |      32.84      
   14357     |      87.41       |      25.59      
   14359     |      87.33       |      18.06      
   14365     |      85.20       |      32.58      
   14385     |      75.90       |      51.05      
   14386     |      89.38       |      25.26      
   14387     |      81.40       |      36.42      
   14388     |      84.81       |      41.92      
   14389     |      83.95       |      43.82      
   14390     |      81.57       |      37.24      
   14406     |      87.22       |      26.93      
   14407     |      86.77       |      23.53      
   14422     |      87.99       |      14.12      
   14423     |      87.65       |      35.46      
   14424     |      84.64       |      30.48      
   14425     |      84.04       |      30.28      
   14448     |      82.27       |      32.32      
   14450     |      88.31       |      30.16      
   14451     |      84.80       |      43.23      
   14452     |      83.70       |      38.79      
   14453     |      82.11       |      46.89      
   14454     |      76.78       |      50.94      
   14455     |      75.05       |      27.24      
   14458     |      71.70       |      35.90      
   14459     |      74.20       |      41.42      
   14460     |      67.76       |      48.42      
   14461     |      81.24       |      40.63      
   14462     |      79.93       |      34.88      
   14463     |      78.39       |      46.23      
   14464     |      68.25       |      27.71      
   14465     |      66.51       |      37.36      
   14466     |      59.16       |      27.35      
   14467     |      58.36       |      32.92      
   14468     |      58.30       |      40.19      
   14469     |      60.92       |      43.15      
   14470     |      63.53       |      31.21      
   14471     |      64.41       |      33.75      
   14472     |      70.74       |      20.58      
   14473     |      71.79       |       9.82      
   14474     |      79.57       |      21.85      
   14475     |      80.82       |       5.89      
   14489     |      88.97       |      28.64      
   14496     |      84.49       |      13.15      
   14497     |      85.62       |      33.78      
   14503     |      82.20       |      39.56      
   14504     |      75.82       |      31.37      
   14505     |      76.60       |      51.05      
   14530     |      81.90       |      15.78      
   14531     |      82.13       |      17.96      
   14532     |      83.24       |      49.04      
   14533     |      85.78       |      47.28      
   14534     |      89.69       |      37.88      
   14535     |      74.30       |      34.20      
   14536     |      67.09       |      36.22      
   14537     |      67.52       |      28.54      
   14538     |      65.52       |      26.31      
   14539     |      65.48       |      25.38      
   14540     |      61.73       |      25.26      
   14541     |      82.71       |       8.65      
   14542     |      82.69       |       9.47      
   14543     |      84.92       |       6.10      
   14544     |      85.45       |       6.92      
   14563     |      89.92       |      35.64      
   14564     |      72.47       |      39.81      
   14592     |      71.51       |      41.08      
   14593     |      82.98       |      32.40      
   14594     |      84.16       |      18.00      
   14595     |      81.65       |       9.44      
   14596     |      84.20       |      38.55      
   14597     |      78.42       |      44.98      
   14598     |      76.04       |      38.61      
   14599     |      73.66       |      42.15      
   14600     |      73.00       |      41.40      
   14601     |      74.07       |      29.30      
   14604     |      84.51       |      49.10      
   14605     |      87.30       |      50.99      
   14607     |      87.78       |      30.04      
   14608     |      86.74       |      22.63      
   14609     |      68.29       |      28.58      
   14610     |      68.18       |      34.95      
   14611     |      69.63       |      20.64      
   14612     |      67.30       |      42.27      
   14613     |      65.87       |      33.65      
   14614     |      65.88       |      33.64      
   14615     |      69.57       |      22.88      
   14616     |      70.17       |      25.17      
   14617     |      83.44       |       4.77      
   14618     |      83.00       |       5.54      
   14639     |      89.79       |      26.63      
   14641     |      88.62       |      46.04      
   14642     |      86.05       |      42.32      
   14643     |      81.60       |      35.89      
   14644     |      84.59       |      52.45      
   14669     |      56.32       |      44.93      
   14670     |      48.93       |      41.18      
   14671     |      55.25       |      28.44      
   14672     |      54.97       |      26.29      
   14673     |      67.36       |      25.36      
   14674     |      66.49       |      32.62      
   14675     |      71.91       |      40.57      
   14676     |      73.05       |      50.55      
   14677     |      73.57       |      33.68      
   14678     |      75.43       |      12.53      
   14679     |      76.92       |      21.90      
   14680     |      78.53       |      23.87      
   14681     |      72.53       |      34.42      
   14682     |      71.30       |      30.64      
   14683     |      71.86       |      29.69      
   14684     |      71.48       |      18.84      
   14685     |      71.53       |      21.06      
   14686     |      73.48       |      36.93      
   14687     |      74.42       |      26.32      
   14688     |      71.49       |      14.56      
   14689     |      72.51       |       8.11      
   14690     |      76.51       |       6.43      
   14691     |      84.79       |      27.13      
   14692     |      89.93       |      12.83      
   14715     |      85.21       |      33.34      
   14716     |      85.68       |      39.48      
   14748     |      69.22       |      47.07      
   14749     |      66.58       |      37.19      
   14750     |      61.41       |      32.56      
   14751     |      65.66       |      43.12      
   14752     |      65.77       |      49.20      
   14753     |      82.87       |      32.22      
   14754     |      82.92       |      32.02      
   14755     |      85.27       |      34.48      
   14756     |      83.46       |      28.58      
   14757     |      73.88       |      50.85      
   14758     |      67.16       |      34.06      
   14759     |      82.87       |      24.21      
   14760     |      74.82       |      20.30      
   14761     |      75.28       |      24.38      
   14762     |      77.67       |      16.97      
   14763     |      74.95       |      36.96      
   14764     |      70.87       |      32.96      
   14765     |      71.69       |      35.52      
   14766     |      72.85       |      21.97      
   14767     |      74.56       |       9.38      
   14768     |      74.08       |       8.20      
   14769     |      78.90       |      27.24      
   14770     |      87.06       |      10.96      
   14785     |      88.17       |      32.94      
   14788     |      82.49       |      44.34      
   14789     |      81.26       |      37.83      
   14790     |      80.06       |      42.02      
   14791     |      88.75       |      49.01      
   14792     |      78.05       |      45.96      
   14793     |      74.07       |      39.75      
   14794     |      78.64       |      41.07      
   14795     |      77.94       |      39.00      
   14796     |      88.60       |      49.77      
   14817     |      70.35       |      24.68      
   14818     |      74.43       |      29.31      
   14819     |      76.39       |      37.57      
   14820     |      72.89       |      57.24      
   14821     |      72.28       |      45.15      
   14822     |      82.82       |      28.08      
   14823     |      74.45       |      51.12      
   14824     |      66.28       |      35.41      
   14825     |      76.64       |      40.44      
   14826     |      75.65       |      35.42      
   14827     |      79.46       |      32.32      
   14828     |      77.71       |      15.74      
   14829     |      78.24       |      21.31      
   14830     |      76.38       |      35.54      
   14831     |      74.34       |      27.48      
   14832     |      76.21       |      39.16      
   14833     |      73.52       |      35.45      
   14834     |      74.25       |      19.95      
   14835     |      78.86       |      10.07      
   14836     |      80.28       |      28.82      
   14837     |      81.52       |      19.49      
   14838     |      78.76       |      11.79      
   14839     |      80.73       |       3.00      
   14850     |      89.72       |      28.37      
   14863     |      84.68       |      45.63      
   14864     |      78.81       |      38.24      
   14865     |      79.71       |      42.99      
   14866     |      67.34       |      45.54      
   14867     |      68.68       |      52.61      
   14868     |      74.80       |      42.21      
   14869     |      74.12       |      39.75      
   14891     |      64.28       |      36.43      
   14892     |      64.38       |      28.73      
   14893     |      69.99       |      33.33      
   14894     |      80.42       |      41.89      
   14895     |      81.08       |      33.07      
   14896     |      80.87       |      32.32      
   14897     |      81.01       |      42.89      
   14898     |      83.47       |      48.50      
   14899     |      73.11       |      45.75      
   14900     |      74.04       |      37.31      
   14901     |      73.83       |      36.96      
   14902     |      77.97       |      29.69      
   14903     |      69.49       |      40.47      
   14904     |      84.94       |      37.85      
   14905     |      87.33       |      22.18      
   14906     |      82.58       |      23.90      
   14907     |      66.30       |      31.08      
   14908     |      66.28       |      31.17      
   14909     |      73.06       |      39.60      
   14910     |      73.30       |      16.44      
   14911     |      74.33       |       7.91      
   14912     |      71.33       |      11.80      
   14913     |      78.20       |      19.64      
   14914     |      71.34       |      32.33      
   14915     |      71.92       |      16.43      
   14916     |      88.73       |      11.49      
   14917     |      87.36       |      16.66      
   14923     |      84.05       |      22.44      
   14924     |      84.14       |      22.90      
   14929     |      85.74       |      49.96      
   14930     |      78.54       |      43.56      
   14931     |      77.42       |      52.25      
   14932     |      76.67       |      29.83      
   14933     |      85.26       |      43.19      
   14955     |      70.70       |      48.14      
   14956     |      81.07       |      32.56      
   14957     |      82.19       |      38.65      
   14958     |      78.25       |      33.81      
   14959     |      77.75       |      46.30      
   14960     |      75.85       |      43.83      
   14961     |      71.43       |      38.03      
   14962     |      76.23       |      28.54      
   14963     |      69.85       |      24.47      
   14964     |      71.33       |      26.98      
   14965     |      67.33       |      30.15      
   14966     |      77.75       |      27.01      
   14967     |      78.39       |      18.12      
   14968     |      89.97       |      20.09      
   14978     |      88.23       |      33.78      
   14979     |      89.25       |      29.55      
   14980     |      85.08       |      15.10      
   14981     |      78.66       |      25.68      
   14982     |      75.30       |      23.81      
   14983     |      72.38       |      12.37      
   14984     |      66.96       |      18.59      
   14985     |      81.76       |      23.87      
   14986     |      85.96       |      37.75      
   14989     |      82.28       |      48.48      
   14990     |      82.78       |      50.12      
   14991     |      81.27       |      52.21      
   14992     |      73.40       |      45.64      
   14993     |      86.10       |      51.68      
   14994     |      86.31       |      51.25      
   14995     |      70.76       |      42.32      
   15024     |      68.52       |      33.94      
   15025     |      65.79       |      28.73      
   15026     |      73.40       |      35.14      
   15027     |      74.55       |      38.61      
   15028     |      66.91       |      37.05      
   15029     |      70.71       |      41.93      
   15030     |      77.20       |      47.41      
   15031     |      76.94       |      46.41      
   15032     |      69.91       |      41.61      
   15033     |      68.07       |      25.15      
   15034     |      69.93       |      22.67      
   15035     |      70.12       |      22.76      
   15036     |      73.89       |      13.66      
   15037     |      72.97       |      12.01      
   15038     |      65.91       |      24.64      
   15039     |      72.34       |      39.92      
   15040     |      83.71       |      28.73      
   15041     |      86.20       |      18.11      
   15042     |      88.24       |      17.74      
   15043     |      87.46       |      18.83      
   15044     |      88.07       |      19.60      
   15046     |      89.12       |       9.05      
   15049     |      88.99       |      12.69      
   15050     |      87.49       |      17.70      
   15052     |      87.94       |      22.82      
   15053     |      77.43       |      31.77      
   15054     |      76.44       |      15.42      
   15055     |      73.30       |      14.30      
   15056     |      72.84       |      16.78      
   15057     |      87.75       |      39.59      
   15058     |      76.07       |      39.11      
   15059     |      76.03       |      46.67      
   15060     |      71.78       |      34.87      
   15061     |      79.36       |      48.70      
   15062     |      71.17       |      52.87      
   15063     |      66.32       |      47.76      
   15064     |      56.09       |      42.15      
   15065     |      56.07       |      42.46      
   15084     |      74.06       |      16.42      
   15085     |      73.88       |      40.90      
   15086     |      74.03       |      36.86      
   15087     |      74.70       |      38.57      
   15088     |      66.51       |      34.65      
   15089     |      66.14       |      44.63      
   15090     |      71.07       |      35.13      
   15091     |      74.43       |      29.10      
   15092     |      80.62       |      42.75      
   15093     |      84.07       |      37.86      
   15094     |      61.55       |      25.67      
   15095     |      61.15       |      22.79      
   15096     |      57.33       |      30.50      
   15097     |      69.00       |      13.20      
   15098     |      69.90       |      19.42      
   15099     |      59.49       |      30.45      
   15100     |      67.51       |      35.30      
   15101     |      67.49       |      34.76      
   15102     |      72.84       |      43.71      
   15103     |      77.94       |      38.94      
   15104     |      78.59       |      33.72      
   15105     |      83.21       |      16.85      
   15106     |      83.11       |      10.21      
   15107     |      77.20       |      16.92      
   15108     |      75.26       |      30.79      
   15109     |      72.18       |      27.46      
   15110     |      74.19       |       6.62      
   15111     |      75.37       |       5.30      
   15112     |      80.23       |      14.23      
   15117     |      87.58       |      40.55      
   15118     |      87.26       |      28.28      
   15119     |      89.58       |      31.35      
   15128     |      86.78       |      18.77      
   15129     |      69.88       |      24.37      
   15130     |      78.29       |      45.90      
   15131     |      78.02       |      45.79      
   15132     |      87.24       |      51.26      
   15135     |      77.48       |      55.91      
   15158     |      84.17       |      42.92      
   15159     |      84.03       |      34.24      
   15160     |      63.43       |      42.92      
   15161     |      86.79       |      45.26      
   15162     |      85.50       |      36.26      
   15163     |      67.71       |      15.11      
   15164     |      57.79       |      30.99      
   15165     |      70.95       |      19.70      
   15166     |      62.55       |      22.87      
   15167     |      63.72       |      25.64      
   15168     |      62.43       |      36.67      
   15169     |      64.74       |      40.11      
   15170     |      66.30       |      46.48      
   15171     |      68.44       |      42.07      
   15172     |      72.74       |      48.24      
   15173     |      76.61       |      10.07      
   15174     |      76.93       |      11.15      
   15175     |      69.12       |      27.30      
   15176     |      73.96       |       6.70      
   15177     |      84.99       |      15.46      
   15178     |      84.51       |       4.71      
   15187     |      64.62       |      29.11      
   15188     |      64.45       |      30.52      
   15189     |      85.35       |      46.59      
   15190     |      77.63       |      44.80      
   15191     |      82.44       |      40.12      
   15192     |      83.95       |      42.46      
   15193     |      89.32       |      44.53      
   15195     |      86.13       |      56.21      
   15196     |      84.59       |      53.77      
   15197     |      71.04       |      50.65      
   15198     |      70.36       |      49.93      
   15199     |      66.11       |      47.75      
   15200     |      65.35       |      37.56      
   15221     |      56.41       |      28.10      
   15222     |      67.58       |      26.23      
   15223     |      80.98       |      42.46      
   15224     |      83.32       |      30.21      
   15225     |      88.32       |      35.17      
   15226     |      85.08       |      42.68      
   15227     |      67.50       |      36.88      
   15228     |      66.77       |      34.45      
   15229     |      72.90       |      38.97      
   15230     |      70.74       |      47.48      
   15231     |      64.46       |      35.40      
   15233     |      84.46       |      46.07      
   15234     |      85.45       |      49.87      
   15235     |      87.98       |      36.74      
   15236     |      77.17       |      16.52      
   15237     |      77.03       |       6.23      
   15238     |      57.33       |      25.38      
   15239     |      69.80       |      48.43      
   15240     |      68.96       |      49.30      
   15241     |      67.84       |      27.75      
   15242     |      82.28       |      10.98      
   15243     |      65.62       |      16.12      
   15244     |      61.63       |      26.86      
   15245     |      59.67       |      22.58      
   15246     |      75.20       |       6.98      
   15247     |      73.36       |      15.46      
   15248     |      70.75       |      20.98      
   15249     |      75.25       |      34.92      
   15250     |      82.72       |      30.18      
   15251     |      83.28       |      10.10      
   15252     |      83.67       |       3.26      
   15254     |      84.21       |      28.31      
   15255     |      87.89       |      35.36      
   15256     |      88.20       |      24.62      
   15260     |      87.40       |      24.78      
   15261     |      82.34       |      21.35      
   15262     |      85.53       |      33.69      
   15263     |      72.78       |      26.08      
   15264     |      77.55       |      49.65      
   15265     |      72.24       |      50.51      
   15267     |      84.98       |      52.74      
   15268     |      87.03       |      55.10      
   15269     |      87.06       |      59.96      
   15270     |      81.09       |      38.65      
   15271     |      77.39       |      36.09      
   15272     |      68.36       |      35.10      
   15291     |      77.92       |      42.39      
   15292     |      77.01       |      39.54      
   15293     |      65.84       |      30.64      
   15294     |      69.17       |      34.24      
   15295     |      64.82       |      38.58      
   15296     |      74.79       |      45.56      
   15297     |      74.10       |      30.60      
   15299     |      66.81       |      13.76      
   15300     |      66.63       |      14.06      
   15301     |      57.40       |      27.45      
   15302     |      54.27       |      33.04      
   15303     |      54.62       |      33.47      
   15304     |      60.63       |      37.57      
   15305     |      62.69       |      37.14      
   15306     |      64.36       |      30.33      
   15307     |      70.48       |      35.36      
   15308     |      70.17       |      27.88      
   15309     |      72.29       |       8.60      
   15310     |      63.21       |      24.52      
   15311     |      62.71       |      22.77      
   15312     |      65.23       |      16.63      
   15313     |      67.68       |      19.06      
   15314     |      67.51       |      18.74      
   15315     |      72.89       |      22.24      
   15316     |      75.90       |       6.65      
   15317     |      74.88       |       8.62      
   15318     |      77.76       |      23.60      
   15319     |      79.54       |      25.14      
   15320     |      83.61       |      24.18      
   15321     |      79.73       |       7.07      
   15322     |      67.50       |      24.75      
   15323     |      84.77       |      31.13      
   15324     |      82.08       |      26.95      
   15325     |      86.03       |      24.93      
   15326     |      84.82       |      39.58      
   15327     |      88.55       |      42.41      
   15328     |      88.51       |      40.82      
   15329     |      71.34       |      28.91      
   15330     |      70.48       |      37.64      
   15331     |      77.63       |      40.03      
   15332     |      75.40       |      28.56      
   15333     |      70.60       |      42.75      
   15334     |      77.69       |      49.68      
   15335     |      77.45       |      50.42      
   15336     |      64.46       |      42.09      
   15337     |      66.49       |      47.42      
   15338     |      78.42       |      48.88      
   15339     |      79.82       |      57.38      
   15358     |      83.33       |      38.18      
   15359     |      69.68       |      39.94      
   15360     |      68.59       |      39.34      
   15361     |      71.44       |      34.43      
   15362     |      68.57       |      24.82      
   15363     |      77.33       |      29.50      
   15364     |      75.98       |      32.92      
   15365     |      75.43       |      22.84      
   15366     |      73.00       |      55.40      
   15367     |      71.65       |      48.94      
   15368     |      66.08       |      39.29      
   15369     |      66.94       |      18.29      
   15370     |      64.72       |      23.31      
   15371     |      63.92       |      31.58      
   15372     |      69.74       |      26.65      
   15373     |      67.60       |      22.42      
   15374     |      62.28       |      47.64      
   15375     |      61.85       |      52.80      
   15376     |      59.11       |      41.07      
   15377     |      61.93       |      24.82      
   15378     |      72.86       |       8.10      
   15379     |      74.41       |       8.32      
   15380     |      65.02       |      25.82      
   15381     |      70.17       |      22.59      
   15382     |      71.62       |      24.03      
   15383     |      89.24       |      24.23      
   15384     |      71.68       |      53.10      
   15385     |      89.88       |      41.43      
   15403     |      73.72       |      34.80      
   15404     |      75.82       |      38.91      
   15405     |      75.16       |      30.94      
   15406     |      73.54       |      38.24      
   15407     |      72.44       |      32.19      
   15408     |      74.87       |      32.09      
   15409     |      85.95       |      38.21      
   15410     |      67.37       |      19.46      
   15411     |      70.85       |      10.23      
   15412     |      75.10       |      11.18      
   15413     |      76.22       |       4.63      
   15414     |      80.26       |       4.85      
   15415     |      76.87       |      13.79      
   15416     |      83.19       |      22.29      
   15417     |      79.32       |      25.95      
   15418     |      68.27       |      22.42      
   15419     |      67.49       |      26.08      
   15420     |      60.90       |      52.31      
   15421     |      69.32       |      49.54      
   15422     |      67.32       |      37.04      
   15423     |      64.65       |      32.40      
   15424     |      65.02       |      21.87      
   15425     |      69.20       |      16.47      
   15426     |      68.76       |      18.07      
   15427     |      63.42       |      27.96      
   15428     |      64.91       |      16.82      
   15429     |      55.68       |      28.01      
   15430     |      60.64       |      19.98      
   15431     |      58.59       |      23.95      
   15432     |      68.61       |      31.01      
   15433     |      71.58       |      19.61      
   15434     |      73.49       |      26.70      
   15435     |      73.29       |      27.07      
   15436     |      73.02       |      24.40      
   15437     |      73.33       |      23.86      
   15438     |      78.94       |      19.48      
   15440     |      86.68       |      36.35      
   15441     |      84.85       |      23.94      
   15442     |      81.22       |      49.84      
   15443     |      75.04       |      46.31      
   15444     |      59.94       |      43.12      
   15445     |      55.04       |      36.86      
   15446     |      61.23       |      38.21      
   15447     |      64.78       |      44.15      
   15448     |      62.70       |      43.51      
   15449     |      78.08       |      48.22      
   15450     |      79.75       |      40.94      
   15451     |      77.78       |      51.60      
   15452     |      77.02       |      55.64      
   15453     |      73.63       |      37.97      
   15474     |      76.80       |      31.53      
   15475     |      76.85       |      33.74      
   15476     |      67.69       |      30.47      
   15477     |      70.13       |      34.68      
   15478     |      85.51       |      45.31      
   15479     |      85.02       |      46.94      
   15480     |      81.08       |      36.98      
   15481     |      80.72       |      39.91      
   15482     |      83.62       |      43.57      
   15483     |      84.24       |      47.50      
   15484     |      79.60       |      53.52      
   15485     |      76.46       |      34.43      
   15486     |      76.72       |      34.74      
   15487     |      71.92       |      15.53      
   15488     |      89.10       |      22.56      
   15489     |      75.71       |      15.22      
   15490     |      75.65       |      35.35      
   15491     |      72.59       |      43.77      
   15492     |      71.59       |      40.02      
   15493     |      65.51       |      51.04      
   15494     |      68.25       |      53.48      
   15495     |      69.44       |      23.89      
   15496     |      68.91       |      16.76      
   15497     |      74.33       |       8.39      
   15498     |      74.91       |      10.75      
   15499     |      76.81       |       6.64      
   15500     |      69.79       |      19.73      
   15501     |      70.38       |      12.08      
   15502     |      59.99       |      21.12      
   15503     |      65.29       |      18.39      
   15504     |      83.42       |      21.51      
   15505     |      83.70       |      22.59      
   15506     |      79.06       |      31.46      
   15507     |      72.56       |      21.41      
   15508     |      79.98       |      23.10      
   15509     |      75.68       |      20.05      
   15510     |      71.30       |      32.12      
   15511     |      75.54       |      38.28      
   15512     |      78.31       |      30.28      
   15513     |      78.58       |      30.31      
   15514     |      76.60       |      51.69      
   15515     |      69.39       |      48.27      
   15516     |      64.33       |      43.89      
   15517     |      48.08       |      44.36      
   15518     |      56.94       |      46.58      
   15519     |      61.86       |      42.48      
   15520     |      79.77       |      50.49      
   15521     |      81.72       |      42.70      
   15522     |      82.32       |      55.26      
   15523     |      77.04       |      34.10      
   15524     |      82.24       |      47.04      
   15525     |      83.27       |      47.54      
   15526     |      86.09       |      32.48      
   15545     |      86.52       |      31.28      
   15546     |      80.00       |      35.92      
   15547     |      86.75       |      47.70      
   15548     |      87.25       |      44.36      
   15549     |      76.91       |      21.65      
   15550     |      78.37       |       9.08      
   15551     |      78.20       |       8.69      
   15552     |      81.17       |       5.13      
   15553     |      87.62       |      16.08      
   15554     |      86.06       |      24.14      
   15555     |      78.83       |      12.01      
   15556     |      84.85       |      15.76      
   15557     |      71.85       |      17.80      
   15558     |      78.09       |      10.46      
   15559     |      68.71       |      12.31      
   15560     |      65.55       |      16.53      
   15561     |      71.42       |      19.68      
   15562     |      73.48       |      21.33      
   15563     |      72.91       |      20.98      
   15564     |      71.94       |      16.43      
   15565     |      74.18       |      24.85      
   15566     |      70.40       |      35.19      
   15567     |      69.75       |      39.88      
   15568     |      73.94       |      53.64      
   15569     |      73.67       |      52.74      
   15570     |      75.34       |      54.27      
   15571     |      69.78       |      52.63      
   15572     |      64.12       |      45.44      
   15573     |      63.42       |      45.39      
   15574     |      61.03       |      41.74      
   15575     |      63.68       |      33.49      
   15576     |      77.43       |      36.34      
   15577     |      82.88       |      45.68      
   15578     |      78.84       |      44.16      
   15579     |      79.18       |      55.46      
   15580     |      76.48       |      36.52      
   15581     |      89.93       |      50.07      
   15582     |      88.91       |      30.98      
   15584     |      76.90       |      48.58      
   15585     |      71.15       |      43.12      
   15603     |      73.14       |      29.11      
   15604     |      84.57       |      41.08      
   15605     |      83.78       |      36.49      
   15606     |      88.14       |      42.58      
   15607     |      86.51       |      47.42      
   15608     |      87.85       |      46.27      
   15609     |      87.83       |      46.65      
   15610     |      77.27       |      31.33      
   15611     |      75.64       |      21.44      
   15612     |      79.96       |      14.76      
   15613     |      79.30       |      12.60      
   15614     |      77.37       |      21.49      
   15615     |      75.75       |      17.77      
   15616     |      77.59       |      21.27      
   15617     |      83.82       |      32.23      
   15618     |      81.80       |      28.64      
   15619     |      78.26       |      38.58      
   15620     |      78.10       |      38.13      
   15621     |      76.27       |      50.25      
   15622     |      68.50       |      43.74      
   15623     |      72.01       |      32.81      
   15624     |      68.46       |      25.96      
   15625     |      71.84       |      12.85      
   15626     |      69.97       |      15.09      
   15627     |      70.62       |      13.03      
   15628     |      71.35       |      11.82      
   15629     |      70.50       |      10.78      
   15630     |      67.87       |      15.40      
   15631     |      62.94       |      17.81      
   15632     |      71.32       |      18.77      
   15633     |      71.61       |      18.97      
   15634     |      68.94       |      21.98      
   15635     |      73.41       |      36.45      
   15636     |      69.19       |      33.27      
   15637     |      73.89       |      53.99      
   15638     |      73.12       |      32.26      
   15639     |      71.18       |      30.62      
   15640     |      77.09       |      53.35      
   15641     |      75.09       |      40.19      
   15642     |      70.53       |      23.90      
   15643     |      82.50       |      48.90      
   15644     |      84.32       |      50.99      
   15662     |      70.95       |      58.36      
   15663     |      74.80       |       8.48      
   15664     |      74.71       |       8.17      
   15665     |      64.17       |      31.08      
   15666     |      65.77       |      38.53      
   15667     |      79.86       |      42.01      
   15668     |      84.38       |      34.42      
   15669     |      89.17       |      46.66      
   15670     |      69.47       |      30.49      
   15671     |      75.23       |       9.25      
   15672     |      78.94       |      17.00      
   15673     |      80.02       |      21.96      
   15674     |      79.36       |      20.51      
   15675     |      70.12       |      29.93      
   15676     |      70.97       |      43.65      
   15677     |      66.85       |      38.99      
   15678     |      73.68       |      23.02      
   15679     |      76.17       |      12.75      
   15680     |      76.46       |      13.40      
   15681     |      79.47       |       2.58      
   15682     |      68.46       |      15.48      
   15683     |      68.75       |      13.30      
   15684     |      79.12       |      10.44      
   15685     |      79.66       |      17.96      
   15686     |      81.35       |      21.11      
   15687     |      72.54       |      26.63      
   15688     |      79.08       |      31.47      
   15689     |      72.30       |      21.63      
   15690     |      70.07       |      16.95      
   15691     |      79.73       |      16.04      
   15692     |      81.12       |      48.87      
   15693     |      82.61       |      57.14      
   15694     |      79.15       |      52.18      
   15695     |      81.61       |      41.10      
   15696     |      79.86       |      32.68      
   15697     |      71.27       |      28.26      
   15698     |      70.36       |      37.37      
   15699     |      73.62       |      47.22      
   15700     |      75.34       |      49.03      
   15701     |      76.08       |      53.22      
   15702     |      65.80       |      39.05      
   15703     |      77.62       |      48.81      
   15704     |      80.24       |      37.00      
   15723     |      70.29       |      58.25      
   15724     |      64.60       |      50.23      
   15725     |      78.91       |      45.32      
   15726     |      78.84       |      42.66      
   15727     |      82.98       |      43.21      
   15728     |      83.33       |      44.47      
   15729     |      63.59       |      34.51      
   15730     |      73.99       |      16.24      
   15731     |      87.09       |      22.19      
   15732     |      82.60       |      12.30      
   15733     |      88.67       |      17.86      
   15734     |      88.61       |      18.34      
   15735     |      83.05       |      11.77      
   15736     |      71.65       |      19.90      
   15737     |      67.68       |      28.23      
   15738     |      70.23       |      42.77      
   15739     |      71.74       |      40.37      
   15740     |      75.12       |      31.64      
   15741     |      76.85       |      13.54      
   15742     |      73.44       |      15.14      
   15743     |      77.97       |      10.57      
   15744     |      69.86       |      11.80      
   15745     |      71.57       |      12.08      
   15746     |      72.91       |       7.94      
   15747     |      66.96       |      13.91      
   15748     |      72.69       |      16.64      
   15749     |      82.16       |      20.38      
   15750     |      82.10       |      26.90      
   15751     |      80.67       |      25.66      
   15752     |      77.95       |      25.72      
   15753     |      70.76       |      16.31      
   15754     |      77.44       |      31.90      
   15755     |      80.94       |      37.64      
   15756     |      83.04       |      34.30      
   15757     |      81.10       |      32.38      
   15758     |      75.91       |      43.74      
   15759     |      81.92       |      49.04      
   15760     |      81.99       |      49.56      
   15761     |      74.89       |      32.81      
   15762     |      83.64       |      46.98      
   15763     |      81.57       |      41.72      
   15764     |      77.86       |      48.39      
   15765     |      78.20       |      49.56      
   15766     |      82.52       |      52.07      
   15785     |      78.44       |      40.75      
   15786     |      58.95       |      47.31      
   15787     |      57.25       |      28.63      
   15788     |      65.82       |      33.54      
   15789     |      71.72       |      10.37      
   15791     |      78.58       |      42.47      
   15792     |      79.75       |      45.85      
   15793     |      84.66       |      44.91      
   15794     |      86.05       |      42.48      
   15795     |      68.86       |      28.32      
   15796     |      69.04       |      26.00      
   15797     |      61.17       |      31.07      
   15798     |      61.58       |      31.04      
   15799     |      62.79       |      27.19      
   15800     |      75.06       |      29.50      
   15801     |      78.39       |      21.79      
   15802     |      84.57       |      29.92      
   15804     |      82.31       |      15.39      
   15805     |      77.13       |      33.46      
   15806     |      64.94       |      23.83      
   15807     |      73.44       |      12.93      
   15808     |      67.96       |      14.86      
   15809     |      60.54       |      25.35      
   15810     |      72.70       |      14.56      
   15811     |      73.87       |      11.78      
   15812     |      74.92       |      25.73      
   15813     |      67.75       |      17.81      
   15814     |      72.79       |      30.08      
   15815     |      85.10       |      33.07      
   15816     |      82.62       |      49.61      
   15817     |      77.88       |      32.90      
   15818     |      79.95       |      30.74      
   15819     |      82.58       |      33.09      
   15820     |      89.13       |      45.71      
   15822     |      88.29       |      55.93      
   15823     |      77.47       |      46.69      
   15824     |      73.90       |      37.98      
   15825     |      86.53       |      43.24      
   15826     |      85.45       |      39.30      
   15843     |      84.95       |      50.14      
   15844     |      74.22       |      36.24      
   15845     |      85.23       |      32.83      
   15846     |      68.23       |      37.10      
   15847     |      70.76       |      54.16      
   15848     |      66.52       |      32.21      
   15849     |      66.39       |      31.68      
   15850     |      72.81       |      36.55      
   15851     |      75.02       |      22.76      
   15852     |      56.92       |      33.72      
   15853     |      59.64       |      36.68      
   15854     |      76.06       |      22.07      
   15855     |      76.23       |      13.57      
   15857     |      83.16       |      20.26      
   15858     |      81.10       |      42.48      
   15859     |      80.59       |      41.91      
   15860     |      79.42       |      30.69      
   15861     |      64.52       |      27.80      
   15862     |      67.31       |      21.81      
   15863     |      67.96       |      14.88      
   15864     |      73.92       |      10.65      
   15865     |      69.13       |      11.65      
   15866     |      67.66       |      14.45      
   15867     |      57.85       |      22.98      
   15868     |      61.44       |      22.38      
   15869     |      55.63       |      26.22      
   15870     |      68.77       |      32.42      
   15871     |      76.41       |      23.67      
   15872     |      76.21       |      30.92      
   15873     |      81.38       |      32.19      
   15874     |      76.76       |      26.69      
   15875     |      67.15       |      18.63      
   15876     |      77.23       |      27.07      
   15877     |      81.30       |      31.44      
   15878     |      84.61       |      43.09      
   15879     |      88.43       |      45.27      
   15880     |      86.61       |      39.84      
   15881     |      84.79       |      39.14      
   15882     |      79.09       |      30.02      
   15883     |      78.54       |      34.69      
   15884     |      79.02       |      36.01      
   15903     |      71.13       |      36.12      
   15904     |      68.79       |      32.42      
   15905     |      79.09       |      39.15      
   15906     |      84.35       |      31.78      
   15907     |      60.77       |      40.13      
   15908     |      66.08       |      16.93      
   15909     |      65.70       |      22.80      
   15910     |      62.49       |      37.09      
   15911     |      63.25       |      36.23      
   15912     |      62.92       |      35.45      
   15913     |      63.54       |      35.54      
   15914     |      62.00       |      33.25      
   15915     |      71.82       |      14.54      
   15916     |      80.65       |      34.01      
   15917     |      85.14       |      29.75      
   15918     |      80.90       |       6.00      
   15919     |      78.56       |       5.20      
   15920     |      83.73       |      19.96      
   15921     |      74.30       |      11.36      
   15922     |      75.20       |      36.26      
   15923     |      68.19       |      45.58      
   15924     |      66.00       |      26.73      
   15925     |      68.47       |      29.20      
   15926     |      68.49       |      22.09      
   15927     |      68.66       |      21.74      
   15928     |      68.36       |      14.44      
   15929     |      68.39       |      14.58      
   15930     |      70.73       |      13.04      
   15931     |      77.71       |       5.05      
   15932     |      74.50       |      11.04      
   15933     |      70.70       |      15.40      
   15934     |      67.73       |      26.38      
   15935     |      72.03       |      33.98      
   15936     |      71.16       |      36.02      
   15937     |      68.64       |      32.21      
   15938     |      67.54       |      25.83      
   15939     |      70.86       |      27.39      
   15940     |      71.03       |      40.21      
   15941     |      81.77       |      45.85      
   15942     |      82.62       |      49.60      
   15943     |      85.40       |      35.21      
   15947     |      84.49       |      29.71      
   15948     |      83.62       |      35.26      
   15949     |      82.34       |      34.21      
   15950     |      83.64       |      18.44      
   15955     |      81.35       |      25.83      
   15956     |      86.18       |      50.12      
   15957     |      84.61       |      41.54      
   15980     |      64.35       |      52.91      
   15981     |      63.47       |      50.73      
   15982     |      73.51       |      44.75      
   15983     |      77.91       |      32.75      
   15984     |      68.65       |      30.54      
   15985     |      65.11       |      38.65      
   15986     |      66.11       |      52.29      
   15987     |      65.32       |      41.69      
   15988     |      65.92       |      41.00      
   15989     |      59.27       |      23.12      
   15990     |      58.64       |      22.74      
   15991     |      58.95       |      23.81      
   15992     |      60.20       |      47.77      
   15993     |      69.93       |      34.67      
   15994     |      72.31       |      30.32      
   15995     |      70.34       |      18.95      
   15996     |      74.84       |      19.29      
   15997     |      67.01       |      22.33      
   15998     |      68.55       |      14.40      
   15999     |      65.78       |      15.51      
   16000     |      71.31       |       9.57      
   16001     |      82.07       |       7.03      
   16002     |      86.73       |      19.64      
   16003     |      64.82       |      30.48      
   16004     |      65.47       |      23.05      
   16005     |      68.66       |      37.74      
   16006     |      70.73       |      18.50      
   16007     |      56.87       |      34.99      
   16008     |      68.37       |      37.29      
   16009     |      75.06       |      40.98      
   16012     |      78.47       |      18.63      
   16013     |      75.53       |      21.81      
   16014     |      83.59       |      47.35      
   16016     |      82.66       |      44.44      
   16037     |      68.00       |      50.63      
   16038     |      67.26       |      40.61      
   16039     |      68.55       |      39.22      
   16040     |      67.50       |      43.02      
   16041     |      62.37       |      34.87      
   16042     |      62.56       |      37.56      
   16043     |      65.70       |      45.32      
   16044     |      65.66       |      52.75      
   16045     |      69.82       |      58.04      
   16046     |      66.34       |      45.00      
   16047     |      67.55       |      41.02      
   16048     |      65.25       |      37.81      
   16049     |      53.26       |      43.15      
   16050     |      55.83       |      25.93      
   16051     |      56.56       |      25.79      
   16052     |      64.66       |      28.69      
   16053     |      62.18       |      36.62      
   16054     |      64.80       |      31.74      
   16055     |      64.80       |      35.03      
   16056     |      62.44       |      34.52      
   16057     |      55.91       |      29.73      
   16058     |      58.22       |      23.29      
   16059     |      63.34       |      24.89      
   16060     |      65.58       |      37.67      
   16061     |      65.06       |      37.79      
   16062     |      65.28       |      24.68      
   16063     |      65.82       |      24.17      
   16064     |      65.70       |      15.32      
   16065     |      59.73       |      22.11      
   16066     |      57.29       |      23.86      
   16067     |      63.80       |      17.46      
   16068     |      62.42       |      19.25      
   16069     |      57.06       |      24.70      
   16070     |      66.87       |      29.87      
   16071     |      67.09       |      30.34      
   16072     |      70.37       |      25.73      
   16073     |      63.92       |      24.92      
   16074     |      62.06       |      38.78      
   16075     |      57.81       |      31.94      
   16076     |      67.86       |      37.44      
   16077     |      76.17       |      40.65      
   16078     |      76.39       |      38.48      
   16079     |      76.28       |      38.44      
   16080     |      79.50       |      27.32      
   16083     |      87.45       |      39.42      
   16084     |      78.81       |      38.51      
   16085     |      84.18       |      45.06      
   16086     |      88.25       |      58.40      
   16087     |      89.47       |      42.15      
   16088     |      78.62       |      46.36      
   16089     |      79.72       |      38.58      
   16090     |      74.76       |      26.16      
   16091     |      86.13       |      35.14      
   16102     |      74.12       |      42.64      
   16103     |      70.05       |      40.03      
   16104     |      71.03       |      28.67      
   16105     |      62.90       |      25.86      
   16106     |      62.66       |      29.48      
   16107     |      65.71       |      37.64      
   16108     |      65.73       |      37.59      
   16109     |      64.36       |      32.35      
   16110     |      62.38       |      26.49      
   16111     |      69.39       |      41.37      
   16112     |      68.60       |      36.70      
   16113     |      66.50       |      47.75      
   16114     |      65.01       |      37.94      
   16115     |      50.04       |      34.70      
   16116     |      53.75       |      33.85      
   16117     |      59.34       |      21.61      
   16118     |      56.10       |      25.06      
   16119     |      49.09       |      31.95      
   16120     |      47.98       |      34.08      
   16121     |      47.24       |      33.74      
   16122     |      51.66       |      32.33      
   16123     |      66.03       |      31.59      
   16124     |      60.24       |      35.50      
   16125     |      60.07       |      34.89      
   16126     |      60.07       |      34.98      
   16127     |      68.09       |      34.75      
   16128     |      67.07       |      24.31      
   16129     |      69.28       |      34.44      
   16134     |      76.78       |      30.23      
   16135     |      67.94       |      25.14      
   16136     |      68.60       |      36.92      
   16138     |      89.81       |      42.54      
   16139     |      87.47       |      51.66      
   16140     |      76.80       |      24.49      
   16141     |      78.15       |      31.30      
   16159     |      64.58       |      47.39      
   16160     |      72.05       |      39.97      
   16161     |      69.40       |      38.06      
   16162     |      58.88       |      35.49      
   16163     |      64.94       |      38.95      
   16164     |      68.42       |      48.10      
   16165     |      72.30       |      33.86      
   16166     |      47.70       |      52.53      
   16167     |      48.02       |      53.94      
   16168     |      52.75       |      56.95      
   16169     |      52.85       |      38.68      
   16170     |      54.04       |      42.16      
   16171     |      53.94       |      33.51      
   16172     |      49.61       |      43.69      
   16173     |      68.54       |      33.04      
   16174     |      70.19       |      35.36      
   16175     |      69.33       |      30.58      
   16176     |      69.18       |      30.46      
   16177     |      68.84       |      19.83      
   16178     |      44.34       |      39.73      
   16179     |      52.12       |      29.17      
   16180     |      52.92       |      28.29      
   16181     |      56.03       |      27.32      
   16182     |      66.13       |      31.94      
   16183     |      65.65       |      31.97      
   16184     |      65.98       |      33.12      
   16185     |      59.34       |      40.62      
   16186     |      66.96       |      28.70      
   16187     |      63.01       |      29.28      
   16188     |      63.51       |      34.46      
   16189     |      61.39       |      32.02      
   16190     |      72.71       |      33.39      
   16191     |      76.01       |      38.67      
   16192     |      76.00       |      38.72      
   16193     |      69.75       |      29.17      
   16194     |      74.55       |      30.19      
   16195     |      75.10       |      32.30      
   16198     |      64.38       |      46.42      
   16199     |      65.55       |      50.81      
   16200     |      81.34       |      46.36      
   16201     |      86.76       |      52.02      
   16202     |      86.08       |      53.59      
   16203     |      80.50       |      38.30      
   16204     |      80.37       |      32.19      
   16219     |      58.69       |      40.55      
   16220     |      54.95       |      49.69      
   16221     |      58.32       |      34.04      
   16222     |      60.57       |      35.94      
   16223     |      54.26       |      36.79      
   16224     |      59.76       |      44.55      
   16225     |      52.82       |      38.63      
   16226     |      52.46       |      46.83      
   16227     |      55.78       |      34.19      
   16228     |      56.49       |      30.38      
   16229     |      74.80       |      35.52      
   16230     |      76.18       |      37.06      
   16231     |      75.64       |      26.32      
   16232     |      59.53       |      35.62      
   16233     |      60.55       |      20.73      
   16234     |      60.67       |      20.98      
   16235     |      62.78       |      20.70      
   16236     |      57.55       |      27.29      
   16237     |      62.10       |      45.10      
   16238     |      59.11       |      44.34      
   16239     |      59.34       |      45.37      
   16240     |      52.23       |      31.07      
   16241     |      42.43       |      38.57      
   16242     |      44.25       |      36.79      
   16243     |      51.89       |      29.14      
   16244     |      47.36       |      33.84      
   16245     |      55.98       |      30.79      
   16246     |      67.70       |      30.33      
   16247     |      60.48       |      40.28      
   16248     |      55.61       |      34.53      
   16249     |      60.24       |      34.04      
   16250     |      62.06       |      30.39      
   16251     |      62.36       |      42.02      
   16252     |      59.74       |      38.68      
   16253     |      67.56       |      37.14      
   16254     |      71.87       |      43.20      
   16255     |      72.93       |      41.36      
   16256     |      78.47       |      43.13      
   16257     |      78.30       |      43.38      
   16258     |      75.74       |      41.83      
   16259     |      74.63       |      51.53      
   16260     |      66.74       |      43.61      
   16261     |      71.88       |      47.50      
   16262     |      70.63       |      49.48      
   16263     |      77.82       |      41.50      
   16282     |      70.20       |      50.04      
   16283     |      56.81       |      43.64      
   16284     |      64.23       |      38.68      
   16285     |      57.43       |      39.85      
   16286     |      57.74       |      46.89      
   16287     |      65.56       |      45.12      
   16288     |      66.55       |      31.16      
   16289     |      66.27       |      37.52      
   16290     |      65.75       |      23.30      
   16291     |      69.02       |      38.16      
   16292     |      69.50       |      48.11      
   16293     |      71.27       |      52.56      
   16294     |      68.37       |      20.01      
   16295     |      60.65       |      38.25      
   16296     |      53.37       |      36.36      
   16297     |      53.98       |      28.87      
   16298     |      51.74       |      30.15      
   16299     |      53.45       |      28.14      
   16300     |      57.56       |      27.31      
   16301     |      52.82       |      30.32      
   16302     |      54.64       |      33.48      
   16303     |      49.40       |      51.24      
   16304     |      50.04       |      51.21      
   16305     |      53.19       |      44.55      
   16306     |      50.71       |      32.44      
   16307     |      48.21       |      33.69      
   16308     |      46.89       |      36.91      
   16309     |      40.41       |      40.64      
   16310     |      40.38       |      40.66      
   16311     |      49.80       |      31.29      
   16312     |      46.61       |      35.77      
   16313     |      50.34       |      35.68      
   16314     |      52.93       |      28.23      
   16315     |      53.98       |      35.68      
   16316     |      66.90       |      42.91      
   16317     |      63.32       |      31.36      
   16318     |      59.54       |      30.67      
   16319     |      59.50       |      30.67      
   16320     |      63.05       |      35.14      
   16321     |      72.03       |      40.02      
   16322     |      56.37       |      47.91      
   16323     |      59.28       |      49.15      
   16324     |      62.16       |      53.47      
   16325     |      66.28       |      56.28      
   16326     |      62.47       |      40.07      
   16327     |      71.48       |      41.91      
   16328     |      71.66       |      50.55      
   16329     |      77.45       |      30.94      
   16339     |      68.29       |      48.44      
   16340     |      66.30       |      50.75      
   16341     |      61.39       |      50.58      
   16342     |      60.93       |      30.47      
   16343     |      67.16       |      30.99      
   16344     |      67.32       |      33.30      
   16345     |      62.06       |      30.92      
   16346     |      50.65       |      43.45      
   16347     |      59.02       |      48.40      
   16348     |      62.03       |      40.90      
   16349     |      62.88       |      37.55      
   16350     |      62.68       |      34.23      
   16351     |      68.05       |      41.63      
   16352     |      60.61       |      29.00      
   16353     |      60.43       |      28.97      
   16354     |      61.25       |      21.51      
   16355     |      52.76       |      30.43      
   16356     |      52.01       |      33.77      
   16357     |      57.93       |      45.38      
   16358     |      58.12       |      45.14      
   16363     |      48.52       |      33.43      
   16364     |      49.89       |      31.22      
   16365     |      49.76       |      31.93      
   16367     |      68.80       |      42.16      
   16368     |      67.08       |      30.78      
   16369     |      57.11       |      38.82      
   16370     |      72.91       |      44.20      
   16371     |      61.90       |      52.52      
   16372     |      71.35       |      39.83      
   16373     |      76.91       |      48.75      
   16374     |      77.97       |      41.41      
   16391     |      60.81       |      51.45      
   16392     |      56.11       |      42.60      
   16393     |      55.50       |      43.65      
   16394     |      64.19       |      50.57      
   16395     |      48.73       |      50.81      
   16396     |      57.12       |      33.94      
   16397     |      58.47       |      39.97      
   16398     |      53.92       |      47.50      
   16399     |      54.80       |      48.49      
   16400     |      70.05       |      24.46      
   16401     |      72.46       |      30.35      
   16402     |      66.98       |      49.05      
   16403     |      67.47       |      40.48      
   16404     |      69.52       |      19.62      
   16405     |      68.01       |      18.13      
   16406     |      66.44       |      14.77      
   16407     |      54.12       |      26.99      
   16417     |      55.53       |      35.66      
   16418     |      51.81       |      36.24      
   16419     |      55.38       |      39.76      
   16420     |      67.31       |      51.80      
   16421     |      64.46       |      44.72      
   16422     |      64.14       |      44.59      
   16423     |      55.95       |      53.37      
   16424     |      58.67       |      52.21      
   16425     |      82.21       |      40.03      
   16426     |      76.83       |      31.17      
   16427     |      73.78       |      39.32      
   16442     |      52.03       |      39.98      
   16443     |      52.53       |      52.57      
   16444     |      64.21       |      35.97      
   16445     |      64.49       |      35.06      
   16446     |      58.53       |      34.87      
   16447     |      52.14       |      48.53      
   16448     |      59.81       |      55.45      
   16449     |      57.49       |      40.70      
   16450     |      66.13       |      52.24      
   16451     |      62.48       |      34.37      
   16452     |      66.27       |      36.04      
   16453     |      59.60       |      33.85      
   16485     |      52.72       |      43.83      
   16486     |      56.05       |      52.39      
   16487     |      68.57       |      42.95      
   16488     |      64.61       |      55.18      
   16489     |      58.61       |      47.42      
   16490     |      77.66       |      44.79      
   16491     |      69.74       |      28.33      
   16492     |      71.87       |      40.16      
   16493     |      71.89       |      40.69      
   16508     |      64.75       |      45.55      
   16509     |      63.47       |      39.76      
   16510     |      58.13       |      39.42      
   16511     |      64.95       |      31.44      
   16539     |      59.81       |      55.52      
   16540     |      67.25       |      53.99      
   16541     |      68.79       |      28.53      
   16542     |      63.29       |      31.97      
   16543     |      72.01       |      39.82      
   16544     |      70.99       |      33.42      
   16545     |      75.69       |      41.39      
   16546     |      74.29       |      47.18      
   16547     |      70.37       |      40.52      
   16565     |      63.76       |      39.26      
   16566     |      44.21       |      42.83      
   16567     |      53.31       |      46.20      
   16568     |      55.01       |      49.90      
   16569     |      52.90       |      49.15      
   16570     |      52.36       |      39.29      
   16571     |      56.32       |      45.46      
   16572     |      61.56       |      30.08      
   16610     |      63.27       |      34.65      
   16611     |      72.89       |      36.41      
   16612     |      72.29       |      39.89      
   16613     |      62.40       |      32.13      
   16629     |      64.86       |      45.61      
   16630     |      56.69       |      39.97      
   16631     |      58.26       |      31.10      
   16632     |      59.39       |      30.99      
   16677     |      72.96       |      47.93      
   16678     |      65.77       |      47.07      
   16686     |      60.12       |      45.03      
   16687     |      62.02       |      54.03      
   16721     |      69.64       |      46.01      
   16736     |      57.43       |      48.31      
   16737     |      52.51       |      52.26      
