=== Visibility Analysis Summary ===
Total patches: 49152
Geometric visible: 2736 (5.6%)
Light illuminated: 1732 (63.3% of geometric)
Reflection conditions met: 2736 (100.0% of geometric)
Light unoccluded: 1732 (63.3% of geometric)
Final visible: 1732 (3.5% of total)
Visible area: 301.79 (3.8% of total area)

=== Detailed Visibility Information ===
Patch Index  | Incidence Angle  |  Viewing Angle  
-------------+------------------+-----------------
   27533     |      77.45       |      39.61      
   27535     |      76.84       |      32.45      
   27537     |      78.29       |      39.19      
   27538     |      83.41       |      49.94      
   27622     |      66.22       |      43.50      
   27623     |      66.29       |      43.66      
   27645     |      68.67       |      51.13      
   27646     |      82.43       |      37.14      
   27647     |      76.84       |      39.34      
   27648     |      70.72       |      34.94      
   27649     |      71.86       |      54.37      
   27650     |      66.68       |      48.32      
   27669     |      72.97       |      35.31      
   27670     |      74.06       |      42.17      
   27671     |      75.51       |      38.49      
   27672     |      78.22       |      50.12      
   27673     |      79.31       |      48.04      
   27709     |      71.20       |      34.62      
   27712     |      76.17       |      48.12      
   27713     |      75.61       |      38.86      
   27714     |      82.37       |      42.71      
   27715     |      84.29       |      51.14      
   27716     |      85.77       |      43.10      
   27717     |      84.07       |      41.26      
   27718     |      79.46       |      39.67      
   27719     |      81.29       |      36.33      
   27720     |      83.15       |      30.13      
   27721     |      75.50       |      28.42      
   27722     |      70.92       |      34.59      
   27757     |      71.03       |      42.90      
   27758     |      71.89       |      35.61      
   27759     |      73.74       |      34.81      
   27760     |      74.20       |      41.63      
   27764     |      67.38       |      42.10      
   27786     |      80.15       |      37.04      
   27787     |      81.09       |      33.11      
   27788     |      80.28       |      37.28      
   27789     |      74.38       |      32.83      
   27790     |      74.07       |      25.83      
   27791     |      70.33       |      30.54      
   27811     |      70.63       |      41.20      
   27812     |      72.01       |      37.99      
   27813     |      76.08       |      50.39      
   27814     |      81.40       |      38.97      
   27815     |      74.29       |      33.89      
   27816     |      73.26       |      37.74      
   27817     |      73.50       |      25.12      
   27818     |      67.76       |      36.83      
   27819     |      71.36       |      35.50      
   27820     |      70.96       |      37.31      
   27821     |      77.95       |      27.56      
   27822     |      78.43       |      41.00      
   27835     |      69.22       |      24.88      
   27836     |      74.20       |      21.07      
   27837     |      73.14       |      19.56      
   27839     |      73.78       |      26.50      
   27841     |      81.37       |      22.99      
   27842     |      69.83       |      29.10      
   27843     |      73.29       |      38.08      
   27845     |      73.86       |      29.79      
   27846     |      74.48       |      30.87      
   27847     |      73.32       |      33.03      
   27848     |      75.53       |      30.73      
   27849     |      75.18       |      28.54      
   27850     |      71.96       |      33.94      
   27851     |      79.05       |      38.02      
   27852     |      79.63       |      33.42      
   27853     |      74.92       |      39.07      
   27854     |      78.12       |      48.75      
   27855     |      80.23       |      40.30      
   27888     |      76.34       |      43.40      
   27889     |      80.73       |      39.52      
   27890     |      80.95       |      44.15      
   27891     |      77.99       |      39.41      
   27892     |      79.64       |      32.47      
   27893     |      63.99       |      41.01      
   27894     |      63.79       |      38.37      
   27895     |      63.77       |      38.35      
   27896     |      76.51       |      35.10      
   27897     |      76.12       |      36.83      
   27898     |      76.34       |      28.01      
   27899     |      75.44       |      44.48      
   27900     |      74.64       |      39.64      
   27901     |      71.56       |      26.70      
   27902     |      72.59       |      23.86      
   27903     |      71.22       |      22.37      
   27904     |      70.59       |      23.05      
   27907     |      81.07       |      11.15      
   27909     |      67.32       |      27.83      
   27911     |      82.30       |      22.98      
   27912     |      82.28       |      21.52      
   27913     |      78.91       |      22.41      
   27914     |      74.04       |      17.72      
   27915     |      77.52       |      40.53      
   27916     |      81.63       |      48.45      
   27917     |      86.40       |      34.56      
   27918     |      84.25       |      28.73      
   27919     |      74.80       |      22.83      
   27920     |      72.82       |      32.59      
   27921     |      82.26       |      25.48      
   27922     |      81.53       |      35.26      
   27923     |      78.61       |      33.59      
   27924     |      83.37       |      46.91      
   27925     |      82.27       |      49.68      
   27926     |      82.88       |      51.98      
   27927     |      72.41       |      40.39      
   27928     |      74.86       |      43.96      
   27929     |      75.24       |      43.99      
   27930     |      72.86       |      34.02      
   27931     |      69.33       |      28.69      
   27932     |      73.46       |      34.66      
   27933     |      74.98       |      39.94      
   27956     |      71.31       |      36.06      
   27957     |      69.60       |      39.70      
   27958     |      70.89       |      38.16      
   27959     |      70.91       |      38.25      
   27960     |      78.29       |      39.74      
   27961     |      83.07       |      39.95      
   27962     |      76.73       |      32.31      
   27963     |      76.84       |      31.66      
   27964     |      71.34       |      32.85      
   27965     |      71.02       |      26.59      
   27966     |      70.35       |      28.77      
   27967     |      77.57       |      34.73      
   27968     |      71.41       |      42.84      
   27969     |      71.61       |      43.39      
   27970     |      75.78       |      36.50      
   27971     |      75.99       |      39.11      
   27972     |      71.68       |      19.60      
   27973     |      78.27       |      31.32      
   27974     |      82.39       |      19.79      
   27975     |      85.69       |      31.79      
   27976     |      88.64       |       7.62      
   27977     |      82.91       |      13.39      
   27978     |      71.96       |      22.98      
   27979     |      71.57       |      24.27      
   27980     |      75.57       |      17.38      
   27981     |      75.63       |      26.06      
   27982     |      79.35       |      29.09      
   27983     |      80.31       |      18.86      
   27984     |      84.38       |      10.75      
   27985     |      89.66       |      26.19      
   27986     |      88.90       |      46.96      
   27987     |      86.00       |      33.42      
   27988     |      89.26       |      28.15      
   27989     |      82.45       |      17.65      
   27990     |      81.31       |      15.04      
   27991     |      80.09       |      20.41      
   27992     |      74.90       |      33.94      
   27993     |      71.94       |      43.71      
   27994     |      77.34       |      46.26      
   27995     |      80.22       |      41.09      
   27996     |      74.26       |      32.90      
   28027     |      83.57       |      43.01      
   28028     |      72.92       |      34.13      
   28029     |      74.28       |      39.92      
   28030     |      74.33       |      39.61      
   28031     |      64.07       |      35.63      
   28032     |      65.77       |      32.92      
   28033     |      70.65       |      34.96      
   28034     |      77.35       |      34.66      
   28035     |      76.93       |      32.40      
   28036     |      67.81       |      30.04      
   28037     |      65.60       |      26.32      
   28038     |      84.45       |      19.49      
   28039     |      86.01       |      11.82      
   28040     |      87.28       |       6.72      
   28041     |      75.53       |      16.84      
   28042     |      73.82       |      20.51      
   28043     |      70.19       |      24.13      
   28044     |      59.88       |      41.10      
   28045     |      67.47       |      39.91      
   28046     |      77.30       |      19.61      
   28047     |      78.61       |      27.80      
   28050     |      82.62       |      17.01      
   28051     |      86.23       |      16.55      
   28052     |      86.17       |      14.55      
   28053     |      84.33       |      17.03      
   28054     |      86.58       |      36.82      
   28055     |      88.93       |      33.55      
   28056     |      89.06       |      28.32      
   28057     |      85.63       |      33.88      
   28058     |      83.77       |      23.73      
   28059     |      77.42       |      30.23      
   28060     |      73.01       |      50.76      
   28061     |      73.93       |      49.52      
   28062     |      77.16       |      54.86      
   28063     |      79.55       |      47.10      
   28064     |      73.44       |      32.56      
   28065     |      73.39       |      36.88      
   28066     |      78.81       |      43.74      
   28067     |      69.60       |      33.11      
   28068     |      69.85       |      27.57      
   28069     |      74.99       |      32.73      
   28098     |      80.17       |      35.48      
   28099     |      80.25       |      35.34      
   28100     |      75.42       |      32.93      
   28101     |      77.68       |      40.30      
   28102     |      76.76       |      44.72      
   28103     |      75.70       |      40.69      
   28104     |      75.38       |      42.02      
   28105     |      74.91       |      32.14      
   28106     |      72.85       |      39.55      
   28107     |      72.58       |      42.82      
   28108     |      64.98       |      29.86      
   28109     |      62.29       |      36.39      
   28110     |      66.47       |      38.16      
   28111     |      66.64       |      42.14      
   28112     |      75.49       |      36.39      
   28113     |      77.12       |      31.98      
   28114     |      72.86       |      27.29      
   28115     |      72.74       |      27.52      
   28116     |      73.57       |      17.56      
   28117     |      76.78       |      14.85      
   28118     |      76.76       |      15.00      
   28119     |      87.78       |      12.95      
   28120     |      77.16       |      13.96      
   28121     |      78.40       |      13.49      
   28122     |      73.00       |      18.15      
   28123     |      77.58       |      14.86      
   28124     |      78.13       |      16.90      
   28125     |      78.44       |      16.33      
   28126     |      77.16       |      15.02      
   28127     |      72.49       |      22.43      
   28128     |      76.96       |      23.67      
   28129     |      77.17       |      16.16      
   28130     |      62.35       |      44.33      
   28131     |      77.49       |      20.92      
   28132     |      79.19       |      23.15      
   28133     |      77.06       |      21.16      
   28134     |      70.04       |      35.74      
   28135     |      82.02       |      54.59      
   28136     |      81.18       |      49.10      
   28137     |      67.33       |      38.17      
   28138     |      67.20       |      36.54      
   28139     |      74.64       |      37.76      
   28140     |      80.89       |      30.07      
   28141     |      83.56       |      24.57      
   28174     |      79.95       |      38.90      
   28175     |      74.64       |      34.85      
   28176     |      72.56       |      42.82      
   28177     |      63.04       |      34.75      
   28178     |      81.27       |      31.49      
   28179     |      79.17       |      40.63      
   28180     |      78.07       |      34.93      
   28181     |      73.81       |      17.21      
   28182     |      74.74       |      16.53      
   28183     |      75.45       |      16.42      
   28184     |      73.98       |      21.89      
   28185     |      78.17       |      17.01      
   28186     |      78.45       |      13.00      
   28187     |      75.54       |      15.50      
   28188     |      77.79       |      44.04      
   28189     |      80.98       |      41.67      
   28190     |      79.89       |      27.83      
   28191     |      84.99       |      35.74      
   28192     |      83.14       |      41.25      
   28193     |      83.96       |      30.56      
   28194     |      76.14       |      39.05      
   28195     |      77.44       |      35.15      
   28196     |      76.20       |      31.47      
   28197     |      80.73       |      23.81      
   28198     |      81.18       |      26.66      
   28200     |      87.13       |      36.40      
   28201     |      74.57       |      26.36      
   28202     |      75.87       |      30.14      
   28203     |      71.59       |      22.73      
   28204     |      69.95       |      35.97      
   28205     |      84.40       |      47.97      
   28206     |      69.75       |      44.08      
   28207     |      66.99       |      37.12      
   28208     |      61.33       |      51.25      
   28240     |      82.16       |      44.51      
   28241     |      82.33       |      43.63      
   28242     |      75.45       |      44.51      
   28243     |      68.67       |      45.53      
   28244     |      71.93       |      40.73      
   28245     |      75.32       |      39.78      
   28246     |      75.28       |      41.08      
   28247     |      78.19       |      27.66      
   28248     |      77.75       |      29.16      
   28249     |      79.12       |      32.03      
   28250     |      70.87       |      39.42      
   28251     |      72.44       |      27.30      
   28252     |      71.93       |      21.50      
   28253     |      75.40       |      16.10      
   28254     |      76.56       |      14.61      
   28255     |      68.56       |      25.51      
   28256     |      80.36       |      12.81      
   28257     |      77.37       |      23.05      
   28258     |      81.76       |      12.94      
   28259     |      83.33       |      16.31      
   28260     |      74.24       |      39.66      
   28261     |      75.76       |      37.40      
   28262     |      76.99       |      26.66      
   28263     |      76.72       |      30.94      
   28264     |      79.96       |      25.11      
   28265     |      74.32       |      24.14      
   28266     |      74.17       |      27.10      
   28267     |      74.61       |      34.66      
   28268     |      78.13       |      27.92      
   28269     |      76.40       |      17.36      
   28270     |      67.86       |      37.24      
   28271     |      67.72       |      44.01      
   28272     |      67.70       |      44.04      
   28273     |      74.56       |      38.04      
   28297     |      76.86       |      39.96      
   28298     |      81.92       |      44.01      
   28299     |      80.72       |      35.54      
   28300     |      75.56       |      44.05      
   28301     |      67.88       |      37.97      
   28302     |      67.23       |      47.27      
   28303     |      68.57       |      49.37      
   28304     |      68.76       |      45.61      
   28305     |      68.29       |      41.73      
   28306     |      68.96       |      41.04      
   28307     |      67.58       |      40.49      
   28308     |      78.18       |      38.67      
   28309     |      82.75       |      25.40      
   28310     |      78.15       |      22.51      
   28311     |      77.24       |      26.46      
   28312     |      77.08       |      29.72      
   28313     |      76.37       |      40.59      
   28314     |      81.72       |      33.60      
   28315     |      81.40       |      38.84      
   28316     |      81.37       |      17.94      
   28317     |      77.28       |      28.14      
   28318     |      74.11       |      16.86      
   28319     |      71.17       |      22.22      
   28320     |      70.51       |      20.35      
   28321     |      70.02       |      20.94      
   28322     |      71.99       |      18.83      
   28323     |      75.05       |      16.81      
   28324     |      69.73       |      22.40      
   28325     |      81.52       |      18.07      
   28326     |      75.41       |      18.85      
   28327     |      76.61       |      16.99      
   28328     |      80.38       |      16.05      
   28329     |      82.51       |      43.83      
   28330     |      81.20       |      37.03      
   28331     |      73.74       |      31.67      
   28332     |      73.73       |      27.51      
   28333     |      71.47       |      33.79      
   28334     |      66.80       |      26.48      
   28335     |      62.55       |      35.19      
   28336     |      63.37       |      39.68      
   28337     |      71.70       |      33.38      
   28338     |      70.39       |      27.94      
   28339     |      75.96       |      33.81      
   28340     |      80.30       |      15.63      
   28341     |      82.68       |      23.73      
   28342     |      85.73       |      26.48      
   28343     |      87.27       |      36.75      
   28344     |      81.79       |      48.72      
   28345     |      75.73       |      39.15      
   28346     |      75.53       |      39.06      
   28347     |      73.45       |      32.72      
   28348     |      74.50       |      36.64      
   28349     |      69.29       |      42.99      
   28350     |      77.07       |      36.81      
   28380     |      72.74       |      42.06      
   28381     |      68.96       |      46.09      
   28382     |      72.99       |      39.00      
   28383     |      74.10       |      39.32      
   28384     |      72.62       |      28.66      
   28385     |      75.19       |      28.79      
   28386     |      80.59       |      12.96      
   28387     |      81.36       |      29.33      
   28388     |      78.74       |      32.29      
   28389     |      88.15       |      33.73      
   28390     |      77.88       |      14.41      
   28391     |      76.72       |      14.16      
   28392     |      76.99       |      16.16      
   28393     |      75.59       |      17.93      
   28394     |      83.89       |       9.48      
   28395     |      76.64       |      15.76      
   28396     |      75.51       |      18.94      
   28397     |      70.68       |      21.08      
   28398     |      71.45       |      25.67      
   28399     |      71.52       |      25.56      
   28400     |      72.07       |      21.94      
   28401     |      77.48       |      31.01      
   28402     |      85.67       |      35.99      
   28403     |      66.79       |      46.37      
   28404     |      66.92       |      28.43      
   28405     |      69.61       |      30.43      
   28406     |      70.95       |      28.40      
   28407     |      73.77       |      32.86      
   28408     |      68.52       |      42.97      
   28409     |      70.75       |      49.31      
   28410     |      76.97       |      36.64      
   28434     |      72.92       |      43.90      
   28435     |      70.08       |      44.36      
   28436     |      70.48       |      45.06      
   28437     |      78.36       |      36.06      
   28438     |      77.19       |      44.00      
   28439     |      84.16       |      35.04      
   28440     |      78.91       |      35.50      
   28441     |      80.62       |      30.51      
   28442     |      79.68       |      27.05      
   28443     |      83.35       |      22.27      
   28444     |      83.43       |      30.85      
   28445     |      89.30       |      21.56      
   28446     |      79.78       |      36.40      
   28447     |      84.61       |      26.66      
   28448     |      84.49       |      26.37      
   28449     |      88.51       |      14.99      
   28450     |      76.17       |      14.70      
   28451     |      77.59       |      14.01      
   28452     |      77.15       |      16.28      
   28453     |      74.65       |      19.40      
   28454     |      73.49       |      17.51      
   28455     |      81.32       |      31.30      
   28456     |      75.14       |      39.32      
   28457     |      71.65       |      32.02      
   28458     |      71.65       |      32.04      
   28459     |      62.60       |      34.45      
   28460     |      62.48       |      31.36      
   28461     |      77.43       |      27.56      
   28462     |      75.75       |      43.51      
   28463     |      69.15       |      38.24      
   28464     |      69.98       |      39.82      
   28465     |      62.84       |      38.02      
   28466     |      73.19       |      31.31      
   28467     |      75.30       |      35.23      
   28468     |      74.82       |      26.22      
   28469     |      71.18       |      25.26      
   28470     |      71.21       |      35.68      
   28471     |      76.27       |      38.64      
   28472     |      75.67       |      41.37      
   28473     |      74.92       |      40.28      
   28474     |      81.67       |      29.00      
   28475     |      82.58       |      35.84      
   28476     |      68.39       |      30.21      
   28477     |      68.27       |      29.90      
   28478     |      65.38       |      50.27      
   28479     |      82.74       |      55.87      
   28480     |      76.28       |      39.86      
   28506     |      75.54       |      34.70      
   28507     |      69.77       |      44.45      
   28508     |      70.98       |      33.00      
   28509     |      84.63       |      35.42      
   28510     |      82.74       |      48.30      
   28511     |      82.02       |      49.13      
   28512     |      85.55       |      35.70      
   28513     |      81.32       |      38.21      
   28514     |      81.34       |      38.02      
   28515     |      84.74       |      25.97      
   28516     |      83.87       |      28.98      
   28517     |      86.62       |      26.30      
   28518     |      86.24       |      21.83      
   28519     |      80.63       |      30.14      
   28520     |      76.27       |      37.16      
   28521     |      74.24       |      33.99      
   28522     |      83.21       |      27.33      
   28523     |      82.24       |      18.58      
   28524     |      83.00       |      17.27      
   28525     |      82.63       |       9.70      
   28526     |      75.85       |      18.08      
   28527     |      71.09       |      19.74      
   28528     |      67.46       |      24.61      
   28529     |      69.15       |      23.82      
   28530     |      69.39       |      27.13      
   28531     |      75.59       |      15.85      
   28532     |      71.02       |      25.99      
   28533     |      71.53       |      26.49      
   28534     |      71.79       |      37.72      
   28535     |      67.72       |      37.96      
   28536     |      66.20       |      35.84      
   28537     |      65.19       |      36.24      
   28538     |      64.08       |      35.95      
   28539     |      60.99       |      46.18      
   28540     |      59.10       |      44.41      
   28541     |      69.21       |      31.30      
   28542     |      63.30       |      37.83      
   28543     |      67.72       |      42.10      
   28544     |      74.70       |      35.16      
   28545     |      74.36       |      34.77      
   28546     |      83.98       |      22.50      
   28547     |      80.24       |      35.77      
   28548     |      88.05       |      30.64      
   28549     |      89.32       |      32.36      
   28573     |      72.76       |      50.57      
   28574     |      70.74       |      45.49      
   28575     |      84.48       |      35.48      
   28576     |      81.05       |      39.26      
   28577     |      77.28       |      49.32      
   28578     |      78.91       |      39.22      
   28579     |      80.04       |      37.36      
   28580     |      88.91       |      33.31      
   28581     |      89.34       |      27.77      
   28582     |      79.80       |      29.42      
   28583     |      80.04       |      25.52      
   28584     |      80.73       |      24.30      
   28585     |      78.77       |      34.16      
   28586     |      80.15       |      33.02      
   28587     |      81.29       |      38.22      
   28588     |      75.87       |      25.80      
   28589     |      79.28       |      11.41      
   28590     |      72.51       |      18.36      
   28591     |      71.73       |      20.92      
   28592     |      74.66       |      23.50      
   28593     |      73.14       |      21.98      
   28594     |      78.12       |      13.16      
   28595     |      65.88       |      34.91      
   28596     |      69.66       |      42.90      
   28597     |      73.46       |      32.90      
   28598     |      73.30       |      31.29      
   28599     |      69.15       |      26.86      
   28600     |      66.39       |      38.57      
   28601     |      69.82       |      31.27      
   28602     |      86.62       |      29.63      
   28603     |      88.98       |      36.88      
   28604     |      64.03       |      29.88      
   28605     |      64.95       |      44.98      
   28606     |      66.39       |      45.19      
   28607     |      76.28       |      53.99      
   28608     |      89.28       |      32.64      
   28609     |      83.56       |      15.53      
   28610     |      80.76       |      13.60      
   28611     |      77.92       |      19.81      
   28612     |      81.98       |      36.59      
   28613     |      77.94       |      44.24      
   28614     |      83.39       |      57.95      
   28615     |      85.06       |      55.85      
   28616     |      84.12       |      39.65      
   28637     |      74.46       |      29.13      
   28638     |      75.08       |      51.44      
   28639     |      78.95       |      39.25      
   28640     |      83.03       |      34.57      
   28641     |      83.18       |      33.91      
   28642     |      80.93       |      27.88      
   28643     |      80.04       |      29.24      
   28644     |      80.00       |      29.44      
   28645     |      85.59       |      22.83      
   28646     |      75.95       |      32.76      
   28647     |      80.21       |      38.78      
   28648     |      79.97       |      12.47      
   28649     |      77.63       |      17.61      
   28650     |      77.54       |      17.00      
   28651     |      80.61       |      10.82      
   28652     |      77.04       |      13.96      
   28653     |      81.08       |      16.54      
   28654     |      69.54       |      21.18      
   28655     |      70.25       |      21.72      
   28656     |      65.55       |      30.93      
   28657     |      69.52       |      41.60      
   28658     |      73.74       |      33.51      
   28659     |      72.91       |      26.82      
   28660     |      68.95       |      33.40      
   28661     |      59.34       |      33.36      
   28662     |      56.78       |      42.69      
   28663     |      75.29       |      38.16      
   28664     |      78.36       |      42.94      
   28665     |      67.14       |      35.51      
   28666     |      69.78       |      42.28      
   28667     |      71.68       |      33.36      
   28668     |      86.80       |      40.77      
   28670     |      86.93       |      13.11      
   28671     |      89.84       |      34.20      
   28672     |      80.88       |      28.97      
   28673     |      87.85       |      55.12      
   28674     |      86.81       |      56.27      
   28675     |      87.58       |      31.35      
   28676     |      86.29       |      29.33      
   28677     |      88.43       |      12.60      
   28712     |      79.23       |      50.39      
   28713     |      71.70       |      30.89      
   28714     |      69.06       |      39.39      
   28715     |      70.69       |      41.49      
   28716     |      71.14       |      49.04      
   28717     |      74.69       |      43.48      
   28718     |      78.92       |      33.41      
   28719     |      81.56       |      36.64      
   28720     |      84.07       |      28.84      
   28721     |      80.60       |      31.50      
   28722     |      80.96       |      34.01      
   28723     |      82.01       |      25.51      
   28724     |      76.07       |      36.18      
   28725     |      77.61       |      31.60      
   28726     |      81.18       |      32.56      
   28727     |      75.40       |      26.10      
   28728     |      75.06       |      21.37      
   28729     |      79.98       |      12.46      
   28730     |      78.28       |      13.22      
   28731     |      73.66       |      16.99      
   28732     |      75.74       |      19.51      
   28733     |      65.23       |      27.14      
   28734     |      64.43       |      27.28      
   28735     |      65.76       |      24.85      
   28736     |      82.38       |      19.88      
   28737     |      85.71       |      31.44      
   28738     |      88.86       |      26.52      
   28739     |      66.40       |      49.21      
   28740     |      66.43       |      49.71      
   28741     |      74.34       |      38.63      
   28742     |      73.74       |      32.64      
   28743     |      76.49       |      33.54      
   28744     |      75.50       |      23.38      
   28745     |      76.69       |      24.25      
   28746     |      70.21       |      42.63      
   28747     |      70.21       |      42.65      
   28751     |      88.62       |      33.15      
   28752     |      88.74       |      32.81      
   28753     |      87.70       |      27.27      
   28788     |      74.26       |      55.47      
   28789     |      73.59       |      45.19      
   28790     |      73.41       |      44.75      
   28791     |      74.33       |      31.65      
   28792     |      66.70       |      53.68      
   28793     |      65.04       |      39.55      
   28794     |      74.56       |      35.39      
   28795     |      75.89       |      33.09      
   28796     |      71.45       |      45.03      
   28797     |      71.78       |      38.76      
   28798     |      72.90       |      35.64      
   28799     |      71.95       |      31.24      
   28800     |      73.73       |      25.92      
   28801     |      76.90       |      35.61      
   28802     |      76.50       |      39.75      
   28803     |      71.77       |      32.31      
   28804     |      77.62       |      33.78      
   28805     |      79.56       |      38.36      
   28806     |      79.30       |      27.58      
   28807     |      73.93       |      17.86      
   28808     |      74.81       |      16.79      
   28809     |      74.65       |      20.67      
   28810     |      79.53       |      12.25      
   28811     |      74.51       |      16.05      
   28812     |      62.21       |      28.48      
   28813     |      61.30       |      32.00      
   28814     |      69.80       |      23.06      
   28815     |      72.72       |      27.78      
   28816     |      79.96       |      11.18      
   28817     |      82.36       |      19.87      
   28818     |      80.74       |      22.80      
   28819     |      78.73       |      14.17      
   28820     |      79.35       |      13.40      
   28821     |      87.89       |      34.55      
   28822     |      73.87       |      46.97      
   28823     |      74.13       |      36.11      
   28824     |      77.24       |      24.29      
   28825     |      74.42       |      21.41      
   28826     |      85.74       |      46.35      
   28827     |      86.47       |      40.89      
   28832     |      83.28       |      39.56      
   28833     |      83.53       |      23.98      
   28834     |      83.50       |      19.93      
   28862     |      72.95       |      54.61      
   28863     |      63.95       |      39.50      
   28864     |      65.78       |      42.19      
   28865     |      63.08       |      45.27      
   28866     |      62.79       |      36.30      
   28867     |      69.52       |      38.00      
   28868     |      71.77       |      28.08      
   28869     |      72.68       |      31.38      
   28870     |      80.07       |      33.28      
   28871     |      75.88       |      29.62      
   28872     |      75.03       |      32.05      
   28873     |      77.31       |      41.04      
   28874     |      73.21       |      33.72      
   28875     |      74.91       |      28.55      
   28876     |      75.78       |      29.93      
   28877     |      79.73       |      17.87      
   28878     |      77.88       |      14.81      
   28879     |      76.13       |      18.01      
   28880     |      76.63       |      13.93      
   28881     |      75.89       |      17.82      
   28882     |      59.67       |      35.34      
   28883     |      48.19       |      43.13      
   28884     |      50.69       |      41.39      
   28885     |      53.41       |      46.14      
   28886     |      58.53       |      33.93      
   28887     |      61.29       |      40.18      
   28888     |      89.84       |      27.89      
   28889     |      88.71       |      30.92      
   28890     |      87.70       |      26.34      
   28891     |      82.17       |      19.94      
   28892     |      84.83       |      12.42      
   28895     |      85.72       |      36.75      
   28896     |      71.37       |      34.15      
   28897     |      71.17       |      36.68      
   28898     |      70.26       |      36.14      
   28899     |      82.81       |      18.62      
   28900     |      89.71       |      36.41      
   28902     |      87.61       |      41.90      
   28903     |      88.53       |      38.81      
   28904     |      84.70       |      40.45      
   28905     |      89.59       |      26.45      
   28906     |      88.96       |      21.35      
   28909     |      85.12       |      38.62      
   28910     |      79.49       |      36.84      
   28911     |      80.26       |      28.53      
   28945     |      81.09       |      51.34      
   28946     |      78.59       |      57.49      
   28947     |      65.13       |      51.18      
   28948     |      57.88       |      40.75      
   28949     |      65.00       |      51.51      
   28950     |      62.43       |      36.73      
   28951     |      62.87       |      38.17      
   28952     |      69.52       |      38.04      
   28953     |      69.53       |      38.95      
   28954     |      60.89       |      33.09      
   28955     |      73.55       |      29.99      
   28956     |      77.19       |      33.82      
   28957     |      67.03       |      39.57      
   28958     |      76.66       |      17.70      
   28959     |      73.19       |      20.33      
   28960     |      73.16       |      20.40      
   28961     |      76.80       |      26.38      
   28962     |      76.45       |      27.11      
   28963     |      76.63       |      16.22      
   28964     |      73.62       |      43.00      
   28965     |      79.97       |      23.71      
   28966     |      82.55       |      28.12      
   28967     |      79.06       |      33.04      
   28968     |      72.74       |      31.39      
   28969     |      81.34       |      20.28      
   28970     |      81.23       |      20.21      
   28971     |      89.28       |      29.67      
   28972     |      79.09       |      35.57      
   28973     |      75.29       |      26.98      
   28978     |      88.90       |      21.93      
   28979     |      78.71       |      37.48      
   28980     |      86.08       |      37.90      
   29005     |      69.98       |      36.73      
   29006     |      65.38       |      36.32      
   29007     |      71.73       |      30.18      
   29008     |      66.44       |      43.94      
   29009     |      66.89       |      34.51      
   29010     |      65.85       |      36.44      
   29011     |      60.76       |      45.81      
   29012     |      58.27       |      44.44      
   29013     |      62.16       |      40.43      
   29014     |      61.67       |      32.38      
   29015     |      61.63       |      33.98      
   29016     |      69.91       |      26.19      
   29017     |      71.11       |      42.29      
   29018     |      69.51       |      36.80      
   29019     |      71.14       |      37.80      
   29020     |      71.39       |      36.28      
   29021     |      71.69       |      29.61      
   29022     |      78.74       |      19.03      
   29023     |      79.78       |      16.12      
   29024     |      75.32       |      19.03      
   29025     |      77.02       |      15.93      
   29026     |      78.17       |      12.33      
   29027     |      77.99       |      12.50      
   29028     |      74.12       |      20.65      
   29029     |      76.51       |      16.37      
   29030     |      79.78       |      21.88      
   29031     |      78.47       |      25.16      
   29032     |      81.38       |      39.23      
   29033     |      84.81       |      40.65      
   29034     |      84.89       |      28.42      
   29035     |      85.38       |      27.71      
   29036     |      82.79       |      22.97      
   29037     |      81.48       |      24.52      
   29038     |      89.99       |      20.77      
   29039     |      89.62       |      19.72      
   29040     |      88.64       |      23.16      
   29041     |      84.37       |      29.35      
   29042     |      84.37       |      29.39      
   29043     |      88.12       |      21.47      
   29044     |      88.88       |      26.32      
   29045     |      76.88       |      29.34      
   29046     |      80.24       |      26.07      
   29047     |      84.83       |      38.27      
   29048     |      84.16       |      40.74      
   29049     |      86.00       |      48.31      
   29053     |      80.39       |      34.03      
   29054     |      80.20       |      21.19      
   29055     |      80.96       |      37.80      
   29056     |      81.98       |      40.31      
   29057     |      88.20       |      28.45      
   29058     |      89.10       |      34.40      
   29059     |      89.91       |      30.45      
   29060     |      88.31       |      26.63      
   29061     |      85.00       |      36.55      
   29062     |      85.49       |      34.19      
   29087     |      75.34       |      58.30      
   29088     |      78.38       |      54.79      
   29089     |      65.98       |      45.35      
   29090     |      68.11       |      48.39      
   29091     |      68.29       |      46.93      
   29092     |      72.50       |      27.94      
   29093     |      74.29       |      23.94      
   29094     |      73.42       |      39.36      
   29095     |      69.00       |      42.75      
   29096     |      58.65       |      46.87      
   29097     |      57.66       |      46.35      
   29098     |      63.97       |      33.47      
   29099     |      59.54       |      33.71      
   29100     |      60.38       |      31.79      
   29101     |      67.30       |      41.03      
   29102     |      74.73       |      23.30      
   29103     |      77.50       |      15.07      
   29104     |      76.46       |      19.49      
   29105     |      76.79       |      19.49      
   29106     |      70.11       |      23.82      
   29107     |      68.46       |      34.69      
   29108     |      65.53       |      33.72      
   29109     |      68.55       |      22.05      
   29112     |      88.22       |      28.59      
   29113     |      89.35       |      25.29      
   29115     |      81.50       |      25.14      
   29116     |      79.13       |      19.77      
   29117     |      82.85       |      33.99      
   29118     |      82.04       |      31.06      
   29119     |      87.47       |      39.80      
   29120     |      88.10       |      16.24      
   29151     |      80.92       |      53.40      
   29152     |      85.77       |      38.73      
   29153     |      75.26       |      34.21      
   29154     |      68.77       |      50.41      
   29155     |      62.46       |      46.31      
   29156     |      56.56       |      40.70      
   29157     |      62.44       |      42.50      
   29158     |      62.87       |      38.58      
   29159     |      69.73       |      22.81      
   29160     |      71.99       |      22.53      
   29161     |      70.47       |      24.22      
   29162     |      71.23       |      20.30      
   29163     |      74.19       |      16.79      
   29164     |      73.68       |      16.82      
   29165     |      77.43       |      13.04      
   29166     |      80.92       |      14.91      
   29167     |      80.47       |      25.96      
   29168     |      73.16       |      29.81      
   29169     |      76.10       |      14.78      
   29170     |      73.97       |      16.44      
   29171     |      81.65       |      28.52      
   29172     |      84.04       |      20.61      
   29175     |      85.00       |      27.18      
   29176     |      83.56       |      37.77      
   29177     |      89.22       |      30.12      
   29178     |      88.92       |      32.56      
   29180     |      86.29       |      17.91      
   29185     |      84.48       |      18.57      
   29186     |      84.03       |      35.97      
   29187     |      84.13       |      38.74      
   29188     |      88.40       |      45.90      
   29189     |      87.53       |      47.96      
   29190     |      82.44       |      43.98      
   29191     |      81.78       |      47.19      
   29192     |      78.39       |      41.83      
   29193     |      88.52       |      35.52      
   29194     |      84.25       |      26.19      
   29197     |      86.78       |      34.22      
   29198     |      86.14       |      37.34      
   29199     |      81.69       |      26.02      
   29201     |      86.23       |      26.05      
   29221     |      72.39       |      46.43      
   29222     |      73.60       |      50.55      
   29223     |      78.02       |      42.98      
   29224     |      78.06       |      42.74      
   29225     |      78.40       |      42.37      
   29226     |      75.36       |      39.30      
   29227     |      76.45       |      30.13      
   29228     |      71.32       |      37.54      
   29229     |      63.86       |      36.01      
   29230     |      65.40       |      42.87      
   29231     |      58.23       |      52.20      
   29232     |      54.59       |      43.81      
   29233     |      53.79       |      43.77      
   29234     |      53.43       |      41.30      
   29235     |      68.42       |      33.37      
   29236     |      67.96       |      36.46      
   29237     |      71.27       |      30.07      
   29238     |      68.63       |      29.05      
   29239     |      67.32       |      24.47      
   29240     |      65.39       |      28.44      
   29241     |      67.52       |      24.95      
   29242     |      67.18       |      23.40      
   29243     |      72.13       |      18.41      
   29244     |      79.36       |      11.77      
   29245     |      84.79       |      15.50      
   29246     |      83.10       |      21.68      
   29247     |      87.31       |      32.27      
   29249     |      89.51       |       5.40      
   29257     |      85.17       |      28.70      
   29258     |      87.90       |      36.39      
   29259     |      85.02       |      19.06      
   29260     |      81.11       |      16.07      
   29261     |      80.09       |      20.18      
   29262     |      86.47       |      24.49      
   29263     |      89.82       |      15.42      
   29264     |      78.21       |      45.06      
   29265     |      75.71       |      41.66      
   29266     |      79.62       |      27.99      
   29267     |      79.45       |      28.99      
   29268     |      79.32       |      29.13      
   29269     |      77.21       |      36.81      
   29270     |      80.87       |      38.85      
   29271     |      84.46       |      27.60      
   29273     |      81.68       |      26.12      
   29308     |      69.22       |      42.33      
   29309     |      82.03       |      41.54      
   29310     |      59.57       |      54.25      
   29311     |      56.89       |      48.78      
   29312     |      57.81       |      49.30      
   29313     |      57.56       |      52.12      
   29314     |      54.99       |      39.13      
   29315     |      54.87       |      37.73      
   29316     |      53.95       |      39.67      
   29317     |      60.49       |      37.50      
   29318     |      60.63       |      34.91      
   29319     |      60.53       |      34.89      
   29320     |      70.33       |      21.16      
   29321     |      67.42       |      29.70      
   29322     |      77.47       |      13.46      
   29323     |      78.85       |      12.88      
   29324     |      85.68       |      13.63      
   29329     |      89.67       |      18.22      
   29331     |      86.08       |      14.30      
   29332     |      86.91       |      21.24      
   29333     |      84.31       |      33.45      
   29335     |      84.20       |      45.52      
   29336     |      71.13       |      37.09      
   29337     |      70.07       |      42.30      
   29338     |      68.55       |      45.21      
   29339     |      74.20       |      55.95      
   29340     |      74.17       |      40.43      
   29341     |      73.22       |      34.28      
   29342     |      71.53       |      34.05      
   29343     |      87.09       |      39.35      
   29344     |      80.34       |      27.46      
   29365     |      75.98       |      35.69      
   29366     |      81.35       |      41.26      
   29367     |      78.65       |      48.52      
   29368     |      72.03       |      37.17      
   29369     |      69.09       |      43.46      
   29370     |      68.43       |      52.93      
   29371     |      71.15       |      55.16      
   29372     |      70.16       |      46.52      
   29373     |      50.18       |      48.79      
   29374     |      47.67       |      44.18      
   29375     |      58.33       |      34.43      
   29376     |      56.64       |      37.58      
   29377     |      76.93       |      15.75      
   29378     |      75.49       |      16.09      
   29379     |      80.77       |      11.00      
   29390     |      84.68       |      32.00      
   29391     |      83.14       |      19.87      
   29392     |      70.97       |      28.89      
   29393     |      76.85       |      30.28      
   29394     |      86.35       |      21.38      
   29395     |      88.92       |      33.55      
   29396     |      81.17       |      37.62      
   29397     |      85.25       |      38.54      
   29398     |      83.40       |      50.70      
   29399     |      71.28       |      40.72      
   29400     |      78.65       |      45.86      
   29401     |      79.03       |      28.19      
   29402     |      79.46       |      27.63      
   29424     |      69.54       |      43.14      
   29425     |      71.36       |      52.45      
   29426     |      72.59       |      47.29      
   29427     |      74.02       |      35.69      
   29428     |      74.16       |      45.86      
   29429     |      67.70       |      49.23      
   29430     |      67.87       |      51.12      
   29431     |      63.31       |      49.29      
   29432     |      62.46       |      55.55      
   29433     |      57.15       |      48.60      
   29434     |      60.97       |      30.21      
   29435     |      60.79       |      32.68      
   29436     |      63.56       |      29.17      
   29437     |      62.98       |      32.60      
   29438     |      58.39       |      37.41      
   29439     |      58.56       |      36.75      
   29440     |      68.81       |      23.52      
   29441     |      68.72       |      22.79      
   29442     |      69.26       |      21.64      
   29443     |      78.19       |      17.44      
   29444     |      79.93       |      13.95      
   29445     |      81.37       |      14.50      
   29446     |      84.70       |       6.83      
   29447     |      81.67       |       9.04      
   29450     |      83.83       |      31.27      
   29451     |      82.95       |      30.47      
   29452     |      83.25       |      32.35      
   29453     |      79.22       |      19.31      
   29454     |      79.25       |      16.25      
   29455     |      84.75       |      20.90      
   29456     |      86.34       |      15.39      
   29457     |      87.80       |      26.77      
   29458     |      78.86       |      36.33      
   29459     |      80.84       |      33.38      
   29460     |      77.94       |      26.55      
   29461     |      81.30       |      15.97      
   29462     |      81.62       |      16.34      
   29463     |      85.71       |      16.90      
   29464     |      84.40       |      30.13      
   29465     |      74.79       |      35.24      
   29466     |      82.44       |      40.00      
   29467     |      83.36       |      42.28      
   29468     |      77.69       |      36.40      
   29469     |      65.36       |      34.43      
   29470     |      81.65       |      37.28      
   29471     |      81.35       |      36.69      
   29472     |      80.87       |      38.84      
   29473     |      81.12       |      39.61      
   29496     |      75.32       |      44.17      
   29497     |      66.47       |      41.85      
   29498     |      74.57       |      47.48      
   29499     |      70.30       |      50.26      
   29500     |      65.88       |      46.06      
   29501     |      66.37       |      56.86      
   29502     |      62.93       |      55.29      
   29503     |      64.22       |      48.12      
   29504     |      76.26       |      46.00      
   29505     |      72.02       |      56.12      
   29506     |      66.64       |      36.36      
   29507     |      66.92       |      25.89      
   29508     |      68.10       |      29.67      
   29509     |      84.25       |      10.94      
   29516     |      89.94       |       4.26      
   29517     |      87.08       |      10.62      
   29518     |      89.98       |      18.90      
   29519     |      88.66       |      21.38      
   29520     |      87.93       |      16.12      
   29521     |      88.70       |      26.90      
   29522     |      89.70       |      21.21      
   29523     |      86.80       |      25.36      
   29524     |      85.69       |      29.10      
   29525     |      75.46       |      36.19      
   29526     |      69.83       |      35.40      
   29527     |      66.50       |      32.03      
   29528     |      68.35       |      40.85      
   29529     |      77.26       |      51.90      
   29530     |      75.77       |      47.84      
   29531     |      75.80       |      28.23      
   29553     |      73.35       |      44.38      
   29554     |      74.95       |      43.25      
   29555     |      74.82       |      47.65      
   29556     |      68.60       |      38.39      
   29557     |      69.32       |      43.20      
   29558     |      65.23       |      50.41      
   29559     |      65.11       |      50.29      
   29560     |      73.28       |      51.27      
   29561     |      72.61       |      42.40      
   29562     |      71.00       |      44.48      
   29563     |      85.38       |      49.17      
   29564     |      87.88       |      45.60      
   29565     |      84.14       |      38.09      
   29566     |      84.48       |      32.29      
   29567     |      71.66       |      21.78      
   29568     |      69.24       |      24.91      
   29569     |      69.16       |      24.90      
   29570     |      78.66       |      20.20      
   29571     |      76.52       |      22.64      
   29572     |      77.47       |      12.81      
   29573     |      74.38       |      16.28      
   29574     |      75.57       |      14.73      
   29575     |      78.94       |      11.68      
   29579     |      82.12       |      17.93      
   29580     |      79.99       |      32.81      
   29581     |      79.89       |      18.54      
   29582     |      85.63       |      27.00      
   29583     |      89.48       |      20.60      
   29585     |      86.90       |      16.14      
   29586     |      79.18       |      29.19      
   29587     |      76.17       |      31.62      
   29588     |      70.93       |      45.05      
   29589     |      66.73       |      42.85      
   29590     |      82.61       |      36.18      
   29591     |      84.63       |      40.39      
   29592     |      85.42       |      39.64      
   29593     |      77.69       |      31.79      
   29594     |      77.05       |      26.55      
   29618     |      68.08       |      44.34      
   29619     |      74.98       |      47.45      
   29620     |      67.93       |      38.53      
   29621     |      60.32       |      54.08      
   29622     |      59.56       |      51.17      
   29623     |      71.03       |      43.85      
   29624     |      80.87       |      51.17      
   29625     |      86.12       |      35.58      
   29626     |      83.23       |      37.74      
   29627     |      84.29       |      32.34      
   29628     |      84.21       |      26.27      
   29629     |      76.34       |      20.19      
   29630     |      72.40       |      24.15      
   29631     |      72.76       |      24.80      
   29632     |      79.36       |      15.87      
   29633     |      80.77       |       9.97      
   29634     |      80.66       |       9.64      
   29635     |      89.38       |      10.81      
   29636     |      89.76       |       5.32      
   29637     |      89.22       |      15.15      
   29638     |      88.49       |       8.27      
   29639     |      86.16       |      18.94      
   29640     |      79.11       |      11.63      
   29641     |      80.20       |      17.92      
   29642     |      81.32       |      24.75      
   29643     |      83.30       |      16.28      
   29644     |      86.13       |      27.58      
   29645     |      83.92       |      35.67      
   29646     |      82.87       |      20.65      
   29647     |      79.33       |      28.52      
   29648     |      78.62       |      23.09      
   29649     |      85.82       |      27.03      
   29650     |      85.18       |      21.92      
   29651     |      78.12       |      27.40      
   29652     |      81.14       |      17.27      
   29653     |      82.80       |      15.89      
   29654     |      84.07       |      26.92      
   29655     |      80.44       |      22.75      
   29656     |      80.62       |      25.75      
   29657     |      79.07       |      28.75      
   29658     |      77.46       |      28.23      
   29659     |      77.71       |      28.86      
   29660     |      73.96       |      40.27      
   29661     |      71.86       |      36.98      
   29662     |      59.93       |      44.46      
   29663     |      65.56       |      32.38      
   29664     |      68.53       |      38.76      
   29665     |      73.61       |      43.03      
   29666     |      72.49       |      37.08      
   29695     |      62.89       |      49.16      
   29696     |      62.76       |      46.07      
   29697     |      66.67       |      42.30      
   29698     |      67.60       |      37.93      
   29699     |      75.56       |      42.90      
   29700     |      89.21       |      36.43      
   29701     |      86.51       |      45.82      
   29703     |      86.30       |      25.53      
   29704     |      86.53       |      19.44      
   29707     |      88.15       |      11.96      
   29708     |      81.16       |      24.85      
   29709     |      80.27       |      21.01      
   29710     |      77.54       |      24.60      
   29711     |      79.02       |      11.70      
   29712     |      79.33       |      11.50      
   29713     |      83.54       |       6.86      
   29717     |      82.01       |      13.92      
   29718     |      80.33       |      19.84      
   29719     |      78.97       |      22.97      
   29720     |      79.72       |      25.20      
   29721     |      73.59       |      33.41      
   29722     |      73.50       |      33.32      
   29723     |      78.59       |      25.11      
   29724     |      74.85       |      20.33      
   29725     |      79.47       |      24.00      
   29726     |      76.04       |      28.65      
   29727     |      63.85       |      36.63      
   29728     |      57.02       |      47.07      
   29729     |      83.20       |      42.61      
   29730     |      78.12       |      49.68      
   29752     |      64.09       |      49.25      
   29753     |      59.21       |      49.62      
   29754     |      60.15       |      54.00      
   29755     |      83.50       |      29.71      
   29756     |      84.61       |      42.26      
   29761     |      78.32       |      12.78      
   29762     |      78.59       |      11.96      
   29763     |      79.99       |      14.14      
   29764     |      77.64       |      13.13      
   29765     |      78.91       |      17.52      
   29766     |      83.49       |      11.85      
   29767     |      87.19       |      12.02      
   29771     |      80.72       |      24.64      
   29772     |      80.70       |      31.37      
   29773     |      81.52       |      28.80      
   29774     |      81.56       |      25.00      
   29775     |      82.20       |      23.15      
   29776     |      75.79       |      30.97      
   29777     |      73.60       |      21.63      
   29778     |      70.39       |      23.12      
   29779     |      72.61       |      24.80      
   29780     |      71.90       |      27.75      
   29781     |      76.11       |      30.12      
   29782     |      72.48       |      45.49      
   29783     |      72.64       |      45.93      
   29784     |      77.92       |      49.92      
   29785     |      76.07       |      43.00      
   29786     |      75.95       |      42.95      
   29787     |      77.14       |      46.97      
   29788     |      78.11       |      38.76      
   29789     |      79.69       |      41.34      
   29790     |      78.57       |      33.74      
   29791     |      77.45       |      37.10      
   29792     |      77.73       |      25.26      
   29815     |      57.50       |      46.81      
   29816     |      63.86       |      48.19      
   29817     |      69.13       |      44.67      
   29818     |      72.04       |      44.61      
   29819     |      70.17       |      35.51      
   29820     |      77.71       |      32.46      
   29821     |      76.02       |      30.86      
   29822     |      81.36       |      43.06      
   29823     |      84.51       |      35.27      
   29824     |      86.80       |      41.19      
   29826     |      89.04       |      20.06      
   29827     |      88.51       |      25.65      
   29828     |      83.65       |      33.75      
   29829     |      81.48       |      24.72      
   29830     |      81.80       |      24.09      
   29831     |      83.31       |      10.80      
   29832     |      78.35       |      17.73      
   29833     |      79.41       |      18.10      
   29834     |      85.11       |       6.91      
   29835     |      85.82       |       4.34      
   29836     |      85.32       |       7.94      
   29837     |      87.34       |       3.08      
   29838     |      82.87       |      10.48      
   29839     |      87.31       |      14.03      
   29840     |      81.52       |      22.40      
   29841     |      83.62       |      17.21      
   29842     |      85.26       |      26.48      
   29844     |      66.45       |      27.07      
   29845     |      77.55       |      32.14      
   29846     |      78.27       |      26.86      
   29847     |      77.63       |      25.85      
   29848     |      74.21       |      28.38      
   29849     |      74.21       |      28.21      
   29850     |      72.98       |      29.61      
   29851     |      74.49       |      39.17      
   29852     |      73.94       |      44.40      
   29883     |      65.20       |      43.30      
   29884     |      69.73       |      38.16      
   29885     |      76.70       |      42.81      
   29886     |      81.86       |      40.46      
   29887     |      82.70       |      36.09      
   29888     |      78.72       |      23.55      
   29889     |      74.44       |      39.58      
   29890     |      86.47       |      36.79      
   29894     |      88.88       |      24.88      
   29895     |      88.26       |      19.27      
   29896     |      77.29       |      28.48      
   29897     |      78.59       |      15.50      
   29898     |      79.35       |      13.97      
   29899     |      80.13       |       9.95      
   29900     |      79.62       |      17.99      
   29901     |      83.39       |      18.67      
   29902     |      83.88       |      20.18      
   29903     |      85.28       |       7.08      
   29904     |      85.33       |       4.88      
   29905     |      81.99       |       8.39      
   29906     |      80.68       |       9.54      
   29907     |      78.47       |      13.58      
   29908     |      81.25       |      12.55      
   29909     |      68.20       |      30.84      
   29910     |      68.27       |      31.47      
   29911     |      76.06       |      18.98      
   29912     |      80.85       |      22.20      
   29913     |      81.26       |      20.55      
   29914     |      83.97       |      27.03      
   29915     |      80.68       |      24.73      
   29916     |      78.89       |      24.08      
   29917     |      78.83       |      34.88      
   29918     |      77.52       |      49.84      
   29919     |      68.79       |      44.02      
   29920     |      76.02       |      50.86      
   29921     |      75.38       |      47.58      
   29922     |      72.78       |      44.53      
   29923     |      72.76       |      45.04      
   29924     |      73.06       |      45.88      
   29925     |      85.61       |      29.30      
   29956     |      81.88       |      34.79      
   29957     |      78.62       |      37.22      
   29958     |      76.57       |      41.72      
   29959     |      74.61       |      39.91      
   29960     |      80.01       |      36.14      
   29961     |      79.09       |      37.66      
   29962     |      88.64       |      29.15      
   29963     |      87.94       |      39.97      
   29964     |      77.57       |      34.68      
   29965     |      79.16       |      30.72      
   29966     |      78.64       |      12.57      
   29967     |      78.61       |      17.46      
   29968     |      75.70       |      15.98      
   29969     |      76.18       |      22.31      
   29970     |      78.68       |      23.78      
   29971     |      72.47       |      19.82      
   29972     |      80.12       |      12.11      
   29973     |      77.16       |      20.05      
   29974     |      83.85       |      29.44      
   29975     |      66.20       |      27.42      
   29976     |      70.52       |      30.88      
   29977     |      76.12       |      30.94      
   29978     |      77.39       |      26.40      
   29979     |      75.26       |      28.90      
   29980     |      81.69       |      26.43      
   29981     |      77.80       |      25.74      
   29982     |      80.08       |      28.21      
   29983     |      79.65       |      27.60      
   29984     |      82.48       |      37.47      
   29985     |      84.63       |      46.76      
   29986     |      79.54       |      46.50      
   29987     |      74.13       |      41.66      
   29988     |      78.20       |      41.93      
   29989     |      80.28       |      45.45      
   30012     |      85.67       |      29.40      
   30013     |      86.41       |      31.40      
   30014     |      86.35       |      31.83      
   30015     |      85.69       |      30.05      
   30016     |      85.75       |      37.46      
   30019     |      88.34       |      39.67      
   30020     |      88.92       |      26.01      
   30021     |      80.84       |      35.67      
   30022     |      80.42       |      16.91      
   30023     |      73.58       |      26.59      
   30024     |      75.38       |      25.29      
   30025     |      76.40       |      33.26      
   30026     |      73.99       |      32.51      
   30027     |      73.99       |      29.51      
   30028     |      82.86       |      28.35      
   30029     |      86.28       |      10.20      
   30030     |      74.51       |      24.64      
   30031     |      77.41       |      13.59      
   30032     |      75.98       |      14.05      
   30033     |      77.88       |      13.68      
   30034     |      81.52       |      23.49      
   30035     |      85.92       |      27.64      
   30036     |      84.71       |      19.08      
   30037     |      80.47       |      10.54      
   30038     |      75.45       |      18.15      
   30039     |      69.85       |      20.85      
   30040     |      69.30       |      21.59      
   30041     |      73.32       |      19.30      
   30042     |      74.31       |      17.72      
   30043     |      74.10       |      19.79      
   30044     |      64.06       |      37.86      
   30045     |      73.76       |      35.54      
   30046     |      72.97       |      22.67      
   30047     |      74.30       |      18.70      
   30048     |      75.44       |      26.81      
   30049     |      75.42       |      27.37      
   30050     |      77.74       |      28.19      
   30051     |      79.98       |      20.28      
   30052     |      79.40       |      23.03      
   30053     |      80.11       |      28.68      
   30054     |      80.23       |      42.41      
   30055     |      80.19       |      41.33      
   30056     |      73.40       |      45.88      
   30093     |      82.35       |      36.20      
   30094     |      79.54       |      39.53      
   30095     |      80.04       |      40.58      
   30096     |      82.17       |      42.52      
   30097     |      85.52       |      29.36      
   30098     |      82.89       |      36.88      
   30099     |      80.30       |      27.67      
   30101     |      89.31       |      40.96      
   30102     |      86.97       |      43.00      
   30103     |      80.20       |      35.67      
   30104     |      79.72       |      24.83      
   30105     |      82.00       |      29.19      
   30106     |      82.11       |      26.50      
   30107     |      67.01       |      23.85      
   30108     |      75.49       |      25.52      
   30109     |      75.56       |      28.06      
   30110     |      85.43       |      34.61      
   30111     |      84.72       |      30.26      
   30112     |      83.54       |      17.58      
   30113     |      82.04       |       8.08      
   30114     |      67.74       |      22.28      
   30115     |      72.28       |      18.31      
   30116     |      73.65       |      16.28      
   30117     |      69.75       |      29.81      
   30118     |      77.02       |      19.61      
   30119     |      77.39       |      23.08      
   30120     |      79.38       |      27.59      
   30121     |      82.64       |      22.91      
   30122     |      87.32       |      35.77      
   30124     |      89.21       |      42.37      
   30125     |      88.81       |      37.26      
   30126     |      86.32       |      40.14      
   30127     |      86.23       |      38.78      
   30128     |      83.93       |      45.78      
   30129     |      81.66       |      39.66      
   30158     |      87.15       |      39.24      
   30161     |      85.35       |      22.58      
   30162     |      85.28       |      25.38      
   30163     |      86.24       |      24.46      
   30164     |      86.60       |      32.95      
   30165     |      79.71       |      42.76      
   30166     |      78.80       |      42.13      
   30168     |      84.80       |      32.45      
   30169     |      84.92       |      31.78      
   30170     |      81.18       |      28.19      
   30171     |      81.12       |      28.22      
   30172     |      80.99       |      28.71      
   30173     |      81.45       |      11.63      
   30174     |      67.28       |      22.67      
   30175     |      69.63       |      24.02      
   30176     |      68.46       |      25.82      
   30177     |      64.42       |      26.06      
   30178     |      67.61       |      22.63      
   30179     |      70.97       |      19.33      
   30180     |      72.15       |      28.00      
   30181     |      72.33       |      28.13      
   30182     |      73.86       |      35.17      
   30183     |      71.49       |      30.37      
   30184     |      72.78       |      22.93      
   30185     |      73.42       |      23.43      
   30186     |      78.51       |      23.17      
   30187     |      79.11       |      25.64      
   30188     |      76.65       |      28.37      
   30189     |      76.37       |      27.59      
   30190     |      81.28       |      28.57      
   30191     |      83.75       |      24.08      
   30192     |      84.24       |      26.20      
   30193     |      83.86       |      25.92      
   30194     |      84.61       |      25.04      
   30195     |      88.55       |      37.20      
   30198     |      79.63       |      36.65      
   30199     |      78.50       |      40.79      
   30223     |      84.86       |      37.64      
   30225     |      87.14       |      39.22      
   30226     |      87.38       |      40.48      
   30227     |      89.44       |      23.19      
   30232     |      77.08       |      35.71      
   30233     |      84.14       |      24.23      
   30234     |      84.70       |      15.89      
   30235     |      84.22       |       6.36      
   30236     |      85.80       |       6.32      
   30237     |      87.33       |       4.63      
   30238     |      87.37       |      21.29      
   30239     |      88.78       |      22.28      
   30240     |      88.95       |      31.71      
   30241     |      88.74       |      32.89      
   30242     |      85.26       |      15.36      
   30243     |      77.53       |      14.10      
   30244     |      77.75       |      25.03      
   30245     |      75.64       |      20.81      
   30246     |      74.79       |      26.65      
   30247     |      71.25       |      20.97      
   30248     |      70.78       |      19.49      
   30249     |      67.85       |      37.62      
   30250     |      68.15       |      36.63      
   30251     |      77.93       |      27.04      
   30252     |      78.77       |      21.61      
   30253     |      76.59       |      20.57      
   30254     |      75.30       |      26.20      
   30255     |      86.46       |      23.15      
   30257     |      86.28       |      40.81      
   30258     |      86.49       |      37.18      
   30293     |      84.78       |      35.84      
   30294     |      86.67       |      26.12      
   30295     |      81.64       |      35.82      
   30296     |      81.48       |      35.29      
   30297     |      84.24       |      35.82      
   30298     |      84.07       |      30.35      
   30299     |      87.66       |      32.23      
   30300     |      87.40       |      24.91      
   30304     |      88.78       |      33.43      
   30305     |      88.76       |      33.60      
   30306     |      81.92       |      41.31      
   30307     |      81.50       |      39.16      
   30308     |      78.09       |      25.85      
   30312     |      89.06       |      31.80      
   30313     |      80.34       |      12.59      
   30314     |      78.14       |      14.89      
   30315     |      74.31       |      27.18      
   30316     |      75.23       |      16.93      
   30317     |      71.95       |      19.73      
   30318     |      69.75       |      20.14      
   30319     |      68.36       |      29.75      
   30320     |      63.23       |      26.74      
   30321     |      65.05       |      42.19      
   30322     |      78.87       |      33.10      
   30323     |      89.24       |      29.70      
   30324     |      88.95       |      20.89      
   30325     |      85.93       |      28.26      
   30327     |      84.46       |      20.65      
   30328     |      83.48       |      30.39      
   30329     |      84.81       |      49.27      
   30352     |      87.51       |      47.14      
   30353     |      81.92       |      33.68      
   30354     |      77.47       |      30.49      
   30355     |      86.48       |      25.57      
   30356     |      86.74       |      33.39      
   30358     |      89.08       |      23.65      
   30359     |      90.00       |      43.40      
   30360     |      87.07       |      37.59      
   30361     |      84.87       |      24.23      
   30367     |      84.10       |      14.41      
   30368     |      81.93       |       9.97      
   30369     |      76.98       |      14.46      
   30370     |      74.99       |      15.43      
   30371     |      72.04       |      19.34      
   30372     |      80.82       |      17.03      
   30373     |      82.10       |      36.62      
   30374     |      75.67       |      35.16      
   30375     |      71.84       |      42.50      
   30376     |      81.49       |      34.14      
   30377     |      78.95       |      22.78      
   30378     |      84.42       |      15.34      
   30385     |      89.07       |      23.84      
   30389     |      78.38       |      45.20      
   30390     |      73.48       |      35.20      
   30427     |      82.36       |      43.77      
   30428     |      82.45       |      44.01      
   30429     |      83.04       |      37.33      
   30430     |      82.70       |      27.65      
   30431     |      77.84       |      39.62      
   30432     |      76.47       |      36.50      
   30433     |      82.38       |      24.45      
   30434     |      82.44       |      24.48      
   30435     |      85.66       |      31.42      
   30436     |      86.32       |      25.21      
   30438     |      84.85       |      47.24      
   30439     |      85.44       |      35.51      
   30440     |      84.33       |      25.00      
   30441     |      86.32       |      15.23      
   30449     |      89.94       |       6.72      
   30451     |      82.77       |      11.11      
   30452     |      82.81       |      10.17      
   30453     |      78.98       |      19.86      
   30454     |      79.35       |      23.84      
   30455     |      78.55       |      26.76      
   30456     |      78.83       |      26.42      
   30457     |      78.43       |      18.33      
   30458     |      82.95       |       6.82      
   30459     |      86.03       |      11.79      
   30463     |      85.89       |      24.49      
   30464     |      89.02       |      20.35      
   30469     |      85.54       |      34.18      
   30470     |      85.88       |      36.79      
   30471     |      87.26       |      34.32      
   30498     |      76.91       |      42.09      
   30499     |      86.28       |      41.46      
   30500     |      86.41       |      40.18      
   30501     |      74.27       |      39.15      
   30502     |      77.91       |      28.72      
   30503     |      81.55       |      33.83      
   30504     |      81.79       |      38.09      
   30505     |      77.33       |      24.51      
   30506     |      84.09       |      30.39      
   30507     |      86.89       |      25.45      
   30508     |      80.43       |      28.11      
   30509     |      78.82       |      30.81      
   30510     |      78.63       |      44.58      
   30516     |      79.93       |      23.31      
   30517     |      79.52       |      12.34      
   30518     |      81.18       |      13.07      
   30519     |      81.26       |      11.01      
   30520     |      80.26       |      16.22      
   30521     |      89.41       |      14.87      
   30562     |      83.34       |      34.91      
   30563     |      79.66       |      49.56      
   30564     |      81.97       |      28.56      
   30565     |      84.35       |      32.81      
   30566     |      82.98       |      27.90      
   30567     |      71.86       |      34.35      
   30568     |      76.34       |      24.32      
   30569     |      87.55       |      38.82      
   30570     |      85.94       |      35.38      
   30579     |      77.79       |      22.80      
   30580     |      78.73       |      13.05      
   30581     |      80.34       |      10.87      
   30582     |      84.63       |       5.10      
   30583     |      83.23       |       8.33      
   30584     |      84.40       |      19.01      
   30585     |      85.33       |      23.12      
   30586     |      84.55       |      22.24      
   30587     |      83.88       |      36.80      
   30588     |      89.72       |      25.46      
   30625     |      82.25       |      34.60      
   30626     |      81.79       |      29.75      
   30627     |      75.86       |      31.55      
   30628     |      74.07       |      28.68      
   30629     |      75.26       |      38.74      
   30631     |      86.84       |      38.71      
   30635     |      82.56       |       9.70      
   30636     |      79.47       |      12.48      
   30637     |      79.48       |      10.61      
   30638     |      80.97       |       8.78      
   30639     |      79.96       |      12.93      
   30640     |      79.62       |      19.37      
   30641     |      78.40       |      26.40      
   30645     |      85.36       |      36.93      
   30646     |      86.53       |      29.68      
   30692     |      85.64       |      34.35      
   30693     |      85.13       |      35.75      
   30694     |      87.14       |      49.48      
   30696     |      86.55       |      31.64      
   30697     |      86.78       |      28.88      
   30698     |      83.34       |      27.76      
   30699     |      82.48       |      40.97      
   30700     |      85.44       |      27.90      
   30701     |      88.86       |      36.15      
   30702     |      82.09       |      35.44      
   30703     |      83.85       |      19.13      
   30704     |      87.39       |      15.73      
   30705     |      84.42       |      22.76      
   30706     |      85.62       |      37.12      
   30709     |      88.35       |      28.06      
   30711     |      82.34       |      11.15      
   30712     |      83.78       |       6.54      
   30713     |      81.78       |      14.78      
   30714     |      77.68       |      13.80      
   30715     |      79.40       |      12.99      
   30716     |      75.97       |      13.78      
   30717     |      77.51       |      13.71      
   30718     |      78.94       |      15.22      
   30719     |      77.91       |      27.32      
   30720     |      79.29       |      18.44      
   30721     |      79.88       |      12.72      
   30722     |      84.51       |       7.24      
   30726     |      89.39       |      31.54      
   30737     |      88.79       |      20.12      
   30783     |      86.61       |      38.86      
   30784     |      86.56       |      39.49      
   30785     |      86.54       |      39.44      
   30786     |      87.20       |      29.70      
   30787     |      79.20       |      22.51      
   30788     |      80.07       |      24.36      
   30789     |      87.36       |      40.47      
   30792     |      84.93       |      22.33      
   30795     |      82.14       |       8.13      
   30796     |      82.27       |       7.74      
   30797     |      75.14       |      27.70      
   30798     |      82.84       |       7.61      
   30799     |      84.57       |       7.09      
   30800     |      84.87       |      15.07      
   30801     |      80.18       |      23.33      
   30806     |      88.01       |      43.13      
   30807     |      89.89       |      26.44      
   30850     |      86.81       |      29.92      
   30851     |      87.39       |      29.11      
   30852     |      87.73       |      21.88      
   30853     |      88.45       |      27.42      
   30854     |      80.40       |      33.74      
   30855     |      80.68       |      30.52      
   30856     |      85.26       |      22.99      
   30859     |      87.50       |      34.72      
   30860     |      88.03       |      28.04      
   30864     |      89.60       |       0.84      
   30865     |      88.01       |       2.30      
   30866     |      72.94       |      18.64      
   30867     |      72.61       |      19.45      
   30868     |      70.09       |      22.76      
   30869     |      80.26       |      23.35      
   30870     |      80.93       |      19.75      
   30871     |      88.98       |       6.89      
   30875     |      85.83       |      31.77      
   30876     |      84.96       |      25.62      
   30877     |      84.08       |      27.07      
   30878     |      85.83       |      19.28      
   30879     |      89.87       |      26.41      
   30914     |      89.77       |      49.39      
   30915     |      87.93       |      29.49      
   30916     |      87.05       |      30.56      
   30917     |      86.98       |      27.37      
   30918     |      87.41       |      26.96      
   30919     |      83.94       |      37.23      
   30930     |      88.13       |       5.64      
   30931     |      88.32       |       8.21      
   30932     |      78.20       |      19.63      
   30933     |      79.84       |      13.29      
   30934     |      76.34       |      20.76      
   30935     |      76.43       |      21.28      
   30936     |      89.03       |      13.02      
   30937     |      87.28       |       3.94      
   30938     |      89.68       |       1.70      
   30939     |      86.65       |       9.07      
   30940     |      87.20       |      19.22      
   30947     |      87.48       |      34.70      
   30948     |      89.55       |      42.18      
   30949     |      88.49       |      43.98      
   30950     |      89.55       |      33.61      
   30951     |      88.30       |      36.65      
   30952     |      88.27       |      28.48      
   30953     |      89.65       |      26.83      
   30957     |      89.84       |      52.39      
   30990     |      89.26       |      19.69      
   30995     |      88.16       |       9.06      
   30996     |      87.03       |      17.84      
   30997     |      81.81       |      21.81      
   30998     |      81.43       |      12.65      
   30999     |      79.15       |      20.73      
   31000     |      77.61       |      19.19      
   31001     |      77.25       |      12.63      
   31002     |      86.28       |       4.25      
   31006     |      86.37       |      28.55      
   31007     |      86.88       |      24.88      
   31008     |      85.63       |      23.12      
   31009     |      87.64       |      36.76      
   31059     |      84.20       |      20.37      
   31060     |      83.76       |      30.40      
   31075     |      87.13       |       9.25      
   31076     |      75.53       |      24.01      
   31077     |      75.33       |      17.24      
   31078     |      85.85       |       8.58      
   31084     |      86.37       |      28.71      
   31085     |      82.57       |      42.27      
   31086     |      81.92       |      40.37      
   31087     |      87.00       |      34.02      
   31088     |      86.80       |      34.98      
   31120     |      87.81       |      31.08      
   31121     |      88.20       |      50.58      
   31122     |      87.99       |      48.94      
   31137     |      89.69       |      16.46      
   31138     |      81.40       |      22.77      
   31145     |      86.84       |      17.73      
   31183     |      80.77       |      33.05      
   31184     |      82.43       |      30.53      
   31201     |      81.70       |      25.17      
   31202     |      87.68       |      20.47      
   31229     |      88.70       |      22.52      
   31230     |      82.34       |      32.90      
   31255     |      87.61       |      37.42      
   31256     |      86.50       |      27.65      
   31257     |      85.99       |      42.71      
   31258     |      88.37       |      38.62      
   31259     |      87.78       |      50.30      
   31268     |      82.43       |      32.31      
   31269     |      85.38       |      23.53      
   31270     |      83.09       |      19.03      
   31329     |      87.83       |      26.62      
   31339     |      88.17       |       6.06      
   31340     |      88.14       |       6.01      
   31401     |      85.39       |      13.16      
   31402     |      86.88       |      20.48      
   31407     |      87.53       |       3.61      
   31450     |      87.69       |      35.90      
   31451     |      79.53       |      18.04      
   31452     |      77.02       |      22.62      
   31453     |      74.52       |      15.41      
   31523     |      89.59       |      35.35      
   31524     |      87.39       |      25.99      
   31525     |      81.14       |       8.19      
   31526     |      87.05       |      20.37      
   31527     |      87.50       |      17.81      
   31591     |      85.51       |      22.30      
   31592     |      85.41       |      23.02      
   31662     |      89.91       |      27.75      
   31753     |      87.94       |      36.83      
   31923     |      88.61       |      33.52      
