=== Visibility Analysis Summary ===
Total patches: 49152
Geometric visible: 3077 (6.3%)
Light illuminated: 1356 (44.1% of geometric)
Reflection conditions met: 3077 (100.0% of geometric)
Light unoccluded: 1356 (44.1% of geometric)
Final visible: 1356 (2.8% of total)
Visible area: 211.83 (2.7% of total area)

=== Detailed Visibility Information ===
Patch Index  | Incidence Angle  |  Viewing Angle  
-------------+------------------+-----------------
   10830     |      85.97       |      40.26      
   11016     |      85.94       |      40.65      
   11017     |      88.58       |      33.04      
   11090     |      82.94       |      37.70      
   11091     |      83.23       |      39.61      
   11092     |      88.58       |      35.11      
   11159     |      83.62       |      40.42      
   11160     |      81.38       |      35.69      
   11161     |      88.95       |      14.28      
   11165     |      85.62       |      28.49      
   11166     |      89.22       |      36.58      
   11246     |      89.75       |      26.04      
   11247     |      87.49       |      42.70      
   11248     |      87.63       |      37.56      
   11399     |      89.45       |      40.43      
   11494     |      86.58       |      11.82      
   11495     |      88.32       |      15.45      
   11636     |      88.52       |       2.74      
   11644     |      87.26       |       8.13      
   11645     |      87.27       |      16.24      
   11646     |      84.87       |       7.20      
   11695     |      89.55       |      24.79      
   11696     |      87.41       |      18.84      
   11697     |      83.88       |      12.69      
   11698     |      81.88       |       7.35      
   11699     |      87.93       |       7.75      
   11708     |      84.07       |       8.87      
   11709     |      87.16       |      21.06      
   11783     |      84.49       |      18.14      
   11784     |      82.52       |       6.87      
   11785     |      84.87       |      10.36      
   11786     |      87.33       |       7.44      
   11790     |      89.95       |       5.05      
   11792     |      88.22       |      20.54      
   11846     |      77.16       |      12.93      
   11848     |      89.37       |       4.86      
   11849     |      88.64       |      20.23      
   11850     |      89.30       |      30.27      
   11916     |      85.73       |       7.55      
   11917     |      83.16       |       7.10      
   11918     |      89.36       |       5.54      
   11919     |      87.88       |       1.45      
   11921     |      88.15       |       4.68      
   11922     |      88.74       |       7.09      
   11925     |      87.36       |      10.19      
   11931     |      87.85       |       7.71      
   11994     |      89.92       |      26.68      
   12002     |      89.46       |      29.14      
   12003     |      89.42       |      29.20      
   12004     |      88.55       |      27.20      
   12040     |      83.58       |      42.09      
   12060     |      83.25       |      17.70      
   12061     |      88.62       |       8.01      
   12071     |      89.10       |      10.48      
   12072     |      89.04       |       9.72      
   12073     |      89.89       |       8.45      
   12078     |      80.73       |      23.23      
   12079     |      83.50       |      34.53      
   12080     |      80.93       |      22.37      
   12081     |      89.89       |      17.04      
   12082     |      86.14       |      38.91      
   12083     |      87.42       |      43.16      
   12127     |      88.24       |       6.88      
   12128     |      86.24       |      17.48      
   12129     |      88.06       |      14.34      
   12139     |      85.66       |      11.76      
   12140     |      78.65       |      12.10      
   12145     |      86.98       |      15.29      
   12146     |      87.82       |      17.01      
   12147     |      87.90       |      14.21      
   12148     |      89.20       |      10.79      
   12149     |      83.39       |      29.10      
   12150     |      79.51       |      23.46      
   12151     |      72.00       |      30.32      
   12152     |      71.83       |      32.77      
   12153     |      77.96       |      36.54      
   12154     |      79.01       |      32.52      
   12155     |      84.80       |      27.03      
   12156     |      84.28       |      29.40      
   12159     |      84.80       |      29.75      
   12160     |      85.77       |      38.52      
   12205     |      83.25       |      14.73      
   12206     |      83.87       |       5.92      
   12207     |      83.55       |       6.04      
   12214     |      84.14       |       8.65      
   12215     |      85.53       |      11.95      
   12216     |      85.39       |      11.55      
   12217     |      86.86       |       8.20      
   12218     |      89.24       |      13.59      
   12219     |      89.87       |       7.82      
   12220     |      86.94       |       2.64      
   12227     |      72.92       |      31.22      
   12261     |      89.23       |      41.89      
   12275     |      83.90       |      15.50      
   12276     |      84.38       |      12.08      
   12277     |      84.21       |      12.29      
   12278     |      85.58       |      11.59      
   12279     |      87.93       |      11.90      
   12280     |      87.24       |       6.19      
   12281     |      87.08       |       6.48      
   12290     |      88.18       |      17.31      
   12291     |      85.50       |      13.99      
   12292     |      83.37       |      22.52      
   12293     |      84.10       |      28.95      
   12294     |      80.31       |      37.94      
   12295     |      79.67       |      25.05      
   12296     |      77.11       |      31.40      
   12329     |      89.36       |      25.66      
   12330     |      87.61       |      50.95      
   12341     |      89.05       |      13.26      
   12345     |      89.71       |       3.68      
   12347     |      79.48       |      10.36      
   12348     |      81.50       |      10.37      
   12349     |      88.82       |       7.53      
   12350     |      86.11       |       7.18      
   12364     |      87.10       |      25.52      
   12365     |      85.25       |      17.13      
   12366     |      85.27       |      28.63      
   12367     |      89.74       |      36.25      
   12368     |      89.76       |      35.52      
   12405     |      88.88       |      22.52      
   12410     |      89.87       |      50.54      
   12411     |      88.29       |      46.90      
   12412     |      88.42       |      45.27      
   12436     |      86.50       |       3.07      
   12437     |      87.37       |       9.89      
   12441     |      85.70       |      33.39      
   12442     |      85.80       |      39.94      
   12449     |      88.20       |      18.63      
   12450     |      88.07       |      31.51      
   12451     |      87.78       |      18.29      
   12452     |      87.21       |      16.17      
   12453     |      88.63       |       2.15      
   12454     |      82.84       |      12.08      
   12487     |      86.46       |      47.44      
   12488     |      87.71       |      46.15      
   12502     |      86.41       |       4.85      
   12503     |      85.14       |       7.52      
   12504     |      84.65       |      10.61      
   12511     |      89.15       |       0.80      
   12514     |      85.79       |       7.05      
   12515     |      86.90       |      18.04      
   12516     |      78.25       |      11.53      
   12517     |      76.61       |      30.37      
   12518     |      77.39       |      42.22      
   12519     |      77.61       |      19.64      
   12521     |      89.65       |      21.48      
   12527     |      83.20       |      11.95      
   12528     |      87.34       |      25.49      
   12529     |      87.44       |      16.02      
   12530     |      86.82       |      14.73      
   12531     |      87.30       |       2.76      
   12532     |      83.42       |       8.15      
   12533     |      81.54       |      23.60      
   12560     |      82.55       |      24.36      
   12564     |      84.72       |      47.23      
   12565     |      88.15       |      45.15      
   12566     |      86.39       |      45.51      
   12567     |      88.15       |      41.65      
   12568     |      89.95       |      43.34      
   12576     |      80.55       |      10.23      
   12577     |      80.54       |      11.01      
   12578     |      76.11       |      17.13      
   12579     |      75.77       |      19.84      
   12580     |      87.93       |      22.92      
   12581     |      88.22       |       2.91      
   12582     |      87.55       |       2.10      
   12583     |      86.09       |       5.99      
   12584     |      85.48       |       4.96      
   12586     |      67.40       |      35.32      
   12587     |      70.81       |      39.76      
   12588     |      70.74       |      34.88      
   12594     |      87.37       |      27.14      
   12596     |      86.76       |      18.32      
   12597     |      86.74       |      17.01      
   12627     |      84.63       |      48.98      
   12628     |      81.02       |      55.36      
   12629     |      80.76       |      51.96      
   12636     |      80.66       |      10.86      
   12638     |      89.81       |       2.63      
   12639     |      89.04       |       1.27      
   12643     |      81.81       |       9.33      
   12644     |      80.16       |      25.87      
   12645     |      73.54       |      19.21      
   12646     |      72.16       |      36.52      
   12647     |      80.00       |      19.73      
   12648     |      80.01       |      17.96      
   12649     |      86.36       |       8.94      
   12652     |      83.25       |      28.42      
   12653     |      81.75       |      33.25      
   12656     |      82.67       |      18.13      
   12657     |      86.01       |       5.41      
   12658     |      85.17       |      24.08      
   12659     |      85.92       |      25.08      
   12688     |      81.25       |      45.41      
   12689     |      80.07       |      43.38      
   12690     |      79.45       |      29.28      
   12696     |      86.94       |      47.51      
   12697     |      85.94       |      49.62      
   12698     |      76.02       |      48.75      
   12699     |      78.83       |      42.64      
   12700     |      84.67       |      47.14      
   12718     |      78.46       |      27.48      
   12719     |      81.12       |      31.39      
   12720     |      86.97       |      22.53      
   12721     |      84.38       |      18.07      
   12729     |      87.13       |      33.01      
   12731     |      88.82       |      18.49      
   12732     |      84.72       |      14.91      
   12733     |      84.66       |      15.83      
   12734     |      85.82       |      17.62      
   12735     |      86.49       |       6.21      
   12760     |      81.37       |      30.80      
   12766     |      83.89       |      46.53      
   12767     |      83.99       |      46.22      
   12768     |      88.71       |      50.51      
   12772     |      80.37       |      33.93      
   12773     |      81.87       |      25.78      
   12779     |      89.25       |      11.63      
   12780     |      88.47       |       8.82      
   12781     |      89.05       |       2.27      
   12784     |      89.61       |       2.00      
   12798     |      88.64       |      18.74      
   12818     |      86.58       |      28.37      
   12842     |      89.48       |      11.80      
   12845     |      87.21       |       4.32      
   12850     |      88.38       |       5.22      
   12854     |      77.03       |      29.86      
   12855     |      83.68       |      31.52      
   12856     |      86.02       |      36.03      
   12857     |      89.34       |      27.50      
   12859     |      86.19       |      28.76      
   12860     |      87.19       |      19.35      
   12861     |      86.78       |      18.57      
   12862     |      89.63       |      10.54      
   12863     |      89.46       |       3.40      
   12910     |      89.91       |      24.53      
   12918     |      88.84       |      26.85      
   12919     |      89.46       |      21.36      
   12933     |      89.91       |       3.49      
   12938     |      88.40       |      26.01      
   12942     |      88.13       |      36.10      
   12944     |      88.10       |      34.28      
   12945     |      84.09       |       7.64      
   12976     |      85.60       |      44.07      
   12977     |      84.81       |      35.01      
   13001     |      87.80       |      10.38      
   13026     |      87.93       |      13.83      
   13027     |      83.97       |       6.06      
   13028     |      83.35       |       6.81      
   13029     |      83.02       |      15.17      
   13061     |      88.36       |      42.97      
   13096     |      83.41       |      26.52      
   13097     |      76.63       |      24.42      
   13127     |      85.48       |      36.24      
   13128     |      85.50       |      40.90      
   13129     |      84.18       |      39.08      
   13130     |      82.51       |      46.16      
   13131     |      76.69       |      49.32      
   13132     |      74.60       |      45.14      
   13133     |      82.57       |      32.07      
   13135     |      89.83       |      58.11      
   13136     |      88.14       |      58.80      
   13137     |      87.92       |      49.51      
   13142     |      88.92       |      26.68      
   13143     |      87.64       |      11.60      
   13149     |      89.56       |       4.73      
   13150     |      77.14       |      21.28      
   13151     |      70.24       |      26.58      
   13152     |      86.25       |       6.63      
   13153     |      83.49       |      11.63      
   13161     |      83.60       |      16.91      
   13165     |      80.24       |      32.24      
   13166     |      83.54       |      38.64      
   13167     |      83.75       |      40.58      
   13168     |      76.95       |      21.47      
   13169     |      84.35       |      25.45      
   13170     |      84.32       |      11.82      
   13172     |      89.38       |      14.22      
   13174     |      80.79       |      23.98      
   13204     |      78.80       |      42.34      
   13205     |      87.74       |      49.64      
   13206     |      83.46       |      56.29      
   13207     |      82.85       |      45.34      
   13208     |      83.26       |      43.79      
   13212     |      87.46       |      11.38      
   13213     |      89.96       |       0.85      
   13218     |      64.24       |      29.10      
   13219     |      59.68       |      31.27      
   13220     |      66.43       |      25.91      
   13221     |      68.69       |      21.72      
   13231     |      86.85       |      16.98      
   13232     |      88.38       |      15.55      
   13237     |      78.88       |      45.85      
   13238     |      80.46       |      37.38      
   13239     |      85.67       |       9.91      
   13240     |      87.84       |      10.20      
   13241     |      84.70       |      21.32      
   13269     |      87.52       |      43.46      
   13271     |      88.35       |      41.91      
   13272     |      80.18       |      42.04      
   13273     |      81.25       |      33.14      
   13278     |      89.94       |       3.27      
   13282     |      78.54       |      13.67      
   13283     |      79.14       |      15.83      
   13284     |      72.15       |      18.95      
   13285     |      79.53       |      10.94      
   13286     |      88.28       |       6.80      
   13287     |      89.39       |       2.99      
   13289     |      87.77       |      16.34      
   13290     |      86.55       |      12.20      
   13296     |      89.55       |      24.85      
   13305     |      76.60       |      22.17      
   13306     |      76.23       |      17.56      
   13307     |      75.00       |      17.82      
   13308     |      77.92       |      13.81      
   13309     |      81.29       |      22.43      
   13310     |      88.75       |      16.13      
   13342     |      89.12       |      32.11      
   13343     |      87.64       |      43.45      
   13347     |      86.14       |      38.41      
   13348     |      86.08       |      37.80      
   13349     |      85.70       |      38.85      
   13351     |      89.55       |       2.48      
   13358     |      81.79       |      11.05      
   13360     |      88.73       |       4.90      
   13362     |      87.77       |      12.64      
   13363     |      88.14       |      16.73      
   13364     |      88.43       |       9.55      
   13369     |      87.69       |      23.48      
   13404     |      84.37       |      33.39      
   13405     |      84.08       |      34.34      
   13406     |      89.75       |      27.28      
   13407     |      87.21       |      43.07      
   13408     |      87.23       |      54.38      
   13412     |      86.46       |      37.48      
   13415     |      84.20       |      16.56      
   13416     |      84.83       |       5.51      
   13418     |      89.12       |       2.30      
   13426     |      86.27       |      11.71      
   13427     |      82.16       |      11.94      
   13428     |      86.14       |      13.28      
   13432     |      88.95       |      30.69      
   13433     |      87.48       |      23.51      
   13439     |      87.82       |      54.54      
   13443     |      83.29       |      11.96      
   13444     |      82.02       |      10.40      
   13445     |      78.59       |      21.55      
   13461     |      89.43       |      42.80      
   13469     |      89.99       |       8.50      
   13470     |      89.92       |       9.87      
   13476     |      85.48       |      10.21      
   13477     |      85.67       |       9.56      
   13478     |      82.01       |       8.13      
   13479     |      82.57       |       7.45      
   13480     |      82.68       |      12.07      
   13481     |      83.39       |       7.17      
   13482     |      81.65       |      17.50      
   13483     |      85.25       |       8.64      
   13484     |      85.39       |       9.75      
   13485     |      85.87       |       8.92      
   13486     |      89.49       |      17.03      
   13487     |      83.26       |      14.10      
   13488     |      82.12       |      26.64      
   13489     |      81.55       |      21.88      
   13490     |      85.02       |      29.20      
   13491     |      89.47       |      18.69      
   13493     |      80.68       |      39.34      
   13494     |      81.31       |      45.98      
   13496     |      89.45       |      31.44      
   13499     |      85.00       |      18.88      
   13500     |      81.01       |      24.88      
   13501     |      72.34       |      23.45      
   13502     |      72.97       |      24.10      
   13503     |      68.29       |      36.90      
   13531     |      77.82       |      36.24      
   13532     |      77.23       |      46.56      
   13533     |      84.52       |      27.63      
   13534     |      89.11       |      34.45      
   13537     |      85.18       |      52.83      
   13538     |      83.77       |      55.33      
   13539     |      77.84       |      34.02      
   13540     |      74.82       |      42.47      
   13542     |      88.45       |      50.09      
   13546     |      86.58       |      10.28      
   13549     |      86.91       |       4.48      
   13550     |      87.49       |       2.74      
   13551     |      84.40       |      10.94      
   13552     |      89.50       |      13.13      
   13554     |      81.04       |      22.09      
   13558     |      86.97       |      33.51      
   13559     |      77.71       |      26.03      
   13560     |      77.28       |      24.92      
   13561     |      80.40       |      23.36      
   13582     |      74.37       |      39.90      
   13583     |      78.72       |      47.15      
   13584     |      76.23       |      43.56      
   13589     |      82.25       |      29.25      
   13590     |      87.37       |      42.15      
   13591     |      79.28       |      50.22      
   13592     |      79.06       |      52.14      
   13593     |      86.62       |      47.27      
   13594     |      87.08       |      38.27      
   13604     |      82.56       |       8.11      
   13605     |      79.00       |      20.27      
   13606     |      88.73       |       7.17      
   13607     |      88.37       |       9.15      
   13611     |      89.46       |      24.27      
   13613     |      84.82       |      24.82      
   13614     |      87.68       |      27.00      
   13615     |      87.13       |       9.29      
   13621     |      84.57       |      28.22      
   13622     |      86.23       |      28.85      
   13623     |      76.48       |      25.48      
   13624     |      74.74       |      31.12      
   13625     |      76.35       |      31.45      
   13654     |      78.63       |      39.36      
   13655     |      80.27       |      40.34      
   13658     |      83.97       |      43.18      
   13659     |      84.23       |      44.46      
   13660     |      81.21       |      52.56      
   13661     |      77.91       |      40.78      
   13662     |      87.81       |      43.04      
   13663     |      87.62       |      42.21      
   13664     |      85.18       |      54.61      
   13665     |      84.51       |      51.04      
   13666     |      87.99       |      36.10      
   13679     |      86.73       |       3.95      
   13686     |      89.99       |      19.16      
   13691     |      87.17       |      33.75      
   13692     |      89.85       |       7.14      
   13699     |      87.73       |      24.68      
   13700     |      87.23       |      15.81      
   13701     |      87.47       |      16.10      
   13702     |      83.87       |      24.89      
   13703     |      84.22       |      31.93      
   13734     |      89.07       |      44.78      
   13735     |      84.12       |      35.40      
   13736     |      83.85       |      37.20      
   13737     |      83.15       |      35.63      
   13738     |      80.70       |      43.63      
   13739     |      79.51       |      41.12      
   13740     |      84.95       |      41.85      
   13741     |      89.16       |      51.44      
   13743     |      86.34       |      40.98      
   13744     |      88.27       |      46.61      
   13751     |      87.99       |      14.64      
   13752     |      87.25       |      18.78      
   13753     |      86.64       |       4.24      
   13756     |      88.80       |      12.44      
   13757     |      87.49       |       9.27      
   13759     |      84.59       |       5.75      
   13760     |      77.62       |      24.16      
   13761     |      82.57       |      35.79      
   13762     |      80.17       |      48.52      
   13763     |      81.07       |      46.11      
   13764     |      85.75       |      51.46      
   13765     |      85.33       |      44.08      
   13766     |      83.99       |      21.48      
   13767     |      79.62       |      33.71      
   13768     |      80.35       |      24.08      
   13791     |      87.51       |      45.06      
   13792     |      88.80       |      31.46      
   13793     |      87.04       |      29.63      
   13794     |      78.18       |      49.85      
   13795     |      80.31       |      40.66      
   13798     |      86.83       |       3.44      
   13799     |      87.56       |       4.39      
   13808     |      84.45       |       6.62      
   13809     |      85.78       |       4.46      
   13810     |      82.49       |       8.71      
   13811     |      82.64       |       7.57      
   13812     |      83.68       |       8.23      
   13814     |      88.53       |       7.36      
   13815     |      88.26       |       8.08      
   13816     |      80.24       |      21.92      
   13817     |      76.45       |      20.68      
   13818     |      81.28       |      33.21      
   13819     |      88.65       |      35.65      
   13820     |      87.74       |      33.78      
   13821     |      89.83       |      27.89      
   13822     |      82.36       |      14.30      
   13823     |      73.70       |      26.03      
   13824     |      75.90       |      51.78      
   13825     |      73.60       |      46.39      
   13826     |      70.45       |      51.82      
   13827     |      83.27       |      22.79      
   13828     |      80.61       |      21.36      
   13829     |      83.29       |      33.75      
   13832     |      86.34       |      20.74      
   13860     |      88.85       |      42.03      
   13861     |      88.28       |      40.42      
   13862     |      86.93       |      26.76      
   13863     |      86.28       |      38.96      
   13864     |      89.15       |      34.82      
   13865     |      87.16       |      45.17      
   13866     |      77.69       |      30.31      
   13867     |      74.88       |      44.17      
   13868     |      69.67       |      36.65      
   13869     |      67.88       |      54.99      
   13870     |      71.44       |      52.40      
   13871     |      78.76       |      30.95      
   13872     |      80.25       |      35.46      
   13873     |      77.74       |      41.77      
   13874     |      78.93       |      38.75      
   13875     |      89.47       |      23.10      
   13885     |      84.00       |       6.35      
   13886     |      83.06       |      10.08      
   13889     |      89.69       |      16.85      
   13890     |      83.58       |      11.76      
   13891     |      76.79       |      26.77      
   13892     |      73.01       |      28.22      
   13893     |      71.67       |      33.32      
   13894     |      78.20       |      34.11      
   13895     |      78.41       |      24.44      
   13896     |      82.44       |      28.55      
   13897     |      68.35       |      36.41      
   13898     |      63.93       |      35.36      
   13899     |      63.47       |      41.74      
   13900     |      69.36       |      50.87      
   13901     |      68.46       |      45.37      
   13902     |      82.94       |      53.66      
   13903     |      81.29       |      31.06      
   13904     |      85.67       |      44.46      
   13905     |      89.95       |      21.11      
   13906     |      89.89       |      21.10      
   13929     |      86.11       |      35.06      
   13930     |      79.89       |      39.31      
   13931     |      80.87       |      26.89      
   13932     |      78.71       |      29.50      
   13933     |      64.85       |      54.69      
   13934     |      61.80       |      45.74      
   13935     |      79.23       |      49.16      
   13936     |      79.24       |      49.14      
   13937     |      75.98       |      51.65      
   13947     |      85.11       |       5.16      
   13948     |      86.02       |       7.76      
   13949     |      85.36       |       7.78      
   13950     |      84.87       |       5.41      
   13951     |      86.53       |       9.32      
   13952     |      84.48       |      19.72      
   13953     |      82.73       |      18.05      
   13954     |      64.16       |      37.36      
   13955     |      67.18       |      32.69      
   13956     |      72.75       |      32.59      
   13957     |      70.65       |      47.92      
   13958     |      71.46       |      51.58      
   13988     |      82.38       |      36.83      
   13989     |      82.60       |      38.34      
   13990     |      78.87       |      47.07      
   13991     |      77.29       |      36.78      
   13992     |      81.56       |      36.68      
   13993     |      80.72       |      38.65      
   13994     |      78.21       |      36.95      
   13995     |      87.65       |      26.29      
   13996     |      80.48       |      49.35      
   13997     |      72.20       |      46.13      
   13998     |      72.80       |      45.51      
   13999     |      73.29       |      52.74      
   14000     |      72.38       |      52.20      
   14001     |      78.65       |      46.05      
   14002     |      78.20       |      48.39      
   14003     |      77.33       |      44.89      
   14004     |      75.63       |      18.04      
   14017     |      76.19       |      19.27      
   14018     |      81.05       |      26.93      
   14019     |      84.70       |      13.23      
   14020     |      74.98       |      15.97      
   14021     |      82.67       |      19.52      
   14022     |      78.91       |      34.79      
   14023     |      77.04       |      33.38      
   14024     |      76.48       |      30.55      
   14025     |      71.78       |      29.53      
   14026     |      77.54       |      18.11      
   14027     |      77.85       |      18.21      
   14028     |      79.28       |      24.70      
   14029     |      81.60       |      38.44      
   14030     |      81.54       |      38.32      
   14031     |      76.80       |      35.59      
   14032     |      79.25       |      44.84      
   14033     |      76.58       |      42.73      
   14034     |      76.49       |      40.61      
   14035     |      79.70       |      33.03      
   14036     |      79.72       |      30.90      
   14062     |      85.01       |      24.96      
   14063     |      80.57       |      37.54      
   14064     |      81.76       |      27.58      
   14065     |      75.00       |      36.90      
   14066     |      81.87       |      26.70      
   14067     |      85.43       |      35.49      
   14068     |      81.74       |      44.51      
   14069     |      86.42       |      41.81      
   14070     |      68.99       |      52.57      
   14071     |      77.91       |      57.24      
   14072     |      78.38       |      51.40      
   14073     |      82.19       |      47.77      
   14074     |      82.80       |      40.32      
   14075     |      80.14       |      45.50      
   14076     |      78.69       |      27.14      
   14077     |      75.78       |      31.82      
   14078     |      76.87       |      17.75      
   14079     |      77.40       |      16.35      
   14080     |      77.92       |      15.63      
   14081     |      85.44       |       9.78      
   14092     |      87.86       |      15.97      
   14093     |      83.38       |      14.18      
   14094     |      86.72       |       6.67      
   14095     |      84.91       |      14.85      
   14096     |      87.94       |      16.64      
   14097     |      87.05       |      34.55      
   14098     |      79.48       |      24.33      
   14099     |      79.08       |      37.40      
   14101     |      78.62       |      45.29      
   14102     |      79.00       |      45.99      
   14103     |      80.93       |      42.96      
   14104     |      87.33       |       9.26      
   14124     |      82.91       |      26.38      
   14125     |      82.89       |      26.27      
   14126     |      71.16       |      47.23      
   14127     |      79.38       |      43.75      
   14128     |      81.44       |      36.80      
   14129     |      78.17       |      33.01      
   14130     |      82.41       |      27.32      
   14131     |      82.55       |      38.67      
   14132     |      76.17       |      41.41      
   14133     |      76.26       |      34.95      
   14134     |      76.26       |      34.93      
   14135     |      75.68       |      44.50      
   14136     |      76.46       |      25.95      
   14137     |      77.58       |      18.10      
   14138     |      79.30       |      15.08      
   14147     |      78.30       |      22.50      
   14148     |      81.96       |      30.64      
   14152     |      85.87       |      12.97      
   14153     |      80.77       |      24.68      
   14154     |      84.67       |      28.08      
   14155     |      85.02       |      26.98      
   14156     |      85.54       |      30.83      
   14157     |      85.53       |      47.41      
   14158     |      85.29       |      47.02      
   14166     |      89.80       |      32.96      
   14193     |      86.47       |      17.66      
   14194     |      84.14       |      31.34      
   14195     |      84.45       |      39.37      
   14196     |      74.99       |      34.54      
   14197     |      75.04       |      34.22      
   14198     |      69.78       |      30.80      
   14199     |      68.24       |      37.79      
   14200     |      76.13       |      45.22      
   14201     |      75.17       |      57.26      
   14202     |      71.65       |      52.69      
   14203     |      71.25       |      55.21      
   14204     |      67.75       |      52.74      
   14205     |      67.11       |      46.82      
   14206     |      65.36       |      44.19      
   14207     |      64.70       |      38.32      
   14208     |      83.81       |      14.53      
   14209     |      84.93       |       6.76      
   14211     |      89.85       |       4.37      
   14223     |      85.81       |      20.37      
   14224     |      85.44       |      16.62      
   14228     |      84.46       |      21.96      
   14229     |      83.37       |      38.36      
   14237     |      89.54       |       8.91      
   14238     |      87.30       |      18.91      
   14259     |      85.41       |      17.41      
   14260     |      83.37       |       8.80      
   14261     |      71.28       |      31.99      
   14262     |      69.59       |      48.10      
   14263     |      67.23       |      43.66      
   14264     |      75.73       |      39.83      
   14265     |      70.90       |      37.58      
   14266     |      78.47       |      27.67      
   14267     |      74.16       |      40.94      
   14268     |      74.69       |      39.90      
   14269     |      78.91       |      45.10      
   14270     |      85.47       |      34.11      
   14271     |      85.40       |      34.66      
   14272     |      86.56       |      32.95      
   14273     |      84.55       |      38.62      
   14274     |      68.28       |      53.02      
   14275     |      68.61       |      52.12      
   14276     |      61.87       |      35.77      
   14277     |      61.20       |      37.84      
   14278     |      80.26       |      20.60      
   14289     |      88.24       |       4.47      
   14290     |      88.29       |      18.16      
   14291     |      88.89       |      20.26      
   14295     |      89.97       |      34.07      
   14300     |      89.01       |      27.85      
   14324     |      83.44       |      17.94      
   14325     |      77.30       |      13.47      
   14326     |      71.78       |      22.94      
   14327     |      73.16       |      48.67      
   14328     |      73.63       |      50.08      
   14329     |      88.36       |      36.77      
   14330     |      71.65       |      25.59      
   14331     |      72.01       |      43.86      
   14332     |      81.52       |      36.57      
   14333     |      85.27       |      45.39      
   14334     |      84.30       |      46.84      
   14335     |      74.74       |      31.03      
   14336     |      72.07       |      52.09      
   14337     |      66.18       |      42.00      
   14338     |      57.11       |      38.26      
   14339     |      66.15       |      37.35      
   14340     |      68.05       |      30.63      
   14341     |      74.89       |      32.40      
   14342     |      75.50       |      23.79      
   14344     |      89.53       |       2.90      
   14351     |      87.69       |       9.12      
   14352     |      87.51       |      33.36      
   14357     |      87.41       |      25.87      
   14359     |      87.33       |      17.91      
   14365     |      85.20       |      33.82      
   14385     |      75.90       |      52.59      
   14386     |      89.38       |      22.64      
   14387     |      81.40       |      36.85      
   14388     |      84.81       |      41.34      
   14389     |      83.95       |      43.48      
   14390     |      81.57       |      37.61      
   14406     |      87.22       |      27.35      
   14407     |      86.77       |      24.00      
   14422     |      87.99       |      12.93      
   14423     |      87.65       |      35.98      
   14424     |      84.64       |      31.91      
   14425     |      84.04       |      31.91      
   14448     |      82.27       |      32.58      
   14450     |      88.31       |      28.26      
   14451     |      84.80       |      42.67      
   14452     |      83.70       |      38.53      
   14453     |      82.11       |      47.02      
   14454     |      76.78       |      52.29      
   14455     |      75.05       |      30.32      
   14458     |      71.70       |      39.21      
   14459     |      74.20       |      43.69      
   14460     |      67.76       |      51.90      
   14461     |      81.24       |      41.04      
   14462     |      79.93       |      35.82      
   14463     |      78.39       |      47.28      
   14464     |      68.25       |      33.07      
   14465     |      66.51       |      41.96      
   14466     |      59.16       |      35.66      
   14467     |      58.36       |      40.29      
   14468     |      58.30       |      46.51      
   14469     |      60.92       |      48.55      
   14470     |      63.53       |      37.45      
   14471     |      64.41       |      39.36      
   14472     |      70.74       |      26.47      
   14473     |      71.79       |      19.23      
   14474     |      79.57       |      23.73      
   14475     |      80.82       |      10.87      
   14489     |      88.97       |      28.45      
   14496     |      84.49       |      14.74      
   14497     |      85.62       |      34.93      
   14503     |      82.20       |      41.71      
   14504     |      75.82       |      35.60      
   14505     |      76.60       |      54.39      
   14530     |      81.90       |      17.16      
   14531     |      82.13       |      18.97      
   14532     |      83.24       |      48.89      
   14533     |      85.78       |      46.50      
   14534     |      89.69       |      35.82      
   14535     |      74.30       |      36.90      
   14536     |      67.09       |      40.79      
   14537     |      67.52       |      34.00      
   14538     |      65.52       |      32.85      
   14539     |      65.48       |      32.12      
   14540     |      61.73       |      33.28      
   14541     |      82.71       |      10.73      
   14542     |      82.69       |      11.36      
   14543     |      84.92       |       6.32      
   14544     |      85.45       |       6.20      
   14563     |      89.92       |      35.45      
   14564     |      72.47       |      44.44      
   14592     |      71.51       |      44.07      
   14593     |      82.98       |      32.42      
   14594     |      84.16       |      17.88      
   14595     |      81.65       |      12.28      
   14596     |      84.20       |      38.15      
   14597     |      78.42       |      46.06      
   14598     |      76.04       |      40.54      
   14599     |      73.66       |      44.53      
   14600     |      73.00       |      44.00      
   14601     |      74.07       |      32.52      
   14604     |      84.51       |      48.65      
   14605     |      87.30       |      49.90      
   14607     |      87.78       |      28.35      
   14608     |      86.74       |      21.13      
   14609     |      68.29       |      33.80      
   14610     |      68.18       |      39.36      
   14611     |      69.63       |      26.98      
   14612     |      67.30       |      46.25      
   14613     |      65.87       |      38.87      
   14614     |      65.88       |      38.86      
   14615     |      69.57       |      28.72      
   14616     |      70.17       |      30.34      
   14617     |      83.44       |       7.59      
   14618     |      83.00       |       8.49      
   14639     |      89.79       |      25.95      
   14641     |      88.62       |      46.57      
   14642     |      86.05       |      43.45      
   14643     |      81.60       |      38.26      
   14644     |      84.59       |      54.03      
   14645     |      80.38       |      51.90      
   14669     |      56.32       |      51.14      
   14670     |      48.93       |      49.39      
   14671     |      55.25       |      37.63      
   14672     |      54.97       |      36.21      
   14673     |      67.36       |      31.46      
   14674     |      66.49       |      37.77      
   14675     |      71.91       |      43.50      
   14676     |      73.05       |      52.75      
   14677     |      73.57       |      36.65      
   14678     |      75.43       |      18.58      
   14679     |      76.92       |      24.97      
   14680     |      78.53       |      26.02      
   14681     |      72.53       |      37.64      
   14682     |      71.30       |      34.63      
   14683     |      71.86       |      33.60      
   14684     |      71.48       |      24.89      
   14685     |      71.53       |      26.54      
   14686     |      73.48       |      39.68      
   14687     |      74.42       |      29.78      
   14688     |      71.49       |      21.97      
   14689     |      72.51       |      18.19      
   14690     |      76.51       |      14.76      
   14691     |      84.79       |      26.56      
   14692     |      89.93       |       7.40      
   14715     |      85.21       |      34.64      
   14716     |      85.68       |      40.68      
   14748     |      69.22       |      50.29      
   14749     |      66.58       |      41.79      
   14750     |      61.41       |      39.17      
   14751     |      65.66       |      47.42      
   14752     |      65.77       |      53.08      
   14753     |      82.87       |      32.30      
   14754     |      82.92       |      32.10      
   14755     |      85.27       |      33.77      
   14756     |      83.46       |      28.53      
   14757     |      73.88       |      52.86      
   14758     |      67.16       |      38.86      
   14759     |      82.87       |      24.52      
   14760     |      74.82       |      24.57      
   14761     |      75.28       |      27.79      
   14762     |      77.67       |      20.55      
   14763     |      74.95       |      39.30      
   14764     |      70.87       |      36.82      
   14765     |      71.69       |      38.91      
   14766     |      72.85       |      26.74      
   14767     |      74.56       |      17.37      
   14768     |      74.08       |      17.18      
   14769     |      78.90       |      28.96      
   14770     |      87.06       |      10.36      
   14785     |      88.17       |      33.26      
   14788     |      82.49       |      46.41      
   14789     |      81.26       |      40.28      
   14790     |      80.06       |      44.72      
   14791     |      88.75       |      49.59      
   14792     |      78.05       |      49.08      
   14793     |      74.07       |      44.02      
   14794     |      78.64       |      44.14      
   14795     |      77.94       |      42.31      
   14796     |      88.60       |      50.40      
   14817     |      70.35       |      29.87      
   14818     |      74.43       |      32.43      
   14819     |      76.39       |      39.46      
   14820     |      72.89       |      59.32      
   14821     |      72.28       |      47.76      
   14822     |      82.82       |      28.29      
   14823     |      74.45       |      53.01      
   14824     |      66.28       |      40.31      
   14825     |      76.64       |      42.15      
   14826     |      75.65       |      37.66      
   14827     |      79.46       |      33.55      
   14828     |      77.71       |      19.60      
   14829     |      78.24       |      23.91      
   14830     |      76.38       |      37.55      
   14831     |      74.34       |      30.84      
   14832     |      76.21       |      41.04      
   14833     |      73.52       |      38.33      
   14834     |      74.25       |      24.57      
   14835     |      78.86       |      14.89      
   14836     |      80.28       |      29.94      
   14837     |      81.52       |      20.72      
   14838     |      78.76       |      16.09      
   14839     |      80.73       |      10.76      
   14850     |      89.72       |      27.93      
   14863     |      84.68       |      47.17      
   14864     |      78.81       |      41.36      
   14865     |      79.71       |      45.77      
   14866     |      67.34       |      51.05      
   14867     |      68.68       |      57.55      
   14868     |      74.80       |      46.20      
   14869     |      74.12       |      44.01      
   14891     |      64.28       |      41.72      
   14892     |      64.38       |      35.15      
   14893     |      69.99       |      37.40      
   14894     |      80.42       |      42.54      
   14895     |      81.08       |      33.74      
   14896     |      80.87       |      33.09      
   14897     |      81.01       |      43.36      
   14898     |      83.47       |      48.32      
   14899     |      73.11       |      48.13      
   14900     |      74.04       |      39.89      
   14901     |      73.83       |      39.62      
   14902     |      77.97       |      31.58      
   14903     |      69.49       |      44.06      
   14904     |      84.94       |      37.26      
   14905     |      87.33       |      20.43      
   14906     |      82.58       |      24.36      
   14907     |      66.30       |      36.57      
   14908     |      66.28       |      36.65      
   14909     |      73.06       |      42.32      
   14910     |      73.30       |      22.40      
   14911     |      74.33       |      16.94      
   14912     |      71.33       |      20.54      
   14913     |      78.20       |      22.52      
   14914     |      71.34       |      36.14      
   14915     |      71.92       |      23.04      
   14916     |      88.73       |       7.11      
   14917     |      87.36       |      14.54      
   14923     |      84.05       |      24.28      
   14924     |      84.14       |      24.69      
   14929     |      85.74       |      51.29      
   14930     |      78.54       |      46.63      
   14931     |      77.42       |      55.43      
   14932     |      76.67       |      33.95      
   14933     |      85.26       |      44.56      
   14955     |      70.70       |      50.99      
   14956     |      81.07       |      33.25      
   14957     |      82.19       |      38.87      
   14958     |      78.25       |      35.36      
   14959     |      77.75       |      47.54      
   14960     |      75.85       |      45.61      
   14961     |      71.43       |      41.29      
   14962     |      76.23       |      31.14      
   14963     |      69.85       |      29.92      
   14964     |      71.33       |      31.47      
   14965     |      67.33       |      35.47      
   14966     |      77.75       |      29.22      
   14967     |      78.39       |      21.17      
   14968     |      89.97       |      16.68      
   14978     |      88.23       |      34.16      
   14979     |      89.25       |      29.39      
   14980     |      85.08       |      16.44      
   14981     |      78.66       |      29.50      
   14982     |      75.30       |      29.00      
   14983     |      72.38       |      21.16      
   14984     |      66.96       |      27.62      
   14985     |      81.76       |      26.60      
   14986     |      85.96       |      38.90      
   14989     |      82.28       |      50.62      
   14990     |      82.78       |      52.14      
   14991     |      81.27       |      54.57      
   14992     |      73.40       |      49.85      
   14993     |      86.10       |      52.94      
   14994     |      86.31       |      52.46      
   14995     |      70.76       |      47.26      
   15024     |      68.52       |      38.37      
   15025     |      65.79       |      34.73      
   15026     |      73.40       |      38.07      
   15027     |      74.55       |      40.98      
   15028     |      66.91       |      41.60      
   15029     |      70.71       |      45.11      
   15030     |      77.20       |      48.77      
   15031     |      76.94       |      47.85      
   15032     |      69.91       |      45.02      
   15033     |      68.07       |      31.11      
   15034     |      69.93       |      28.48      
   15035     |      70.12       |      28.47      
   15036     |      73.89       |      20.23      
   15037     |      72.97       |      19.75      
   15038     |      65.91       |      31.46      
   15039     |      72.34       |      42.82      
   15040     |      83.71       |      28.62      
   15041     |      86.20       |      16.88      
   15042     |      88.24       |      15.16      
   15043     |      87.46       |      16.83      
   15044     |      88.07       |      17.31      
   15046     |      89.12       |       3.74      
   15049     |      88.99       |      10.55      
   15050     |      87.49       |      17.63      
   15052     |      87.94       |      22.84      
   15053     |      77.43       |      35.61      
   15054     |      76.44       |      21.53      
   15055     |      73.30       |      22.10      
   15056     |      72.84       |      24.14      
   15057     |      87.75       |      40.26      
   15058     |      76.07       |      42.95      
   15059     |      76.03       |      50.28      
   15060     |      71.78       |      40.04      
   15061     |      79.36       |      51.50      
   15062     |      71.17       |      57.32      
   15063     |      66.32       |      53.37      
   15064     |      56.09       |      50.08      
   15065     |      56.07       |      50.36      
   15084     |      74.06       |      21.99      
   15085     |      73.88       |      43.33      
   15086     |      74.03       |      39.49      
   15087     |      74.70       |      40.91      
   15088     |      66.51       |      39.59      
   15089     |      66.14       |      48.73      
   15090     |      71.07       |      38.74      
   15091     |      74.43       |      32.27      
   15092     |      80.62       |      43.35      
   15093     |      84.07       |      37.56      
   15094     |      61.55       |      33.71      
   15095     |      61.15       |      31.78      
   15096     |      57.33       |      38.69      
   15097     |      69.00       |      22.54      
   15098     |      69.90       |      26.06      
   15099     |      59.49       |      38.04      
   15100     |      67.51       |      39.91      
   15101     |      67.49       |      39.43      
   15102     |      72.84       |      46.27      
   15103     |      77.94       |      40.38      
   15104     |      78.59       |      35.20      
   15105     |      83.21       |      17.46      
   15106     |      83.11       |      11.78      
   15107     |      77.20       |      20.83      
   15108     |      75.26       |      33.54      
   15109     |      72.18       |      31.63      
   15110     |      74.19       |      16.97      
   15111     |      75.37       |      15.69      
   15112     |      80.23       |      18.70      
   15117     |      87.58       |      41.34      
   15118     |      87.26       |      28.87      
   15119     |      89.58       |      31.19      
   15128     |      86.78       |      19.19      
   15129     |      69.88       |      31.30      
   15130     |      78.29       |      49.01      
   15131     |      78.02       |      48.96      
   15132     |      87.24       |      52.26      
   15135     |      77.48       |      59.04      
   15158     |      84.17       |      42.58      
   15159     |      84.03       |      33.96      
   15160     |      63.43       |      47.79      
   15161     |      86.79       |      44.25      
   15162     |      85.50       |      35.52      
   15163     |      67.71       |      24.23      
   15164     |      57.79       |      38.95      
   15165     |      70.95       |      25.83      
   15166     |      62.55       |      31.35      
   15167     |      63.72       |      33.00      
   15168     |      62.43       |      42.47      
   15169     |      64.74       |      44.95      
   15170     |      66.30       |      50.45      
   15171     |      68.44       |      45.83      
   15172     |      72.74       |      50.64      
   15173     |      76.61       |      16.53      
   15174     |      76.93       |      16.96      
   15175     |      69.12       |      32.54      
   15176     |      73.96       |      17.12      
   15177     |      84.99       |      15.04      
   15178     |      84.51       |       6.48      
   15187     |      64.62       |      36.80      
   15188     |      64.45       |      38.06      
   15189     |      85.35       |      48.01      
   15190     |      77.63       |      48.08      
   15191     |      82.44       |      42.27      
   15192     |      83.95       |      44.20      
   15193     |      89.32       |      44.89      
   15195     |      86.13       |      57.53      
   15196     |      84.59       |      55.40      
   15197     |      71.04       |      55.19      
   15198     |      70.36       |      54.63      
   15199     |      66.11       |      53.39      
   15200     |      65.35       |      44.05      
   15221     |      56.41       |      37.07      
   15222     |      67.58       |      32.13      
   15223     |      80.98       |      42.97      
   15224     |      83.32       |      30.23      
   15225     |      88.32       |      33.53      
   15226     |      85.08       |      42.11      
   15227     |      67.50       |      41.31      
   15228     |      66.77       |      39.35      
   15229     |      72.90       |      41.78      
   15230     |      70.74       |      50.36      
   15231     |      64.46       |      40.81      
   15233     |      84.46       |      45.67      
   15234     |      85.45       |      49.25      
   15235     |      87.98       |      35.25      
   15236     |      77.17       |      20.57      
   15237     |      77.03       |      14.48      
   15238     |      57.33       |      34.89      
   15239     |      69.80       |      51.50      
   15240     |      68.96       |      52.52      
   15241     |      67.84       |      33.34      
   15242     |      82.28       |      13.12      
   15243     |      65.62       |      25.83      
   15244     |      61.63       |      34.62      
   15245     |      59.67       |      32.21      
   15246     |      75.20       |      16.67      
   15247     |      73.36       |      23.03      
   15248     |      70.75       |      28.31      
   15249     |      75.25       |      39.25      
   15250     |      82.72       |      32.44      
   15251     |      83.28       |      13.19      
   15252     |      83.67       |       7.34      
   15254     |      84.21       |      30.06      
   15255     |      87.89       |      35.93      
   15256     |      88.20       |      24.67      
   15260     |      87.40       |      25.18      
   15261     |      82.34       |      24.00      
   15262     |      85.53       |      34.96      
   15263     |      72.78       |      31.87      
   15264     |      77.55       |      52.87      
   15265     |      72.24       |      54.83      
   15267     |      84.98       |      54.28      
   15268     |      87.03       |      56.21      
   15270     |      81.09       |      41.17      
   15271     |      77.39       |      39.68      
   15272     |      68.36       |      41.10      
   15291     |      77.92       |      43.71      
   15292     |      77.01       |      41.21      
   15293     |      65.84       |      36.34      
   15294     |      69.17       |      38.50      
   15295     |      64.82       |      43.55      
   15296     |      74.79       |      47.58      
   15297     |      74.10       |      33.75      
   15299     |      66.81       |      24.17      
   15300     |      66.63       |      24.47      
   15301     |      57.40       |      36.35      
   15302     |      54.27       |      41.52      
   15303     |      54.62       |      41.78      
   15304     |      60.63       |      43.73      
   15305     |      62.69       |      42.84      
   15306     |      64.36       |      36.56      
   15307     |      70.48       |      39.16      
   15308     |      70.17       |      32.69      
   15309     |      72.29       |      18.69      
   15310     |      63.21       |      32.35      
   15311     |      62.71       |      31.26      
   15312     |      65.23       |      26.30      
   15313     |      67.68       |      26.78      
   15314     |      67.51       |      26.63      
   15315     |      72.89       |      27.04      
   15316     |      75.90       |      16.13      
   15317     |      74.88       |      17.77      
   15318     |      77.76       |      28.02      
   15319     |      79.54       |      28.76      
   15320     |      83.61       |      26.24      
   15321     |      79.73       |      13.80      
   15322     |      67.50       |      32.40      
   15323     |      84.77       |      32.68      
   15324     |      82.08       |      29.52      
   15325     |      86.03       |      25.94      
   15326     |      84.82       |      41.12      
   15327     |      88.55       |      42.95      
   15328     |      88.51       |      41.34      
   15329     |      71.34       |      34.81      
   15330     |      70.48       |      42.99      
   15331     |      77.63       |      43.47      
   15332     |      75.40       |      33.26      
   15333     |      70.60       |      47.75      
   15334     |      77.69       |      52.87      
   15335     |      77.45       |      53.65      
   15336     |      64.46       |      48.45      
   15337     |      66.49       |      53.04      
   15338     |      78.42       |      51.91      
   15358     |      83.33       |      38.10      
   15359     |      69.68       |      43.53      
   15360     |      68.59       |      43.26      
   15361     |      71.44       |      38.01      
   15362     |      68.57       |      30.69      
   15363     |      77.33       |      31.68      
   15364     |      75.98       |      35.27      
   15365     |      75.43       |      26.50      
   15366     |      73.00       |      57.53      
   15367     |      71.65       |      51.57      
   15368     |      66.08       |      43.88      
   15369     |      66.94       |      26.56      
   15370     |      64.72       |      30.91      
   15371     |      63.92       |      37.73      
   15372     |      69.74       |      31.79      
   15373     |      67.60       |      29.21      
   15374     |      62.28       |      52.43      
   15375     |      61.85       |      57.35      
   15376     |      59.11       |      47.18      
   15377     |      61.93       |      33.01      
   15378     |      72.86       |      18.16      
   15379     |      74.41       |      17.19      
   15380     |      65.02       |      32.75      
   15381     |      70.17       |      29.81      
   15382     |      71.62       |      30.54      
   15383     |      89.24       |      23.80      
   15384     |      71.68       |      57.46      
   15385     |      89.88       |      41.56      
   15402     |      80.69       |      34.95      
   15403     |      73.72       |      37.69      
   15404     |      75.82       |      40.95      
   15405     |      75.16       |      33.72      
   15406     |      73.54       |      40.94      
   15407     |      72.44       |      35.71      
   15408     |      74.87       |      34.86      
   15409     |      85.95       |      37.37      
   15410     |      67.37       |      27.17      
   15411     |      70.85       |      20.54      
   15412     |      75.10       |      18.15      
   15413     |      76.22       |      14.96      
   15414     |      80.26       |      11.38      
   15415     |      76.87       |      18.76      
   15416     |      83.19       |      22.66      
   15417     |      79.32       |      27.71      
   15418     |      68.27       |      28.98      
   15419     |      67.49       |      32.11      
   15420     |      60.90       |      57.09      
   15421     |      69.32       |      52.69      
   15422     |      67.32       |      41.55      
   15423     |      64.65       |      38.24      
   15424     |      65.02       |      29.80      
   15425     |      69.20       |      24.42      
   15426     |      68.76       |      25.67      
   15427     |      63.42       |      34.95      
   15428     |      64.91       |      26.59      
   15429     |      55.68       |      37.34      
   15430     |      60.64       |      30.44      
   15431     |      58.59       |      34.11      
   15432     |      68.61       |      37.50      
   15433     |      71.58       |      26.95      
   15434     |      73.49       |      32.26      
   15435     |      73.29       |      32.65      
   15436     |      73.02       |      30.40      
   15437     |      73.33       |      29.84      
   15438     |      78.94       |      23.87      
   15440     |      86.68       |      37.33      
   15441     |      84.85       |      25.47      
   15442     |      81.22       |      52.26      
   15443     |      75.04       |      50.18      
   15444     |      59.94       |      50.33      
   15445     |      55.04       |      45.62      
   15446     |      61.23       |      45.60      
   15447     |      64.78       |      50.32      
   15448     |      62.70       |      50.14      
   15449     |      78.08       |      51.35      
   15450     |      79.75       |      43.79      
   15451     |      77.78       |      54.73      
   15452     |      77.02       |      58.88      
   15453     |      73.63       |      42.49      
   15474     |      76.80       |      33.73      
   15475     |      76.85       |      35.78      
   15476     |      67.69       |      35.67      
   15477     |      70.13       |      38.64      
   15478     |      85.51       |      44.65      
   15479     |      85.02       |      46.41      
   15480     |      81.08       |      37.61      
   15481     |      80.72       |      40.57      
   15482     |      83.62       |      43.41      
   15483     |      84.24       |      47.17      
   15484     |      79.60       |      54.26      
   15485     |      76.46       |      36.56      
   15486     |      76.72       |      36.78      
   15487     |      71.92       |      22.55      
   15488     |      89.10       |      20.05      
   15489     |      75.71       |      20.41      
   15490     |      75.65       |      37.67      
   15491     |      72.59       |      46.43      
   15492     |      71.59       |      43.16      
   15493     |      65.51       |      54.94      
   15497     |      74.33       |      17.29      
   15507     |      72.56       |      28.03      
   15508     |      79.98       |      26.71      
   15509     |      75.68       |      25.72      
   15510     |      71.30       |      37.75      
   15511     |      75.54       |      42.36      
   15512     |      78.31       |      33.99      
   15513     |      78.58       |      33.92      
   15514     |      76.60       |      55.11      
   15515     |      69.39       |      53.29      
   15516     |      64.33       |      50.17      
   15517     |      48.08       |      53.46      
   15518     |      56.94       |      54.06      
   15519     |      61.86       |      49.35      
   15520     |      79.77       |      53.21      
   15521     |      81.72       |      45.03      
   15522     |      82.32       |      57.41      
   15523     |      77.04       |      37.92      
   15524     |      82.24       |      49.21      
   15525     |      83.27       |      49.45      
   15526     |      86.09       |      33.54      
   15545     |      86.52       |      30.21      
   15546     |      80.00       |      36.91      
   15547     |      86.75       |      46.76      
   15548     |      87.25       |      43.25      
   15549     |      76.91       |      24.92      
   15550     |      78.37       |      14.88      
   15551     |      78.20       |      14.80      
   15552     |      81.17       |      10.65      
   15553     |      87.62       |      13.95      
   15554     |      86.06       |      23.17      
   15556     |      84.85       |      15.53      
   15568     |      73.94       |      57.58      
   15569     |      73.67       |      56.75      
   15570     |      75.34       |      57.90      
   15571     |      69.78       |      57.42      
   15572     |      64.12       |      51.68      
   15573     |      63.42       |      51.76      
   15574     |      61.03       |      48.84      
   15575     |      63.68       |      40.85      
   15576     |      77.43       |      39.98      
   15577     |      82.88       |      47.71      
   15578     |      78.84       |      47.19      
   15579     |      79.18       |      58.26      
   15580     |      76.48       |      40.39      
   15581     |      89.93       |      50.44      
   15582     |      88.91       |      31.05      
   15584     |      76.90       |      51.95      
   15585     |      71.15       |      47.95      
   15603     |      73.14       |      32.76      
   15604     |      84.57       |      40.68      
   15605     |      83.78       |      36.33      
   15608     |      87.85       |      45.03      
   15609     |      87.83       |      45.43      
   15638     |      73.12       |      37.34      
   15639     |      71.18       |      36.40      
   15640     |      77.09       |      56.62      
   15641     |      75.09       |      44.25      
   15642     |      70.53       |      30.71      
   15643     |      82.50       |      51.00      
   15644     |      84.32       |      52.68      
   15663     |      74.80       |      17.02      
   15664     |      74.71       |      16.96      
   15665     |      64.17       |      37.23      
   15666     |      65.77       |      43.27      
   15667     |      79.86       |      42.86      
   15668     |      84.38       |      34.09      
   15669     |      89.17       |      45.10      
   15697     |      71.27       |      34.29      
   15698     |      70.36       |      42.78      
   15699     |      73.62       |      51.38      
   15700     |      75.34       |      52.76      
   15701     |      76.08       |      56.71      
   15702     |      65.80       |      45.36      
   15703     |      77.62       |      52.03      
   15704     |      80.24       |      39.81      
   15724     |      64.60       |      54.35      
   15725     |      78.91       |      46.35      
   15726     |      78.84       |      43.78      
   15761     |      74.89       |      37.37      
   15762     |      83.64       |      48.83      
   15763     |      81.57       |      44.11      
   15764     |      77.86       |      51.56      
   15765     |      78.20       |      52.63      
   15766     |      82.52       |      54.17      
   15785     |      78.44       |      42.02      
   15786     |      58.95       |      52.81      
   15787     |      57.25       |      37.29      
   15789     |      71.72       |      19.79      
   15822     |      88.29       |      56.80      
   15823     |      77.47       |      49.99      
   15824     |      73.90       |      42.45      
   15825     |      86.53       |      44.35      
   15826     |      85.45       |      40.66      
   15956     |      86.18       |      51.39      
   15957     |      84.61       |      43.14      
