=== Visibility Analysis Summary ===
Total patches: 49152
Geometric visible: 4430 (9.0%)
Light illuminated: 1536 (34.7% of geometric)
Reflection conditions met: 4427 (99.9% of geometric)
Light unoccluded: 1536 (34.7% of geometric)
Final visible: 1536 (3.1% of total)
Visible area: 141.05 (3.9% of total area)

=== Detailed Visibility Information ===
Patch Index  | Incidence Angle  |  Viewing Angle  
-------------+------------------+-----------------
     1       |      68.36       |      39.86      
     11      |      77.36       |      58.33      
     43      |      53.66       |      57.49      
    161      |      66.03       |      55.48      
    259      |      82.43       |      59.17      
    266      |      75.19       |      59.49      
    288      |      68.79       |      56.73      
    384      |      64.31       |      59.03      
    385      |      62.07       |      53.78      
    387      |      74.60       |      59.07      
    394      |      78.92       |      59.24      
    518      |      80.92       |      52.87      
    647      |      89.33       |      58.26      
    799      |      73.64       |      58.01      
    1041     |      70.21       |      55.69      
    1168     |      75.18       |      58.18      
    1171     |      71.16       |      57.11      
    1291     |      71.85       |      59.39      
    1294     |      70.61       |      56.80      
    1295     |      71.65       |      59.34      
    1298     |      72.34       |      57.68      
    1299     |      71.13       |      54.74      
    1301     |      68.48       |      59.14      
    1409     |      73.81       |      57.02      
    1410     |      73.53       |      58.60      
    1411     |      73.68       |      58.92      
    1421     |      74.63       |      54.40      
    1423     |      71.48       |      56.32      
    1426     |      71.27       |      54.81      
    1427     |      70.99       |      54.14      
    1428     |      69.46       |      59.57      
    1435     |      61.11       |      48.41      
    1543     |      77.65       |      50.10      
    1546     |      72.22       |      58.81      
    1548     |      77.84       |      56.05      
    1549     |      79.50       |      59.95      
    1551     |      76.84       |      54.36      
    1553     |      64.88       |      48.01      
    1554     |      63.85       |      51.06      
    1559     |      66.15       |      53.13      
    1561     |      54.99       |      36.44      
    1562     |      50.78       |      43.97      
    1563     |      50.24       |      40.03      
    1666     |      83.47       |      58.86      
    1667     |      81.44       |      54.35      
    1670     |      86.85       |      55.28      
    1675     |      75.34       |      57.29      
    1676     |      75.17       |      57.73      
    1677     |      73.49       |      53.39      
    1678     |      73.72       |      52.77      
    1680     |      79.36       |      54.82      
    1685     |      75.74       |      55.53      
    1686     |      75.12       |      57.55      
    1687     |      76.18       |      59.87      
    1688     |      80.01       |      48.77      
    1689     |      76.28       |      40.18      
    1690     |      72.13       |      50.06      
    1691     |      72.21       |      50.31      
    1793     |      87.01       |      54.86      
    1794     |      86.50       |      56.86      
    1795     |      81.31       |      45.52      
    1798     |      73.87       |      58.31      
    1800     |      78.30       |      58.85      
    1801     |      78.64       |      59.62      
    1802     |      78.86       |      59.03      
    1803     |      76.48       |      53.46      
    1804     |      76.05       |      54.67      
    1805     |      76.95       |      56.90      
    1812     |      76.04       |      55.69      
    1920     |      89.76       |      56.35      
    1927     |      83.49       |      56.50      
    1929     |      75.91       |      48.02      
    1930     |      74.76       |      52.68      
    1931     |      71.69       |      45.78      
    1932     |      69.66       |      53.61      
    2195     |      79.55       |      58.42      
    2321     |      88.24       |      53.07      
    2579     |      86.29       |      59.99      
    2581     |      81.35       |      56.73      
    2689     |      87.16       |      54.62      
    2690     |      86.68       |      56.98      
    2707     |      81.34       |      43.72      
    2708     |      78.34       |      55.09      
    2709     |      74.24       |      45.40      
    2823     |      89.05       |      55.08      
    2824     |      88.02       |      59.73      
    2834     |      87.10       |      47.44      
    2963     |      83.06       |      56.24      
    2964     |      83.53       |      54.17      
    2965     |      79.65       |      45.68      
    3083     |      88.38       |      57.65      
    3712     |      83.48       |      51.47      
    3713     |      85.68       |      56.34      
    3714     |      85.91       |      55.18      
    4237     |      89.97       |      58.08      
    4241     |      86.70       |      53.80      
    4364     |      89.93       |      58.05      
    4371     |      85.53       |      57.94      
    4625     |      88.81       |      48.40      
    4626     |      87.74       |      53.34      
    4627     |      89.61       |      57.23      
    5123     |      89.96       |      50.74      
    5253     |      87.06       |      37.41      
    5649     |      83.26       |      55.86      
    5654     |      86.40       |      58.96      
    5763     |      87.09       |      53.10      
    5764     |      86.55       |      55.93      
    6023     |      87.83       |      52.64      
    6041     |      69.63       |      59.16      
    6042     |      73.18       |      46.41      
    6043     |      78.12       |      59.42      
    6537     |      87.43       |      46.11      
   16386     |      78.29       |      53.49      
   16394     |      70.18       |      55.03      
   16395     |      70.87       |      52.44      
   16402     |      83.42       |      48.88      
   16403     |      82.00       |      55.87      
   16404     |      74.06       |      40.56      
   16405     |      71.27       |      52.42      
   16410     |      89.34       |      55.48      
   16412     |      81.89       |      32.91      
   16413     |      76.61       |      49.67      
   16414     |      75.27       |      46.91      
   16415     |      74.88       |      52.16      
   16416     |      76.63       |      55.27      
   16417     |      77.61       |      47.71      
   16418     |      77.22       |      46.74      
   16419     |      77.99       |      42.73      
   16420     |      79.39       |      46.44      
   16421     |      78.93       |      48.56      
   16422     |      79.24       |      49.34      
   16423     |      80.06       |      45.95      
   16424     |      75.69       |      33.07      
   16425     |      74.41       |      37.78      
   16426     |      71.58       |      28.81      
   16427     |      70.57       |      32.37      
   16428     |      69.90       |      30.27      
   16429     |      70.46       |      28.29      
   16430     |      75.22       |      41.57      
   16431     |      78.59       |      31.14      
   16432     |      77.10       |      26.50      
   16433     |      76.61       |      27.71      
   16434     |      75.06       |      22.25      
   16435     |      73.73       |      25.52      
   16436     |      71.28       |      16.71      
   16437     |      71.72       |      15.93      
   16438     |      71.71       |      15.86      
   16439     |      70.65       |      17.58      
   16440     |      68.93       |      10.14      
   16441     |      68.26       |      10.69      
   16442     |      68.12       |       9.96      
   16443     |      64.23       |      18.22      
   16444     |      61.72       |       4.51      
   16445     |      68.18       |      12.36      
   16446     |      68.93       |       8.55      
   16447     |      70.49       |      10.40      
   16448     |      70.48       |      13.04      
   16449     |      77.52       |      17.14      
   16450     |      77.92       |      18.48      
   16451     |      82.76       |      22.58      
   16452     |      83.20       |      23.80      
   16453     |      77.48       |      24.98      
   16454     |      76.15       |      16.47      
   16455     |      73.26       |      16.87      
   16456     |      73.12       |      15.80      
   16457     |      76.37       |      16.00      
   16458     |      78.43       |      27.63      
   16459     |      83.40       |      24.02      
   16460     |      83.76       |      25.28      
   16461     |      82.41       |      25.87      
   16462     |      85.41       |      39.06      
   16463     |      87.83       |      34.99      
   16464     |      89.68       |      41.28      
   16466     |      89.40       |      37.19      
   16467     |      86.15       |      44.98      
   16468     |      84.62       |      39.84      
   16469     |      85.42       |      37.80      
   16470     |      87.47       |      44.62      
   16471     |      87.80       |      43.69      
   16490     |      83.63       |      48.62      
   16491     |      81.51       |      56.41      
   16492     |      80.02       |      53.07      
   16493     |      81.29       |      48.35      
   16515     |      73.01       |      51.65      
   16522     |      70.97       |      54.29      
   16523     |      70.71       |      55.19      
   16528     |      58.88       |      55.27      
   16529     |      58.71       |      57.05      
   16531     |      64.34       |      42.19      
   16532     |      68.77       |      50.76      
   16533     |      71.44       |      39.56      
   16534     |      76.31       |      49.46      
   16538     |      56.80       |      46.92      
   16539     |      57.06       |      45.34      
   16540     |      57.75       |      46.68      
   16541     |      61.89       |      22.71      
   16542     |      78.11       |      56.33      
   16543     |      77.97       |      47.71      
   16544     |      79.43       |      50.56      
   16545     |      78.75       |      55.33      
   16546     |      77.03       |      52.11      
   16547     |      77.85       |      46.98      
   16548     |      83.02       |      59.54      
   16549     |      85.35       |      49.24      
   16550     |      76.65       |      24.26      
   16551     |      69.49       |      46.09      
   16552     |      66.72       |      38.95      
   16553     |      68.47       |      29.93      
   16554     |      68.37       |      29.57      
   16555     |      68.82       |      27.75      
   16556     |      70.85       |      34.11      
   16557     |      71.66       |      30.98      
   16558     |      74.07       |      38.13      
   16559     |      73.41       |      40.80      
   16560     |      67.75       |      24.97      
   16561     |      68.34       |      22.68      
   16562     |      65.26       |      11.10      
   16563     |      63.40       |      16.70      
   16564     |      62.60       |      13.30      
   16565     |      62.88       |      12.51      
   16566     |      62.48       |      10.51      
   16567     |      62.52       |      10.41      
   16568     |      63.33       |      14.12      
   16569     |      66.22       |       7.95      
   16570     |      66.82       |      10.79      
   16571     |      67.73       |       9.62      
   16572     |      68.17       |      11.69      
   16573     |      70.13       |      10.86      
   16574     |      70.37       |      12.22      
   16575     |      74.19       |      13.85      
   16576     |      74.19       |      13.86      
   16577     |      75.41       |      15.18      
   16578     |      75.52       |      15.51      
   16579     |      79.61       |      20.99      
   16580     |      81.65       |      28.01      
   16581     |      82.35       |      27.60      
   16582     |      81.91       |      24.61      
   16583     |      80.96       |      24.95      
   16584     |      80.01       |      19.62      
   16585     |      78.84       |      18.88      
   16586     |      79.04       |      19.69      
   16587     |      78.59       |      19.65      
   16588     |      79.25       |      23.03      
   16589     |      80.40       |      22.40      
   16590     |      82.80       |      31.32      
   16591     |      83.23       |      30.70      
   16592     |      84.48       |      35.31      
   16593     |      83.26       |      36.95      
   16594     |      85.21       |      44.38      
   16595     |      86.50       |      41.69      
   16596     |      85.33       |      37.72      
   16597     |      84.96       |      38.60      
   16598     |      86.13       |      42.59      
   16599     |      87.18       |      39.94      
   16600     |      89.58       |      47.95      
   16604     |      84.61       |      35.40      
   16605     |      80.46       |      48.84      
   16606     |      78.98       |      45.54      
   16607     |      77.85       |      50.86      
   16609     |      84.53       |      53.91      
   16612     |      86.15       |      53.76      
   16614     |      84.46       |      59.37      
   16618     |      84.74       |      57.64      
   16619     |      85.38       |      55.10      
   16620     |      82.58       |      48.86      
   16621     |      82.70       |      48.45      
   16622     |      85.48       |      54.68      
   16623     |      87.01       |      49.12      
   16624     |      89.57       |      54.74      
   16625     |      89.52       |      55.19      
   16648     |      65.26       |      56.47      
   16649     |      64.40       |      59.84      
   16650     |      63.92       |      58.81      
   16651     |      64.67       |      51.55      
   16656     |      70.84       |      56.18      
   16657     |      70.60       |      58.20      
   16660     |      65.48       |      53.59      
   16661     |      66.05       |      50.16      
   16662     |      70.55       |      58.36      
   16663     |      72.41       |      48.12      
   16664     |      76.92       |      56.84      
   16666     |      70.96       |      58.72      
   16667     |      71.40       |      49.25      
   16669     |      81.95       |      50.88      
   16670     |      78.21       |      43.48      
   16671     |      78.35       |      56.39      
   16672     |      70.86       |      42.16      
   16673     |      69.66       |      50.55      
   16674     |      71.32       |      53.53      
   16675     |      71.49       |      52.16      
   16676     |      74.70       |      58.02      
   16677     |      74.86       |      56.85      
   16679     |      84.67       |      30.58      
   16680     |      79.65       |      19.48      
   16681     |      70.98       |      39.96      
   16682     |      67.61       |      29.89      
   16683     |      67.75       |      29.38      
   16684     |      67.86       |      29.72      
   16685     |      67.01       |      32.79      
   16686     |      65.17       |      26.65      
   16687     |      63.39       |      34.63      
   16688     |      60.19       |      25.62      
   16689     |      60.43       |      24.34      
   16690     |      58.32       |      17.23      
   16691     |      60.56       |      10.22      
   16692     |      61.76       |      15.74      
   16693     |      62.66       |      13.30      
   16694     |      62.60       |      13.01      
   16695     |      63.49       |      10.84      
   16696     |      64.06       |      13.56      
   16697     |      63.82       |      14.22      
   16698     |      64.61       |      17.40      
   16699     |      68.34       |      11.71      
   16700     |      69.10       |      15.99      
   16701     |      71.63       |      14.66      
   16702     |      71.38       |      13.20      
   16703     |      71.47       |      13.20      
   16704     |      71.09       |      11.32      
   16705     |      69.99       |       9.98      
   16706     |      71.02       |      15.64      
   16707     |      68.94       |      13.08      
   16708     |      66.86       |      17.00      
   16709     |      76.91       |      16.53      
   16710     |      77.47       |      21.95      
   16711     |      74.21       |      25.70      
   16712     |      72.23       |      12.24      
   16713     |      72.54       |      12.33      
   16714     |      72.85       |      14.19      
   16715     |      72.36       |      14.40      
   16716     |      72.68       |      16.08      
   16717     |      71.83       |      16.98      
   16718     |      73.34       |      24.61      
   16719     |      73.98       |      23.39      
   16720     |      75.90       |      31.61      
   16721     |      78.89       |      27.21      
   16722     |      81.72       |      38.18      
   16723     |      82.94       |      36.26      
   16724     |      83.24       |      37.43      
   16725     |      84.06       |      35.91      
   16726     |      84.74       |      38.23      
   16727     |      83.36       |      42.00      
   16728     |      81.22       |      34.45      
   16729     |      79.14       |      39.71      
   16730     |      82.37       |      50.97      
   16731     |      85.30       |      42.47      
   16732     |      88.57       |      49.79      
   16733     |      87.83       |      52.30      
   16734     |      87.42       |      51.44      
   16735     |      86.63       |      54.72      
   16736     |      86.63       |      54.74      
   16737     |      86.63       |      54.72      
   16746     |      88.26       |      56.28      
   16747     |      88.41       |      55.66      
   16748     |      85.77       |      49.84      
   16749     |      85.41       |      51.14      
   16750     |      83.79       |      47.56      
   16751     |      83.92       |      47.10      
   16752     |      87.19       |      54.34      
   16753     |      87.66       |      50.68      
   16756     |      87.54       |      52.92      
   16760     |      86.89       |      55.75      
   16761     |      86.64       |      56.72      
   16762     |      86.76       |      57.01      
   16785     |      77.03       |      58.38      
   16786     |      75.60       |      55.64      
   16788     |      72.50       |      57.40      
   16789     |      72.76       |      55.81      
   16790     |      71.64       |      53.56      
   16791     |      70.81       |      58.42      
   16793     |      72.88       |      55.73      
   16794     |      72.23       |      54.59      
   16795     |      72.55       |      58.90      
   16796     |      71.23       |      56.67      
   16799     |      70.24       |      41.04      
   16800     |      70.29       |      41.13      
   16801     |      70.08       |      42.15      
   16802     |      72.51       |      47.00      
   16803     |      71.52       |      53.51      
   16804     |      70.39       |      51.46      
   16805     |      69.68       |      58.42      
   16806     |      63.30       |      47.73      
   16807     |      62.67       |      57.54      
   16808     |      49.71       |      28.03      
   16809     |      61.52       |       1.90      
   16810     |      65.44       |      27.55      
   16811     |      64.93       |      29.03      
   16812     |      73.85       |      54.38      
   16813     |      79.32       |      34.92      
   16814     |      73.77       |      15.59      
   16815     |      67.53       |      27.43      
   16816     |      66.67       |      24.22      
   16817     |      66.19       |      25.82      
   16818     |      65.65       |      23.83      
   16819     |      67.69       |      18.51      
   16820     |      69.83       |      26.46      
   16821     |      72.80       |      19.90      
   16822     |      71.58       |      15.34      
   16823     |      70.49       |      16.83      
   16824     |      70.98       |      18.85      
   16825     |      72.18       |      17.48      
   16826     |      72.28       |      17.97      
   16827     |      69.76       |      19.98      
   16828     |      69.37       |      18.01      
   16829     |      70.59       |      17.01      
   16830     |      73.13       |      28.92      
   16831     |      83.29       |      24.70      
   16832     |      82.06       |      21.54      
   16833     |      75.46       |      15.95      
   16834     |      77.06       |      17.88      
   16835     |      70.71       |      10.34      
   16836     |      70.54       |       9.98      
   16837     |      70.15       |       9.55      
   16838     |      69.85       |      23.54      
   16839     |      73.87       |      20.40      
   16840     |      72.58       |      12.33      
   16841     |      70.00       |      13.06      
   16842     |      69.89       |      12.45      
   16843     |      67.91       |      15.26      
   16844     |      67.80       |      14.66      
   16845     |      67.70       |      14.84      
   16846     |      68.88       |      21.03      
   16847     |      68.66       |      21.56      
   16848     |      68.18       |      19.16      
   16849     |      70.92       |      15.62      
   16850     |      74.05       |      29.99      
   16851     |      79.69       |      23.35      
   16852     |      82.67       |      34.82      
   16853     |      80.35       |      38.32      
   16854     |      80.93       |      40.57      
   16855     |      81.65       |      38.94      
   16856     |      82.40       |      41.59      
   16857     |      83.78       |      37.98      
   16858     |      85.84       |      42.61      
   16859     |      83.59       |      48.96      
   16860     |      84.86       |      51.84      
   16861     |      85.33       |      50.37      
   16862     |      87.27       |      54.79      
   16863     |      86.00       |      59.54      
   16864     |      83.20       |      53.39      
   16865     |      83.23       |      53.10      
   16866     |      85.94       |      58.91      
   16867     |      86.60       |      52.21      
   16868     |      89.95       |      59.43      
   16874     |      89.92       |      56.33      
   16875     |      89.86       |      56.54      
   16876     |      87.92       |      52.28      
   16877     |      88.02       |      51.91      
   16878     |      86.36       |      48.26      
   16879     |      85.95       |      49.71      
   16880     |      86.11       |      50.09      
   16881     |      85.45       |      55.25      
   16883     |      88.70       |      54.94      
   16902     |      69.02       |      59.27      
   16909     |      69.13       |      59.12      
   16914     |      63.12       |      54.25      
   16915     |      63.57       |      51.77      
   16917     |      72.69       |      57.46      
   16919     |      83.60       |      58.32      
   16922     |      77.94       |      40.58      
   16923     |      78.54       |      55.78      
   16924     |      78.17       |      55.13      
   16925     |      78.34       |      57.86      
   16926     |      75.25       |      52.46      
   16928     |      61.51       |      42.37      
   16929     |      61.58       |      41.93      
   16930     |      66.94       |      50.98      
   16931     |      67.37       |      47.24      
   16932     |      65.47       |      43.90      
   16933     |      64.50       |      52.16      
   16934     |      67.23       |      56.39      
   16935     |      68.13       |      47.07      
   16936     |      60.70       |      32.68      
   16937     |      61.95       |      27.85      
   16938     |      64.78       |      36.12      
   16939     |      66.84       |      27.98      
   16940     |      70.73       |      39.55      
   16941     |      68.68       |      53.12      
   16942     |      58.51       |      28.32      
   16943     |      66.00       |       9.06      
   16944     |      70.05       |      27.87      
   16945     |      70.85       |      25.47      
   16946     |      72.27       |      30.73      
   16947     |      73.82       |      26.57      
   16948     |      71.47       |      16.81      
   16949     |      67.32       |      25.76      
   16950     |      67.51       |      26.46      
   16951     |      74.11       |      17.21      
   16952     |      76.14       |      27.60      
   16953     |      79.54       |      25.35      
   16954     |      78.18       |      18.42      
   16955     |      72.99       |      18.49      
   16956     |      74.40       |      26.15      
   16957     |      77.42       |      23.86      
   16958     |      76.93       |      21.47      
   16959     |      70.49       |      27.50      
   16960     |      66.21       |       6.06      
   16961     |      66.60       |       6.30      
   16962     |      67.18       |       7.42      
   16963     |      67.80       |       8.16      
   16964     |      67.45       |       6.93      
   16965     |      63.84       |       3.60      
   16966     |      63.24       |      12.16      
   16967     |      72.02       |      12.22      
   16968     |      71.85       |      14.39      
   16969     |      69.94       |      15.14      
   16970     |      70.11       |      16.33      
   16971     |      67.52       |      21.28      
   16972     |      66.32       |      14.23      
   16973     |      65.54       |      15.86      
   16974     |      66.47       |      20.88      
   16975     |      69.07       |      15.29      
   16976     |      68.81       |      13.86      
   16977     |      71.51       |      12.39      
   16978     |      72.31       |      16.59      
   16979     |      69.91       |      18.95      
   16980     |      73.39       |      34.03      
   16981     |      77.23       |      27.73      
   16982     |      79.79       |      37.67      
   16983     |      76.10       |      44.93      
   16984     |      72.10       |      36.09      
   16985     |      72.11       |      36.07      
   16986     |      78.23       |      48.48      
   16987     |      79.35       |      43.49      
   16988     |      82.62       |      49.98      
   16989     |      81.73       |      54.08      
   16990     |      84.51       |      59.40      
   16991     |      85.40       |      55.15      
   16992     |      84.59       |      53.53      
   16993     |      84.69       |      51.87      
   16994     |      84.46       |      51.40      
   16995     |      84.39       |      52.34      
   16996     |      80.08       |      43.12      
   16997     |      78.96       |      55.04      
   17002     |      89.59       |      56.41      
   17008     |      87.70       |      56.18      
   17009     |      87.73       |      55.95      
   17010     |      86.89       |      54.14      
   17011     |      86.71       |      57.39      
   17012     |      86.80       |      57.58      
   17013     |      86.96       |      51.26      
   17014     |      89.59       |      56.06      
   17015     |      89.30       |      50.62      
   17024     |      77.04       |      58.15      
   17031     |      69.90       |      58.50      
   17043     |      78.11       |      59.15      
   17044     |      74.86       |      52.74      
   17050     |      59.00       |      54.88      
   17051     |      59.06       |      37.02      
   17052     |      69.38       |      55.59      
   17053     |      69.21       |      53.61      
   17054     |      68.05       |      51.68      
   17055     |      68.04       |      51.52      
   17056     |      63.41       |      43.39      
   17057     |      63.62       |      42.09      
   17058     |      66.51       |      47.33      
   17059     |      66.10       |      51.10      
   17060     |      63.66       |      47.06      
   17061     |      64.03       |      44.08      
   17062     |      69.27       |      52.95      
   17063     |      69.08       |      56.08      
   17064     |      67.01       |      52.89      
   17065     |      69.92       |      32.56      
   17066     |      76.85       |      46.44      
   17067     |      77.99       |      40.70      
   17068     |      79.17       |      43.73      
   17069     |      79.31       |      43.06      
   17070     |      78.90       |      41.93      
   17071     |      80.46       |      35.99      
   17072     |      87.42       |      55.37      
   17074     |      83.23       |      24.47      
   17075     |      69.69       |      29.99      
   17076     |      67.95       |      23.86      
   17077     |      72.19       |      17.25      
   17078     |      72.76       |      20.14      
   17079     |      68.00       |      26.60      
   17080     |      66.51       |      19.93      
   17081     |      64.97       |      22.41      
   17082     |      63.07       |      12.18      
   17083     |      68.10       |       8.36      
   17084     |      69.40       |      16.85      
   17085     |      65.89       |      21.62      
   17086     |      65.81       |      21.27      
   17087     |      70.07       |      15.84      
   17088     |      68.40       |       8.17      
   17089     |      66.78       |       7.33      
   17090     |      67.45       |       7.91      
   17091     |      74.55       |      16.78      
   17092     |      72.75       |      13.05      
   17093     |      71.72       |      12.46      
   17094     |      71.77       |      11.93      
   17095     |      76.39       |      15.69      
   17096     |      76.00       |      20.25      
   17097     |      73.74       |      20.32      
   17098     |      73.91       |      23.85      
   17099     |      77.34       |      21.94      
   17100     |      77.40       |      22.25      
   17101     |      78.18       |      21.63      
   17102     |      78.14       |      21.47      
   17103     |      79.90       |      20.85      
   17104     |      79.81       |      20.59      
   17105     |      72.66       |      27.02      
   17106     |      71.12       |      19.78      
   17107     |      70.39       |      20.80      
   17108     |      70.87       |      23.31      
   17109     |      67.94       |      28.75      
   17110     |      75.03       |      44.71      
   17111     |      78.95       |      36.44      
   17112     |      79.24       |      37.11      
   17113     |      76.40       |      43.63      
   17114     |      76.20       |      43.23      
   17115     |      78.39       |      36.88      
   17116     |      87.01       |      54.56      
   17117     |      87.55       |      52.38      
   17118     |      89.19       |      55.83      
   17119     |      88.92       |      56.95      
   17120     |      86.79       |      52.63      
   17122     |      81.43       |      51.33      
   17123     |      81.46       |      50.91      
   17124     |      84.17       |      56.54      
   17125     |      84.94       |      46.04      
   17130     |      89.44       |      51.58      
   17131     |      89.23       |      52.63      
   17132     |      86.91       |      47.37      
   17134     |      80.86       |      59.82      
   17135     |      82.38       |      53.78      
   17136     |      82.17       |      53.30      
   17137     |      82.85       |      50.57      
   17138     |      85.75       |      57.08      
   17139     |      85.55       |      58.31      
   17140     |      81.17       |      48.78      
   17141     |      80.70       |      51.75      
   17142     |      84.50       |      54.23      
   17143     |      84.48       |      54.73      
   17152     |      71.97       |      55.11      
   17168     |      68.79       |      58.29      
   17173     |      73.15       |      52.28      
   17174     |      75.96       |      57.28      
   17178     |      72.34       |      58.95      
   17179     |      72.17       |      57.37      
   17181     |      74.48       |      56.16      
   17182     |      67.39       |      43.71      
   17183     |      67.88       |      51.67      
   17184     |      63.25       |      43.68      
   17185     |      63.29       |      43.41      
   17186     |      67.12       |      50.14      
   17187     |      67.42       |      47.27      
   17188     |      68.80       |      49.66      
   17189     |      69.18       |      46.29      
   17190     |      73.65       |      53.98      
   17191     |      73.78       |      52.57      
   17192     |      69.73       |      45.47      
   17193     |      68.97       |      52.69      
   17194     |      66.62       |      48.76      
   17195     |      66.91       |      46.31      
   17196     |      68.74       |      49.51      
   17197     |      70.12       |      40.16      
   17198     |      70.80       |      41.86      
   17199     |      71.38       |      38.76      
   17200     |      69.83       |      34.39      
   17201     |      67.62       |      51.54      
   17202     |      60.45       |      36.46      
   17203     |      80.65       |      22.12      
   17204     |      80.47       |      22.47      
   17205     |      59.61       |      22.09      
   17206     |      59.11       |      19.85      
   17207     |      61.56       |      15.02      
   17208     |      63.01       |      22.37      
   17209     |      64.72       |      19.33      
   17210     |      63.51       |      12.44      
   17211     |      63.58       |      12.32      
   17212     |      66.13       |      25.36      
   17213     |      71.58       |      18.35      
   17214     |      72.26       |      22.18      
   17215     |      70.93       |      23.73      
   17216     |      67.60       |       8.13      
   17217     |      82.01       |      22.63      
   17218     |      81.88       |      22.16      
   17219     |      72.12       |      11.46      
   17220     |      71.99       |      12.70      
   17221     |      71.55       |      12.48      
   17222     |      71.93       |      11.19      
   17223     |      69.18       |       8.52      
   17224     |      68.90       |      16.69      
   17225     |      73.83       |      16.22      
   17226     |      73.87       |      18.90      
   17227     |      72.63       |      19.02      
   17228     |      72.58       |      17.54      
   17229     |      71.74       |      18.00      
   17230     |      70.87       |      13.15      
   17231     |      70.39       |      13.53      
   17232     |      73.23       |      27.34      
   17233     |      73.51       |      26.81      
   17234     |      72.44       |      22.13      
   17235     |      71.58       |      23.59      
   17236     |      74.13       |      30.04      
   17237     |      76.20       |      26.72      
   17238     |      80.32       |      36.92      
   17239     |      81.03       |      35.85      
   17240     |      85.05       |      45.18      
   17241     |      86.84       |      41.99      
   17242     |      85.56       |      39.11      
   17243     |      78.99       |      53.34      
   17244     |      78.04       |      51.27      
   17245     |      77.61       |      52.89      
   17246     |      79.15       |      55.89      
   17247     |      81.48       |      44.68      
   17258     |      87.50       |      51.89      
   17262     |      88.11       |      56.03      
   17263     |      87.60       |      57.83      
   17264     |      84.85       |      51.40      
   17265     |      82.95       |      59.59      
   17266     |      81.92       |      56.93      
   17267     |      81.58       |      58.04      
   17268     |      76.57       |      55.21      
   17269     |      76.80       |      53.53      
   17270     |      82.40       |      56.28      
   17281     |      67.50       |      58.54      
   17284     |      76.14       |      58.01      
   17293     |      82.37       |      59.10      
   17294     |      80.03       |      57.76      
   17296     |      72.66       |      49.17      
   17297     |      72.35       |      59.55      
   17298     |      69.45       |      54.41      
   17300     |      63.06       |      56.28      
   17303     |      67.38       |      55.45      
   17307     |      72.09       |      58.90      
   17308     |      70.02       |      55.32      
   17310     |      63.01       |      48.25      
   17311     |      62.79       |      43.42      
   17312     |      67.20       |      51.14      
   17313     |      68.11       |      43.33      
   17314     |      67.91       |      42.95      
   17315     |      67.10       |      50.14      
   17316     |      66.25       |      48.67      
   17317     |      66.14       |      49.92      
   17318     |      65.86       |      49.45      
   17319     |      65.55       |      54.99      
   17320     |      64.16       |      52.85      
   17321     |      64.78       |      45.81      
   17323     |      75.92       |      48.54      
   17324     |      70.99       |      39.37      
   17325     |      69.44       |      49.46      
   17326     |      70.35       |      51.00      
   17327     |      71.58       |      42.11      
   17328     |      72.97       |      45.48      
   17329     |      75.59       |      35.71      
   17330     |      73.55       |      28.82      
   17331     |      69.37       |      37.79      
   17332     |      60.90       |       3.21      
   17333     |      69.51       |      15.32      
   17334     |      71.25       |      14.62      
   17335     |      65.32       |      20.92      
   17336     |      66.01       |      24.16      
   17337     |      66.57       |      23.25      
   17338     |      65.84       |      19.61      
   17339     |      69.53       |      15.43      
   17340     |      72.75       |      31.14      
   17341     |      74.48       |      28.81      
   17342     |      71.19       |      13.89      
   17343     |      66.32       |      18.80      
   17344     |      65.71       |      15.60      
   17345     |      58.24       |       9.26      
   17346     |      57.75       |       4.38      
   17347     |      65.18       |      10.33      
   17348     |      64.26       |       5.33      
   17349     |      83.68       |      25.79      
   17350     |      82.88       |      22.79      
   17351     |      72.57       |      18.91      
   17352     |      72.58       |      15.03      
   17353     |      76.12       |      16.42      
   17354     |      76.16       |      21.87      
   17355     |      81.84       |      23.22      
   17356     |      82.03       |      26.81      
   17357     |      79.16       |      26.65      
   17358     |      78.70       |      20.14      
   17359     |      72.65       |      22.24      
   17360     |      73.67       |      26.89      
   17361     |      72.23       |      29.69      
   17362     |      69.62       |      23.06      
   17363     |      75.82       |      16.61      
   17364     |      81.17       |      29.18      
   17365     |      78.17       |      33.76      
   17366     |      78.65       |      34.92      
   17367     |      74.71       |      43.73      
   17368     |      72.57       |      38.91      
   17369     |      73.75       |      36.15      
   17370     |      81.46       |      53.57      
   17371     |      80.38       |      56.65      
   17372     |      78.53       |      52.96      
   17373     |      81.12       |      45.84      
   17374     |      80.50       |      44.51      
   17375     |      82.92       |      37.84      
   17376     |      86.51       |      45.36      
   17377     |      87.67       |      32.42      
   17384     |      88.63       |      58.34      
   17385     |      89.66       |      48.86      
   17394     |      83.81       |      56.75      
   17396     |      72.91       |      56.93      
   17397     |      73.31       |      54.84      
   17408     |      75.50       |      48.24      
   17423     |      78.42       |      59.06      
   17424     |      74.44       |      56.91      
   17425     |      71.96       |      48.96      
   17426     |      79.84       |      59.46      
   17427     |      79.20       |      57.23      
   17430     |      79.78       |      56.29      
   17437     |      73.19       |      56.12      
   17438     |      72.97       |      55.76      
   17439     |      72.67       |      50.40      
   17440     |      67.65       |      40.66      
   17441     |      66.08       |      51.28      
   17442     |      62.50       |      44.66      
   17443     |      62.70       |      43.41      
   17444     |      65.50       |      48.70      
   17445     |      65.49       |      48.76      
   17446     |      66.50       |      50.56      
   17447     |      66.64       |      49.36      
   17448     |      68.70       |      53.11      
   17449     |      68.80       |      52.25      
   17450     |      72.88       |      59.36      
   17452     |      67.55       |      53.59      
   17453     |      70.06       |      39.32      
   17455     |      86.37       |      52.30      
   17456     |      89.66       |      58.83      
   17458     |      81.45       |      26.55      
   17459     |      77.66       |      30.95      
   17460     |      69.44       |      20.96      
   17461     |      54.56       |       7.74      
   17462     |      57.16       |      15.42      
   17463     |      60.63       |       9.03      
   17464     |      63.49       |      23.25      
   17465     |      63.36       |      23.50      
   17466     |      67.48       |      38.23      
   17467     |      75.42       |      24.47      
   17468     |      73.39       |      14.91      
   17469     |      62.93       |      28.15      
   17470     |      59.03       |       3.94      
   17471     |      56.59       |       8.42      
   17472     |      56.75       |      10.37      
   17473     |      81.46       |      34.95      
   17474     |      79.47       |      19.12      
   17475     |      80.45       |      20.27      
   17476     |      80.70       |      23.73      
   17479     |      78.65       |      39.65      
   17480     |      75.02       |      15.27      
   17481     |      71.91       |      14.58      
   17482     |      71.76       |      13.30      
   17483     |      82.27       |      21.91      
   17484     |      84.63       |      31.29      
   17485     |      75.65       |      36.54      
   17486     |      73.08       |      22.50      
   17487     |      73.52       |      22.21      
   17488     |      75.34       |      30.50      
   17489     |      79.44       |      25.92      
   17490     |      77.17       |      17.72      
   17491     |      71.85       |      21.02      
   17492     |      74.81       |      32.76      
   17493     |      73.93       |      34.60      
   17494     |      76.69       |      43.94      
   17495     |      77.86       |      41.05      
   17496     |      76.29       |      36.54      
   17497     |      75.40       |      38.45      
   17498     |      82.84       |      56.84      
   17499     |      86.42       |      47.53      
   17500     |      86.20       |      47.01      
   17501     |      82.70       |      56.31      
   17502     |      74.38       |      35.40      
   17503     |      74.21       |      35.78      
   17504     |      68.00       |      19.75      
   17505     |      63.32       |      44.51      
   17506     |      71.67       |      58.87      
   17507     |      71.76       |      59.72      
   17509     |      76.11       |      50.96      
   17510     |      81.23       |      59.93      
   17511     |      80.45       |      50.20      
   17512     |      76.58       |      43.69      
   17513     |      76.58       |      43.57      
   17514     |      75.72       |      42.17      
   17515     |      76.91       |      55.23      
   17517     |      82.26       |      55.54      
   17519     |      89.30       |      51.52      
   17524     |      78.62       |      50.87      
   17525     |      77.48       |      55.62      
   17529     |      85.12       |      57.20      
   17536     |      59.50       |      54.38      
   17555     |      60.61       |      55.25      
   17558     |      68.87       |      56.96      
   17559     |      68.29       |      52.42      
   17562     |      69.77       |      55.79      
   17563     |      70.58       |      59.83      
   17564     |      68.89       |      57.29      
   17565     |      69.20       |      59.75      
   17566     |      68.50       |      58.64      
   17567     |      68.44       |      54.21      
   17568     |      61.76       |      42.38      
   17569     |      61.94       |      41.31      
   17570     |      65.37       |      47.68      
   17571     |      65.85       |      44.25      
   17572     |      67.80       |      47.95      
   17573     |      67.72       |      48.46      
   17574     |      72.45       |      57.00      
   17575     |      73.34       |      50.24      
   17576     |      72.23       |      48.10      
   17577     |      71.54       |      52.95      
   17578     |      68.64       |      47.54      
   17579     |      67.41       |      59.92      
   17580     |      66.08       |      57.81      
   17581     |      66.18       |      53.76      
   17584     |      66.83       |      50.42      
   17585     |      65.98       |      56.57      
   17586     |      46.93       |      17.60      
   17587     |      45.71       |      19.73      
   17588     |      46.38       |      18.69      
   17589     |      59.92       |      22.15      
   17590     |      60.07       |      17.54      
   17591     |      61.33       |      15.32      
   17592     |      64.35       |      27.31      
   17593     |      66.19       |      23.70      
   17594     |      65.72       |      21.85      
   17595     |      59.53       |      37.45      
   17596     |      53.65       |      18.16      
   17597     |      59.93       |       6.01      
   17598     |      60.17       |       9.07      
   17599     |      63.29       |       4.73      
   17600     |      69.18       |      36.41      
   17601     |      64.87       |      33.45      
   17602     |      60.25       |      12.77      
   17603     |      62.99       |      15.04      
   17604     |      66.62       |      33.47      
   17605     |      47.76       |      23.09      
   17606     |      51.60       |      32.08      
   17607     |      67.00       |      10.09      
   17608     |      67.02       |      10.28      
   17609     |      72.98       |      12.12      
   17610     |      72.99       |      14.20      
   17611     |      65.99       |       5.03      
   17612     |      70.52       |      33.98      
   17613     |      80.12       |      26.11      
   17614     |      80.30       |      26.92      
   17616     |      78.12       |      25.08      
   17618     |      71.96       |      21.03      
   17620     |      69.21       |      33.99      
   17622     |      69.88       |      41.18      
   17624     |      70.46       |      38.03      
   17625     |      70.39       |      38.22      
   17626     |      73.34       |      45.94      
   17627     |      74.19       |      43.43      
   17628     |      79.36       |      56.10      
   17629     |      81.46       |      49.15      
   17630     |      75.67       |      35.90      
   17631     |      70.28       |      53.52      
   17632     |      65.88       |      45.07      
   17633     |      66.11       |      43.90      
   17635     |      76.26       |      38.04      
   17636     |      84.24       |      53.53      
   17638     |      81.71       |      50.52      
   17640     |      65.02       |      40.58      
   17642     |      66.07       |      54.10      
   17651     |      82.86       |      54.30      
   17652     |      81.21       |      53.05      
   17653     |      81.58       |      51.70      
   17656     |      85.11       |      57.21      
   17691     |      53.68       |      55.78      
   17693     |      59.19       |      54.89      
   17694     |      61.66       |      58.59      
   17695     |      61.57       |      56.92      
   17696     |      59.62       |      53.99      
   17697     |      60.64       |      42.59      
   17698     |      68.80       |      56.48      
   17699     |      69.80       |      47.21      
   17700     |      71.29       |      49.96      
   17701     |      71.61       |      47.85      
   17702     |      71.93       |      48.45      
   17703     |      70.74       |      57.11      
   17704     |      61.97       |      40.56      
   17705     |      60.57       |      49.11      
   17706     |      64.67       |      56.04      
   17707     |      65.08       |      47.77      
   17708     |      69.12       |      54.71      
   17709     |      69.14       |      57.11      
   17710     |      63.54       |      47.96      
   17712     |      43.86       |      46.76      
   17713     |      43.72       |      55.97      
   17714     |      31.65       |      41.36      
   17715     |      40.46       |      22.61      
   17716     |      41.16       |      25.29      
   17717     |      60.04       |       7.42      
   17718     |      61.07       |      16.42      
   17719     |      60.41       |      17.55      
   17720     |      62.01       |      24.09      
   17721     |      60.67       |      27.16      
   17722     |      60.22       |      25.73      
   17723     |      62.21       |      21.29      
   17724     |      61.35       |      17.62      
   17725     |      61.40       |      17.52      
   17726     |      60.83       |      14.15      
   17727     |      63.47       |       9.78      
   17728     |      68.07       |      32.06      
   17729     |      64.80       |      29.82      
   17730     |      61.36       |      15.72      
   17731     |      55.30       |      13.00      
   17732     |      55.91       |      16.31      
   17734     |      51.70       |       9.94      
   17779     |      72.73       |      53.15      
   17780     |      76.33       |      55.10      
   17785     |      88.52       |      59.96      
   17808     |      71.14       |      59.93      
   17853     |      60.00       |      17.60      
   17855     |      65.73       |      15.48      
   17856     |      68.47       |      28.33      
   17905     |      74.69       |      59.92      
   17906     |      68.78       |      56.93      
   17907     |      68.41       |      52.09      
   17908     |      80.79       |      58.98      
   17909     |      80.80       |      59.15      
   17911     |      87.36       |      49.42      
   18034     |      71.01       |      49.71      
   18037     |      73.73       |      52.78      
   18038     |      78.61       |      55.44      
   18039     |      77.50       |      45.25      
   18163     |      75.14       |      56.46      
   18164     |      71.63       |      54.70      
   18165     |      71.24       |      50.31      
   18166     |      72.02       |      50.61      
   18292     |      70.11       |      51.52      
   18293     |      70.46       |      55.58      
   18294     |      79.10       |      58.92      
   18297     |      83.80       |      59.96      
   18298     |      82.79       |      59.51      
   18299     |      82.15       |      55.49      
   18420     |      69.84       |      56.30      
   18423     |      80.30       |      58.26      
   18424     |      83.87       |      59.89      
   18425     |      83.11       |      54.14      
   18426     |      83.38       |      54.28      
   18550     |      79.45       |      59.10      
   18680     |      77.21       |      59.89      
   26765     |      88.27       |      47.16      
   26766     |      88.88       |      37.66      
   26889     |      86.24       |      52.44      
   26890     |      87.55       |      39.91      
   27918     |      88.40       |      38.81      
   27919     |      86.14       |      39.05      
   27920     |      86.96       |      32.26      
   28045     |      87.05       |      50.19      
   28046     |      87.47       |      46.58      
   28163     |      89.88       |      58.45      
   28336     |      88.67       |      37.19      
   28421     |      88.14       |      57.49      
   28422     |      88.73       |      50.58      
   28429     |      86.49       |      52.34      
   28430     |      86.12       |      56.23      
   28465     |      86.32       |      34.89      
   28466     |      77.72       |      48.76      
   28696     |      89.08       |      52.65      
   28697     |      84.98       |      41.34      
   28698     |      89.54       |      32.22      
   28928     |      85.71       |      41.14      
   28947     |      86.25       |      45.02      
   28948     |      88.38       |      39.75      
   29073     |      89.51       |      49.69      
   29476     |      89.38       |      57.32      
   29497     |      83.30       |      46.96      
   29498     |      75.41       |      16.12      
   29499     |      78.78       |      19.86      
   29500     |      76.18       |      47.86      
   29605     |      83.26       |      52.00      
   29606     |      86.46       |      30.88      
   30109     |      84.19       |      25.67      
   30110     |      86.68       |      27.14      
   30218     |      89.43       |      43.40      
   30235     |      83.24       |      52.68      
   30709     |      84.74       |      40.67      
   30710     |      83.73       |      48.35      
   30720     |      89.09       |      59.93      
   30721     |      86.83       |      55.90      
   30769     |      89.39       |      42.27      
   30770     |      87.25       |      42.07      
   30836     |      89.45       |      54.69      
   30839     |      85.66       |      49.30      
   30869     |      84.12       |      59.57      
   30870     |      85.33       |      51.00      
   30873     |      86.97       |      53.99      
   30874     |      89.32       |      40.78      
   30953     |      87.46       |      33.94      
   30954     |      85.49       |      50.47      
   30955     |      84.00       |      51.21      
   30988     |      87.85       |      59.58      
   30990     |      84.45       |      53.03      
   30991     |      72.47       |      57.88      
   30992     |      73.02       |      52.11      
   30993     |      86.71       |      47.85      
   30994     |      85.92       |      51.89      
   30997     |      88.56       |      56.17      
   30998     |      89.82       |      48.06      
   30999     |      82.56       |      49.20      
   31000     |      83.59       |      42.52      
   31001     |      86.18       |      47.10      
   31002     |      87.24       |      41.23      
   31003     |      88.68       |      43.75      
   31004     |      88.47       |      47.13      
   31005     |      87.38       |      45.15      
   31006     |      87.93       |      37.96      
   31035     |      89.60       |      40.73      
   31036     |      89.55       |      37.66      
   31038     |      87.38       |      50.77      
   31114     |      80.35       |      55.06      
   31115     |      81.97       |      54.51      
   31116     |      81.48       |      58.35      
   31117     |      84.40       |      57.41      
   31118     |      85.16       |      52.14      
   31119     |      83.70       |      52.53      
   31120     |      83.04       |      56.99      
   31121     |      82.02       |      57.35      
   31122     |      82.69       |      52.20      
   31123     |      85.37       |      51.49      
   31124     |      85.73       |      49.45      
   31127     |      89.01       |      47.45      
   31128     |      88.76       |      48.77      
   31129     |      86.91       |      45.48      
   31130     |      87.14       |      42.78      
   31165     |      88.56       |      36.75      
   31166     |      88.13       |      34.11      
   31240     |      86.66       |      56.40      
   31246     |      87.59       |      50.94      
   31247     |      84.43       |      51.66      
   31248     |      84.41       |      51.72      
   31249     |      77.91       |      53.93      
   31250     |      78.70       |      48.85      
   31251     |      77.84       |      49.16      
   31252     |      77.51       |      51.28      
   31253     |      85.08       |      48.98      
   31254     |      86.34       |      43.57      
   31255     |      84.56       |      40.04      
   31256     |      84.02       |      43.88      
   31257     |      84.01       |      43.85      
   31258     |      83.79       |      46.21      
   31259     |      84.35       |      47.26      
   31260     |      84.53       |      45.17      
   31261     |      83.92       |      44.00      
   31262     |      84.17       |      41.10      
   31263     |      87.66       |      47.59      
   31264     |      88.35       |      40.47      
   31265     |      89.47       |      42.53      
   31366     |      79.68       |      57.36      
   31367     |      84.44       |      55.61      
   31368     |      84.46       |      55.45      
   31369     |      84.85       |      55.34      
   31370     |      84.74       |      55.95      
   31371     |      85.38       |      55.77      
   31372     |      85.98       |      52.93      
   31373     |      85.20       |      53.13      
   31374     |      85.75       |      50.45      
   31375     |      86.59       |      50.27      
   31376     |      85.03       |      57.90      
   31379     |      83.68       |      51.97      
   31380     |      84.15       |      49.67      
   31381     |      78.97       |      52.10      
   31385     |      87.64       |      32.93      
   31386     |      85.25       |      47.70      
   31387     |      85.91       |      48.98      
   31388     |      86.29       |      45.26      
   31389     |      88.76       |      49.94      
   31390     |      88.61       |      51.25      
   31494     |      83.65       |      58.18      
   31495     |      82.37       |      58.66      
   31496     |      82.56       |      57.46      
   31497     |      86.07       |      56.32      
   31498     |      85.69       |      58.47      
   31499     |      88.02       |      57.80      
   31500     |      88.58       |      54.63      
   31501     |      88.67       |      54.61      
   31502     |      89.16       |      52.30      
   31503     |      88.79       |      52.37      
   31504     |      87.44       |      58.98      
   31505     |      86.95       |      59.11      
   31506     |      89.10       |      48.99      
   31508     |      89.75       |      52.72      
   31509     |      89.64       |      52.77      
   31510     |      89.11       |      57.38      
   31512     |      85.66       |      31.34      
   31585     |      88.22       |      52.78      
   31586     |      88.46       |      49.87      
   31587     |      86.99       |      50.69      
   31588     |      87.23       |      47.44      
   31589     |      86.45       |      46.09      
   31590     |      85.74       |      55.99      
   31633     |      83.18       |      56.24      
   31634     |      83.85       |      49.34      
   31635     |      87.06       |      47.72      
   31636     |      86.14       |      55.49      
   31721     |      88.68       |      54.70      
   31724     |      88.13       |      57.25      
   31725     |      86.79       |      58.03      
   31726     |      86.65       |      59.52      
   31727     |      87.47       |      59.08      
   31728     |      88.71       |      50.36      
   31750     |      75.46       |      46.67      
   31751     |      80.57       |      55.59      
   31752     |      80.41       |      56.19      
   31754     |      84.29       |      57.79      
   31755     |      83.14       |      55.84      
   31756     |      84.68       |      50.23      
   31757     |      89.54       |      58.67      
   31768     |      89.64       |      58.49      
   31770     |      81.43       |      50.76      
   31771     |      76.76       |      54.55      
   31869     |      87.42       |      58.15      
   31876     |      82.69       |      59.57      
   31877     |      79.07       |      53.50      
   31878     |      78.77       |      54.71      
   31879     |      80.01       |      56.79      
   31882     |      84.98       |      56.77      
   31888     |      89.12       |      55.80      
   32002     |      69.10       |      56.34      
   32003     |      70.75       |      59.25      
   32004     |      72.72       |      50.58      
   32005     |      76.20       |      56.61      
   32007     |      86.32       |      59.95      
   32130     |      77.21       |      59.39      
   32132     |      75.20       |      56.15      
   32133     |      76.01       |      57.61      
   32136     |      75.10       |      55.14      
   32137     |      76.87       |      58.09      
   32142     |      86.38       |      59.05      
   32143     |      89.01       |      57.22      
   32144     |      89.59       |      51.77      
   32145     |      84.06       |      54.55      
   32146     |      84.09       |      54.28      
   32147     |      83.13       |      54.84      
   32149     |      89.05       |      56.33      
   32150     |      89.05       |      56.31      
   32151     |      85.24       |      58.41      
   32159     |      84.28       |      59.74      
   32160     |      84.65       |      48.78      
   32161     |      86.73       |      47.76      
   32162     |      86.52       |      51.28      
   32173     |      75.58       |      48.41      
   32174     |      74.46       |      14.30      
   32175     |      85.26       |      28.92      
   32176     |      85.07       |      25.12      
   32239     |      88.84       |      57.12      
   32240     |      88.78       |      58.10      
   32257     |      66.42       |      59.93      
   32259     |      76.65       |      59.12      
   32265     |      82.88       |      59.92      
   32273     |      88.84       |      51.35      
   32274     |      88.49       |      57.92      
   32276     |      89.96       |      59.53      
   32278     |      86.42       |      58.30      
   32279     |      89.49       |      56.52      
   32282     |      83.34       |      59.94      
   32284     |      79.43       |      58.36      
   32286     |      75.28       |      53.56      
   32287     |      79.61       |      49.55      
   32288     |      79.59       |      45.16      
   32289     |      78.80       |      45.66      
   32290     |      78.94       |      56.33      
   32291     |      86.96       |      51.51      
   32292     |      87.17       |      45.20      
   32295     |      76.61       |      49.10      
   32296     |      76.99       |      18.46      
   32299     |      88.27       |      37.64      
   32300     |      88.30       |      35.81      
   32351     |      84.22       |      52.19      
   32352     |      84.19       |      53.34      
   32353     |      86.86       |      51.52      
   32354     |      86.60       |      57.72      
   32357     |      85.25       |      58.37      
   32358     |      85.90       |      46.88      
   32359     |      84.56       |      47.61      
   32360     |      84.24       |      53.92      
   32373     |      78.29       |      40.68      
   32375     |      87.59       |      56.94      
   32376     |      87.32       |      59.93      
   32391     |      84.49       |      55.51      
   32400     |      70.21       |      58.42      
   32401     |      85.26       |      47.69      
   32402     |      84.78       |      57.19      
   32403     |      85.73       |      56.60      
   32405     |      88.51       |      58.82      
   32406     |      88.51       |      58.95      
   32407     |      88.29       |      59.10      
   32411     |      83.07       |      59.80      
   32412     |      83.06       |      59.07      
   32413     |      82.37       |      59.67      
   32414     |      81.94       |      41.87      
   32415     |      70.93       |      52.12      
   32416     |      70.99       |      53.50      
   32417     |      80.75       |      45.77      
   32418     |      80.70       |      54.06      
   32419     |      78.09       |      55.97      
   32420     |      78.05       |      43.87      
   32421     |      81.53       |      41.80      
   32422     |      81.55       |      46.12      
   32427     |      86.50       |      34.40      
   32428     |      86.51       |      40.52      
   32435     |      78.44       |      38.63      
   32436     |      78.41       |      19.22      
   32471     |      88.05       |      47.73      
   32472     |      87.90       |      50.39      
   32489     |      89.31       |      46.83      
   32502     |      87.99       |      57.10      
   32503     |      88.95       |      56.56      
   32504     |      89.14       |      53.77      
   32505     |      88.84       |      53.29      
   32506     |      88.62       |      55.77      
   32507     |      88.72       |      55.95      
   32508     |      89.39       |      51.15      
   32524     |      78.84       |      59.07      
   32530     |      85.92       |      53.20      
   32531     |      81.92       |      55.90      
   32532     |      81.94       |      54.08      
   32533     |      77.57       |      57.75      
   32534     |      77.55       |      56.28      
   32535     |      78.87       |      55.09      
   32536     |      78.91       |      56.90      
   32538     |      70.86       |      50.21      
   32539     |      77.31       |      44.52      
   32540     |      77.31       |      51.37      
   32541     |      73.49       |      55.39      
   32542     |      73.26       |      48.56      
   32543     |      81.69       |      41.71      
   32544     |      81.55       |      48.42      
   32545     |      74.05       |      54.56      
   32546     |      74.00       |      53.78      
   32547     |      75.83       |      51.96      
   32548     |      75.33       |      44.18      
   32549     |      76.44       |      43.17      
   32550     |      76.36       |      40.95      
   32551     |      74.18       |      42.93      
   32552     |      73.80       |      27.20      
   32553     |      70.54       |      29.68      
   32554     |      70.63       |      32.47      
   32555     |      82.95       |      27.17      
   32556     |      82.59       |      41.63      
   32557     |      86.03       |      40.17      
   32558     |      86.05       |      35.64      
   32559     |      78.96       |      38.42      
   32560     |      78.65       |      24.78      
   32561     |      77.54       |      25.02      
   32562     |      77.90       |      17.94      
   32563     |      81.83       |      23.43      
   32564     |      81.76       |      26.03      
   32565     |      85.41       |      26.97      
   32566     |      85.41       |      28.49      
   32567     |      85.84       |      28.61      
   32568     |      85.90       |      33.42      
   32569     |      82.31       |      34.17      
   32570     |      81.54       |      24.48      
   32601     |      88.86       |      50.50      
   32602     |      89.06       |      46.35      
   32604     |      89.72       |      51.77      
   32625     |      88.03       |      58.17      
   32637     |      88.91       |      50.89      
   32645     |      79.11       |      59.74      
   32650     |      79.32       |      55.53      
   32651     |      75.82       |      58.29      
   32653     |      78.09       |      58.79      
   32658     |      72.72       |      52.81      
   32659     |      76.72       |      49.33      
   32660     |      76.46       |      54.11      
   32661     |      78.29       |      52.60      
   32663     |      82.00       |      57.82      
   32664     |      82.00       |      58.09      
   32665     |      81.98       |      58.10      
   32666     |      82.00       |      46.16      
   32667     |      75.29       |      51.68      
   32668     |      75.25       |      49.16      
   32669     |      74.18       |      50.20      
   32670     |      74.21       |      51.94      
   32671     |      76.50       |      49.75      
   32672     |      76.53       |      47.31      
   32673     |      77.55       |      46.49      
   32674     |      77.60       |      42.57      
   32675     |      68.33       |      52.19      
   32676     |      67.77       |      44.86      
   32677     |      70.09       |      42.29      
   32678     |      70.08       |      42.13      
   32679     |      72.71       |      39.49      
   32680     |      72.66       |      37.12      
   32681     |      80.92       |      31.65      
   32682     |      80.90       |      37.39      
   32683     |      80.71       |      37.50      
   32684     |      80.63       |      34.02      
   32685     |      75.00       |      37.58      
   32686     |      74.69       |      28.82      
   32687     |      75.39       |      28.41      
   32688     |      75.36       |      27.00      
   32689     |      79.58       |      25.47      
   32690     |      79.62       |      29.20      
   32691     |      88.89       |      30.06      
   32692     |      88.85       |      30.84      
   32693     |      86.55       |      30.15      
   32694     |      86.55       |      29.95      
   32695     |      87.30       |      30.13      
   32696     |      87.32       |      28.04      
   32697     |      77.91       |      27.31      
   32698     |      77.78       |      25.30      
   32699     |      81.97       |      24.84      
   32700     |      82.35       |      27.35      
   32701     |      87.75       |      28.51      
   32702     |      87.55       |      27.26      
   32703     |      77.94       |      21.11      
   32704     |      78.02       |      19.76      
   32705     |      78.05       |      19.77      
   32706     |      78.96       |      25.17      
   32707     |      88.85       |      29.26      
   32708     |      88.69       |      28.67      
   32709     |      86.11       |      26.69      
   32710     |      86.51       |      28.98      
   32723     |      88.82       |      36.77      
   32724     |      88.34       |      47.55      
   41210     |      85.56       |      57.06      
   41211     |      82.97       |      58.50      
   41212     |      83.84       |      52.10      
   41213     |      84.33       |      51.86      
   41214     |      83.15       |      59.45      
   41215     |      89.44       |      56.15      
   41981     |      89.64       |      58.44      
   41982     |      89.50       |      59.54      
   43642     |      85.81       |      43.19      
   47194     |      75.70       |      50.41      
   47202     |      83.34       |      53.34      
   47310     |      65.17       |      57.21      
   47323     |      86.49       |      54.56      
   47330     |      88.75       |      59.70      
   47331     |      87.40       |      55.49      
   47338     |      76.62       |      59.10      
   47339     |      76.61       |      59.07      
   47340     |      80.16       |      42.76      
   47342     |      89.49       |      48.06      
   47439     |      77.90       |      58.91      
   47450     |      75.10       |      56.30      
   47451     |      76.38       |      59.95      
   47452     |      76.41       |      59.81      
   47454     |      77.78       |      58.43      
   47459     |      77.48       |      54.00      
   47460     |      76.65       |      57.31      
   47461     |      76.12       |      55.53      
   47462     |      79.76       |      42.74      
   47473     |      88.70       |      53.76      
   47475     |      81.46       |      52.47      
   47476     |      83.84       |      40.70      
   47578     |      78.42       |      55.27      
   47579     |      79.07       |      56.92      
   47580     |      79.94       |      53.25      
   47583     |      72.10       |      57.39      
   47586     |      74.82       |      45.85      
   47588     |      85.90       |      57.72      
   47591     |      81.49       |      43.69      
   47592     |      79.79       |      49.79      
   47594     |      87.12       |      51.46      
   47599     |      87.51       |      49.56      
   47600     |      88.47       |      44.95      
   47706     |      67.21       |      53.65      
   47708     |      62.18       |      51.18      
   47709     |      64.23       |      48.59      
   47710     |      65.25       |      44.04      
   47714     |      84.80       |      51.12      
   47715     |      77.08       |      57.34      
   47716     |      77.68       |      53.65      
   47717     |      84.22       |      48.61      
   47718     |      83.32       |      53.04      
   47720     |      87.92       |      55.58      
   47721     |      86.94       |      53.17      
   47722     |      85.91       |      59.25      
   47723     |      81.74       |      48.76      
   47725     |      78.17       |      57.56      
   47726     |      80.81       |      42.21      
   47727     |      85.66       |      54.60      
   47728     |      87.65       |      44.44      
   47729     |      88.26       |      44.17      
   47730     |      87.25       |      48.29      
   47731     |      89.83       |      55.71      
   47837     |      64.65       |      48.61      
   47838     |      65.76       |      44.08      
   47839     |      62.23       |      48.39      
   47840     |      61.15       |      59.48      
   47841     |      85.68       |      37.92      
   47842     |      80.78       |      59.07      
   47843     |      88.26       |      53.24      
   47844     |      88.69       |      51.30      
   47845     |      86.56       |      52.56      
   47846     |      86.17       |      54.48      
   47847     |      87.35       |      53.65      
   47848     |      87.07       |      55.16      
   47849     |      89.63       |      53.50      
   47852     |      89.02       |      56.42      
   47855     |      89.42       |      47.32      
   47856     |      89.97       |      45.35      
   47857     |      88.99       |      45.73      
   47858     |      88.30       |      48.51      
   47859     |      88.49       |      49.06      
   47860     |      89.33       |      45.58      
   47969     |      79.89       |      53.59      
   47970     |      80.81       |      49.23      
   47971     |      77.61       |      51.96      
   47972     |      78.26       |      48.44      
   47973     |      77.58       |      49.02      
   47974     |      77.62       |      48.81      
   47975     |      75.42       |      50.86      
   47976     |      76.10       |      46.73      
   47977     |      78.30       |      44.95      
   47978     |      76.99       |      52.47      
   47979     |      78.44       |      56.13      
   47981     |      68.23       |      47.25      
   47982     |      68.03       |      49.31      
   47983     |      87.92       |      36.20      
   47984     |      85.67       |      43.57      
   47986     |      88.78       |      47.45      
   47987     |      89.48       |      49.30      
   48097     |      87.56       |      57.29      
   48099     |      81.24       |      53.57      
   48100     |      81.72       |      50.89      
   48101     |      76.49       |      55.70      
   48102     |      77.08       |      51.54      
   48103     |      70.98       |      58.37      
   48104     |      72.77       |      42.75      
   48105     |      82.03       |      36.60      
   48106     |      78.50       |      53.13      
   48107     |      87.81       |      46.45      
   48108     |      85.42       |      58.76      
   48111     |      84.89       |      48.41      
   48112     |      86.94       |      39.50      
   48113     |      83.33       |      41.04      
   48114     |      82.75       |      43.97      
   48115     |      87.68       |      41.53      
   48116     |      87.93       |      40.49      
   48117     |      86.59       |      40.93      
   48118     |      86.14       |      42.85      
   48234     |      85.01       |      44.78      
   48235     |      74.85       |      54.84      
   48236     |      74.85       |      53.94      
   48238     |      78.68       |      45.22      
   48240     |      80.32       |      39.37      
