=== Visibility Analysis Summary ===
Total patches: 49152
Geometric visible: 4120 (8.4%)
Light illuminated: 1882 (45.7% of geometric)
Reflection conditions met: 3778 (91.7% of geometric)
Light unoccluded: 1882 (45.7% of geometric)
Final visible: 1882 (3.8% of total)
Visible area: 195.51 (5.4% of total area)

=== Detailed Visibility Information ===
Patch Index  | Incidence Angle  |  Viewing Angle  
-------------+------------------+-----------------
     1       |      52.55       |      55.43      
     41      |      84.15       |      58.50      
     43      |      79.06       |      49.64      
     44      |      87.05       |      50.67      
     46      |      87.05       |      59.90      
    161      |      69.02       |      58.78      
    384      |      73.89       |      58.84      
    385      |      70.26       |      55.03      
    427      |      83.97       |      59.35      
    547      |      79.44       |      59.15      
    809      |      84.31       |      58.35      
    1435     |      65.73       |      52.24      
    1436     |      86.40       |      54.99      
    1437     |      80.45       |      57.03      
    1553     |      62.65       |      55.28      
    1554     |      66.28       |      55.53      
    1559     |      66.57       |      58.16      
    1560     |      77.69       |      59.47      
    1561     |      59.95       |      42.59      
    1562     |      68.72       |      41.69      
    1563     |      65.86       |      39.60      
    1565     |      87.34       |      47.49      
    1568     |      83.42       |      58.94      
   16424     |      39.52       |      59.98      
   16426     |      40.20       |      55.45      
   16427     |      44.26       |      55.42      
   16428     |      43.17       |      54.31      
   16429     |      40.99       |      54.36      
   16528     |      73.95       |      52.93      
   16529     |      75.78       |      53.51      
   16530     |      78.92       |      57.91      
   16531     |      58.02       |      52.78      
   16532     |      62.62       |      59.37      
   16533     |      49.71       |      58.02      
   16538     |      67.67       |      47.96      
   16539     |      66.11       |      47.61      
   16540     |      66.84       |      48.68      
   16541     |      45.32       |      45.27      
   16550     |      30.09       |      58.87      
   16551     |      57.71       |      58.40      
   16552     |      53.44       |      53.83      
   16553     |      44.28       |      52.95      
   16554     |      44.11       |      52.76      
   16555     |      42.24       |      52.75      
   16556     |      45.53       |      56.06      
   16557     |      42.00       |      56.00      
   16558     |      46.14       |      59.87      
   16560     |      41.31       |      51.20      
   16561     |      39.10       |      51.29      
   16562     |      36.36       |      46.72      
   16563     |      40.73       |      45.68      
   16564     |      40.03       |      44.43      
   16565     |      39.44       |      44.61      
   16566     |      39.16       |      44.00      
   16568     |      39.65       |      45.24      
   16585     |      21.62       |      59.92      
   16587     |      22.84       |      59.81      
   16648     |      70.72       |      58.55      
   16649     |      74.69       |      59.16      
   16650     |      74.00       |      58.37      
   16651     |      66.36       |      56.25      
   16660     |      67.82       |      57.66      
   16661     |      64.09       |      56.90      
   16672     |      52.74       |      58.30      
   16681     |      50.69       |      57.76      
   16682     |      45.09       |      52.14      
   16683     |      44.56       |      52.15      
   16684     |      44.75       |      52.32      
   16685     |      48.00       |      52.34      
   16686     |      45.01       |      49.18      
   16687     |      52.64       |      49.63      
   16688     |      48.76       |      44.33      
   16689     |      47.75       |      44.28      
   16690     |      45.71       |      40.79      
   16691     |      40.96       |      42.06      
   16692     |      41.90       |      43.91      
   16693     |      39.98       |      44.46      
   16694     |      39.92       |      44.36      
   16695     |      38.21       |      44.98      
   16696     |      38.66       |      45.82      
   16697     |      39.19       |      45.69      
   16698     |      39.92       |      46.88      
   16699     |      33.02       |      49.65      
   16700     |      34.18       |      50.85      
   16701     |      30.17       |      52.99      
   16702     |      29.74       |      52.59      
   16703     |      29.61       |      52.68      
   16704     |      29.23       |      52.15      
   16705     |      30.20       |      51.01      
   16706     |      31.61       |      52.55      
   16707     |      32.95       |      50.33      
   16708     |      37.31       |      48.95      
   16709     |      23.19       |      57.90      
   16710     |      26.93       |      59.20      
   16711     |      34.74       |      57.04      
   16712     |      28.02       |      53.25      
   16713     |      27.62       |      53.53      
   16714     |      28.14       |      54.02      
   16715     |      28.97       |      53.60      
   16716     |      29.49       |      54.12      
   16717     |      31.21       |      53.47      
   16718     |      34.81       |      56.09      
   16719     |      33.02       |      56.41      
   16720     |      37.97       |      59.79      
   16799     |      52.22       |      57.42      
   16800     |      52.28       |      57.49      
   16801     |      53.42       |      57.63      
   16806     |      63.96       |      53.72      
   16807     |      73.83       |      56.80      
   16808     |      58.01       |      34.68      
   16809     |      38.50       |      42.38      
   16810     |      45.37       |      49.60      
   16811     |      46.94       |      49.50      
   16814     |      27.62       |      54.94      
   16815     |      43.33       |      51.47      
   16816     |      41.89       |      49.99      
   16817     |      43.48       |      49.91      
   16818     |      42.65       |      48.98      
   16819     |      37.18       |      49.90      
   16820     |      40.31       |      53.30      
   16821     |      31.94       |      54.73      
   16822     |      30.62       |      52.98      
   16823     |      32.91       |      52.20      
   16824     |      33.58       |      52.93      
   16825     |      31.13       |      53.82      
   16826     |      31.34       |      53.97      
   16827     |      35.80       |      52.03      
   16828     |      35.04       |      51.35      
   16829     |      32.94       |      52.33      
   16830     |      38.89       |      56.72      
   16833     |      25.29       |      56.54      
   16834     |      24.11       |      58.19      
   16835     |      29.38       |      51.67      
   16836     |      29.46       |      51.49      
   16837     |      29.85       |      51.08      
   16838     |      38.16       |      52.74      
   16839     |      30.92       |      55.76      
   16840     |      27.58       |      53.54      
   16841     |      31.51       |      51.28      
   16842     |      31.36       |      51.12      
   16843     |      35.16       |      49.63      
   16844     |      34.98       |      49.46      
   16845     |      35.18       |      49.38      
   16846     |      37.40       |      51.43      
   16847     |      37.99       |      51.31      
   16848     |      36.99       |      50.47      
   16849     |      31.60       |      52.42      
   16850     |      38.56       |      57.80      
   16914     |      70.09       |      55.95      
   16915     |      67.40       |      55.40      
   16928     |      60.39       |      50.34      
   16929     |      59.97       |      50.26      
   16930     |      64.31       |      57.88      
   16931     |      60.42       |      56.95      
   16932     |      58.80       |      54.24      
   16933     |      67.26       |      56.28      
   16935     |      59.72       |      57.53      
   16936     |      53.20       |      46.58      
   16937     |      48.69       |      46.45      
   16938     |      52.64       |      51.22      
   16939     |      44.37       |      50.94      
   16940     |      50.57       |      57.36      
   16942     |      51.87       |      43.35      
   16943     |      34.85       |      47.11      
   16944     |      41.15       |      53.77      
   16945     |      38.41       |      53.99      
   16946     |      41.23       |      56.37      
   16947     |      35.93       |      56.81      
   16948     |      31.65       |      53.03      
   16949     |      42.37       |      50.88      
   16950     |      42.70       |      51.19      
   16951     |      28.25       |      55.47      
   16952     |      34.08       |      59.03      
   16954     |      22.59       |      59.20      
   16955     |      30.76       |      54.66      
   16956     |      34.99       |      57.23      
   16957     |      28.90       |      59.42      
   16958     |      27.46       |      58.59      
   16959     |      40.58       |      54.08      
   16960     |      33.88       |      47.17      
   16961     |      33.47       |      47.53      
   16962     |      33.04       |      48.15      
   16963     |      32.49       |      48.77      
   16964     |      32.58       |      48.37      
   16965     |      36.20       |      44.75      
   16966     |      38.96       |      44.82      
   16967     |      28.38       |      52.99      
   16968     |      29.74       |      53.09      
   16969     |      32.67       |      51.43      
   16970     |      33.10       |      51.76      
   16971     |      39.10       |      50.17      
   16972     |      36.48       |      47.98      
   16973     |      38.11       |      47.46      
   16974     |      39.91       |      49.16      
   16975     |      33.78       |      50.65      
   16976     |      33.36       |      50.25      
   16977     |      29.15       |      52.52      
   16978     |      30.34       |      53.77      
   16979     |      34.85       |      51.96      
   16980     |      42.91       |      58.18      
   16981     |      32.65       |      60.00      
   16984     |      46.03       |      57.61      
   16985     |      45.98       |      57.61      
   17050     |      73.49       |      52.81      
   17051     |      57.69       |      46.40      
   17054     |      64.11       |      59.03      
   17055     |      63.98       |      58.97      
   17056     |      59.87       |      52.29      
   17057     |      58.57       |      52.05      
   17058     |      61.15       |      56.24      
   17059     |      65.05       |      57.21      
   17060     |      63.05       |      53.74      
   17061     |      60.06       |      53.05      
   17064     |      66.18       |      58.58      
   17065     |      45.06       |      54.75      
   17075     |      43.26       |      53.92      
   17076     |      40.38       |      51.02      
   17077     |      30.99       |      53.72      
   17078     |      32.23       |      54.66      
   17079     |      42.34       |      51.64      
   17080     |      39.37       |      48.97      
   17081     |      42.45       |      48.02      
   17082     |      39.16       |      44.61      
   17083     |      32.15       |      49.04      
   17084     |      34.34       |      51.15      
   17085     |      41.09       |      48.71      
   17086     |      40.96       |      48.57      
   17087     |      32.95       |      51.65      
   17088     |      31.73       |      49.32      
   17089     |      33.51       |      47.73      
   17090     |      32.85       |      48.40      
   17091     |      27.44       |      55.76      
   17092     |      27.76       |      53.72      
   17093     |      28.95       |      52.72      
   17094     |      28.61       |      52.72      
   17095     |      23.61       |      57.24      
   17096     |      27.81       |      57.55      
   17097     |      31.07       |      55.58      
   17098     |      33.59       |      56.35      
   17099     |      27.23       |      58.98      
   17100     |      27.40       |      59.09      
   17101     |      25.59       |      59.65      
   17102     |      25.48       |      59.60      
   17105     |      37.61       |      55.88      
   17106     |      33.94       |      53.16      
   17107     |      35.50       |      52.66      
   17108     |      36.71       |      53.56      
   17109     |      43.86       |      52.10      
   17182     |      57.04       |      55.77      
   17183     |      64.23       |      58.87      
   17184     |      60.23       |      52.23      
   17185     |      59.96       |      52.18      
   17186     |      63.35       |      57.69      
   17187     |      60.39       |      56.97      
   17188     |      61.64       |      58.91      
   17189     |      58.11       |      58.10      
   17192     |      56.92       |      58.29      
   17194     |      62.50       |      56.78      
   17195     |      59.98       |      56.20      
   17196     |      61.63       |      58.79      
   17197     |      51.67       |      56.98      
   17198     |      52.68       |      58.06      
   17199     |      49.28       |      57.66      
   17200     |      46.80       |      55.11      
   17201     |      64.52       |      58.56      
   17202     |      56.41       |      47.42      
   17205     |      47.11       |      42.86      
   17206     |      46.32       |      41.90      
   17207     |      41.78       |      43.48      
   17208     |      44.29       |      46.13      
   17209     |      40.86       |      47.18      
   17210     |      38.81       |      45.02      
   17211     |      38.69       |      45.09      
   17212     |      43.35       |      49.64      
   17213     |      32.58       |      53.32      
   17214     |      34.45       |      54.54      
   17215     |      37.18       |      53.65      
   17216     |      32.75       |      48.53      
   17219     |      27.92       |      52.97      
   17220     |      28.71       |      52.97      
   17221     |      29.23       |      52.54      
   17222     |      28.09       |      52.75      
   17223     |      30.86       |      50.00      
   17224     |      34.83       |      50.65      
   17225     |      28.08       |      55.02      
   17226     |      29.86       |      55.44      
   17227     |      31.62       |      54.35      
   17228     |      30.67       |      54.09      
   17229     |      32.07       |      53.40      
   17230     |      30.44       |      51.98      
   17231     |      31.27       |      51.58      
   17232     |      37.26       |      56.43      
   17233     |      36.48       |      56.55      
   17234     |      34.02       |      54.70      
   17235     |      36.12       |      54.21      
   17236     |      38.54       |      57.80      
   17237     |      33.07       |      58.86      
   17300     |      72.09       |      56.62      
   17303     |      68.26       |      59.81      
   17310     |      64.53       |      53.59      
   17311     |      60.32       |      51.73      
   17312     |      64.23       |      58.10      
   17313     |      56.14       |      56.24      
   17314     |      55.96       |      55.93      
   17315     |      63.37       |      57.66      
   17316     |      62.61       |      56.43      
   17317     |      63.90       |      56.78      
   17318     |      63.66       |      56.38      
   17319     |      69.26       |      58.12      
   17320     |      68.17       |      56.19      
   17321     |      61.10       |      54.22      
   17324     |      50.17       |      57.46      
   17325     |      61.04       |      59.34      
   17327     |      52.25       |      58.78      
   17330     |      38.22       |      56.97      
   17331     |      50.25       |      55.64      
   17332     |      39.29       |      41.68      
   17333     |      33.53       |      50.89      
   17334     |      30.73       |      52.46      
   17335     |      41.18       |      47.99      
   17336     |      42.59       |      49.25      
   17337     |      41.43       |      49.59      
   17338     |      39.90       |      48.24      
   17339     |      33.40       |      51.02      
   17340     |      41.26       |      56.79      
   17341     |      37.30       |      57.77      
   17342     |      30.47       |      52.34      
   17343     |      38.97       |      48.57      
   17344     |      37.92       |      47.51      
   17345     |      42.92       |      39.45      
   17346     |      42.40       |      38.61      
   17347     |      36.31       |      46.37      
   17348     |      36.00       |      45.14      
   17351     |      31.68       |      54.27      
   17352     |      29.15       |      53.74      
   17353     |      24.68       |      57.05      
   17354     |      28.98       |      57.91      
   17358     |      23.37       |      59.81      
   17359     |      33.89       |      54.88      
   17360     |      36.38       |      56.69      
   17361     |      40.35       |      56.04      
   17362     |      37.97       |      52.34      
   17363     |      25.27       |      56.77      
   17368     |      48.19       |      58.74      
   17369     |      44.46       |      58.97      
   17440     |      54.07       |      54.97      
   17441     |      65.19       |      57.21      
   17442     |      61.66       |      51.87      
   17443     |      60.41       |      51.62      
   17444     |      63.20       |      55.80      
   17445     |      63.26       |      55.82      
   17446     |      64.25       |      57.27      
   17447     |      63.00       |      56.98      
   17448     |      65.13       |      59.98      
   17449     |      64.22       |      59.76      
   17452     |      66.49       |      59.21      
   17453     |      50.95       |      56.64      
   17460     |      37.12       |      51.61      
   17461     |      45.75       |      35.37      
   17462     |      45.90       |      39.09      
   17463     |      40.57       |      41.78      
   17464     |      44.39       |      46.70      
   17465     |      44.67       |      46.64      
   17466     |      52.38       |      54.05      
   17467     |      32.30       |      57.69      
   17468     |      27.96       |      54.41      
   17469     |      48.25       |      47.29      
   17470     |      41.15       |      39.85      
   17471     |      44.16       |      37.65      
   17472     |      44.54       |      38.01      
   17480     |      25.69       |      55.91      
   17481     |      29.87       |      53.04      
   17482     |      29.37       |      52.76      
   17486     |      33.58       |      55.28      
   17487     |      32.81       |      55.61      
   17488     |      37.68       |      58.89      
   17490     |      23.93       |      58.07      
   17491     |      33.95       |      53.92      
   17492     |      40.28       |      58.99      
   17493     |      42.90       |      58.70      
   17502     |      43.05       |      59.28      
   17503     |      43.56       |      59.24      
   17504     |      37.41       |      50.19      
   17505     |      60.77       |      52.61      
   17536     |      72.49       |      53.09      
   17537     |      84.83       |      57.12      
   17555     |      72.68       |      54.22      
   17559     |      64.58       |      59.42      
   17568     |      60.16       |      50.43      
   17569     |      59.11       |      50.24      
   17570     |      62.30       |      55.32      
   17571     |      58.77       |      54.57      
   17572     |      60.74       |      57.43      
   17573     |      61.30       |      57.55      
   17578     |      59.78       |      57.99      
   17580     |      71.73       |      59.54      
   17581     |      67.65       |      58.13      
   17584     |      63.97       |      57.46      
   17585     |      70.60       |      58.99      
   17586     |      54.37       |      28.42      
   17587     |      56.08       |      27.58      
   17588     |      55.32       |      27.94      
   17589     |      47.12       |      42.92      
   17590     |      44.30       |      42.30      
   17591     |      42.13       |      43.19      
   17592     |      46.33       |      48.36      
   17593     |      42.12       |      49.26      
   17594     |      41.39       |      48.46      
   17595     |      57.99       |      46.78      
   17596     |      49.94       |      35.96      
   17597     |      40.59       |      40.84      
   17598     |      41.05       |      41.30      
   17599     |      36.98       |      44.10      
   17600     |      49.40       |      54.97      
   17601     |      50.66       |      50.35      
   17602     |      42.20       |      41.78      
   17603     |      40.50       |      44.74      
   17604     |      49.23       |      51.89      
   17605     |      56.55       |      30.80      
   17606     |      59.48       |      37.66      
   17607     |      34.11       |      48.01      
   17608     |      34.15       |      48.05      
   17609     |      27.07       |      53.68      
   17610     |      28.28       |      53.90      
   17611     |      34.02       |      46.67      
   17612     |      45.85       |      55.55      
   17617     |      38.57       |      57.31      
   17618     |      33.84       |      54.00      
   17619     |      43.68       |      51.45      
   17620     |      46.93       |      54.45      
   17621     |      50.19       |      54.31      
   17622     |      52.70       |      57.08      
   17623     |      49.68       |      57.05      
   17624     |      49.28       |      56.65      
   17625     |      49.51       |      56.64      
   17632     |      59.34       |      54.95      
   17633     |      58.10       |      54.75      
   17640     |      55.92       |      52.75      
   17641     |      66.55       |      56.33      
   17642     |      67.68       |      58.32      
   17643     |      66.92       |      57.98      
   17644     |      66.31       |      56.89      
   17682     |      87.20       |      56.13      
   17687     |      72.12       |      55.70      
   17688     |      70.87       |      53.12      
   17690     |      78.12       |      49.10      
   17691     |      77.59       |      48.77      
   17692     |      81.83       |      57.06      
   17693     |      73.32       |      52.89      
   17694     |      75.31       |      56.35      
   17695     |      73.74       |      55.62      
   17696     |      72.20       |      52.87      
   17697     |      61.15       |      49.52      
   17699     |      58.45       |      58.84      
   17704     |      58.51       |      49.97      
   17705     |      67.10       |      51.77      
   17706     |      70.91       |      57.73      
   17707     |      62.69       |      55.08      
   17710     |      64.02       |      53.83      
   17712     |      75.17       |      36.33      
   17713     |      83.47       |      40.63      
   17714     |      76.44       |      21.54      
   17715     |      60.49       |      21.94      
   17716     |      61.49       |      23.90      
   17717     |      40.83       |      40.91      
   17718     |      42.86       |      43.05      
   17719     |      44.00       |      42.62      
   17720     |      46.25       |      45.42      
   17721     |      49.41       |      44.88      
   17722     |      48.85       |      44.11      
   17723     |      44.41       |      45.03      
   17724     |      43.22       |      43.54      
   17725     |      43.13       |      43.58      
   17726     |      42.15       |      42.50      
   17727     |      37.96       |      44.59      
   17728     |      46.70       |      52.82      
   17729     |      47.89       |      49.31      
   17730     |      42.36       |      43.24      
   17731     |      46.59       |      36.72      
   17732     |      47.40       |      37.88      
   17733     |      49.92       |      33.71      
   17734     |      48.45       |      32.46      
   17735     |      40.26       |      41.16      
   17736     |      39.91       |      40.91      
   17737     |      33.57       |      49.54      
   17738     |      31.88       |      48.78      
   17739     |      34.67       |      46.14      
   17740     |      37.57       |      49.01      
   17741     |      44.05       |      46.17      
   17742     |      43.05       |      45.20      
   17743     |      48.46       |      43.22      
   17744     |      50.19       |      45.13      
   17745     |      47.86       |      45.53      
   17746     |      48.65       |      46.31      
   17747     |      50.57       |      46.00      
   17748     |      54.47       |      50.61      
   17749     |      57.57       |      50.67      
   17750     |      57.46       |      50.54      
   17751     |      53.80       |      50.35      
   17752     |      54.79       |      51.60      
   17753     |      53.28       |      51.60      
   17754     |      56.88       |      55.70      
   17755     |      50.85       |      55.60      
   17762     |      48.04       |      53.91      
   17763     |      58.49       |      54.72      
   17810     |      86.63       |      53.18      
   17816     |      65.20       |      52.18      
   17817     |      69.79       |      54.45      
   17818     |      63.32       |      41.75      
   17819     |      78.93       |      47.93      
   17820     |      82.17       |      54.43      
   17821     |      83.21       |      55.01      
   17822     |      85.62       |      59.80      
   17823     |      76.16       |      54.72      
   17824     |      74.14       |      51.08      
   17825     |      74.41       |      51.18      
   17827     |      71.63       |      58.36      
   17828     |      68.98       |      53.95      
   17829     |      68.02       |      53.67      
   17830     |      70.28       |      57.33      
   17831     |      63.42       |      55.49      
   17832     |      63.32       |      55.32      
   17833     |      55.09       |      53.38      
   17838     |      55.37       |      47.06      
   17839     |      68.12       |      50.64      
   17840     |      63.67       |      42.44      
   17841     |      67.25       |      43.21      
   17842     |      62.10       |      33.03      
   17843     |      63.07       |      33.07      
   17844     |      60.12       |      26.86      
   17845     |      58.04       |      27.46      
   17846     |      61.53       |      35.08      
   17847     |      47.80       |      37.37      
   17848     |      50.32       |      40.86      
   17849     |      50.37       |      40.86      
   17850     |      50.96       |      41.67      
   17851     |      51.04       |      41.66      
   17852     |      50.34       |      40.65      
   17853     |      44.44       |      42.19      
   17854     |      46.46       |      44.75      
   17855     |      37.85       |      47.36      
   17856     |      43.34       |      52.25      
   17857     |      51.26       |      35.41      
   17858     |      50.11       |      33.83      
   17859     |      51.84       |      31.30      
   17860     |      52.17       |      31.92      
   17861     |      52.09       |      32.01      
   17862     |      51.63       |      31.03      
   17863     |      46.04       |      40.02      
   17864     |      45.53       |      39.43      
   17865     |      41.12       |      48.89      
   17866     |      34.99       |      45.78      
   17867     |      44.42       |      38.60      
   17868     |      47.19       |      42.33      
   17869     |      47.57       |      42.18      
   17870     |      48.46       |      43.19      
   17871     |      39.23       |      47.04      
   17872     |      43.06       |      50.41      
   17873     |      52.51       |      48.97      
   17874     |      50.24       |      46.27      
   17875     |      56.10       |      45.74      
   17876     |      58.98       |      49.45      
   17877     |      56.07       |      49.46      
   17878     |      55.56       |      48.87      
   17879     |      61.98       |      49.20      
   17880     |      59.54       |      45.88      
   17881     |      55.61       |      45.86      
   17882     |      58.05       |      49.61      
   17883     |      57.25       |      49.58      
   17884     |      62.67       |      57.23      
   17885     |      62.89       |      57.26      
   17888     |      57.89       |      54.18      
   17889     |      66.13       |      55.73      
   17890     |      62.38       |      49.58      
   17891     |      62.03       |      49.52      
   17907     |      63.89       |      59.52      
   17938     |      84.45       |      53.00      
   17939     |      84.51       |      53.04      
   17944     |      89.91       |      41.65      
   17945     |      76.95       |      35.50      
   17946     |      80.12       |      40.53      
   17947     |      67.09       |      36.16      
   17948     |      79.08       |      55.60      
   17949     |      80.81       |      56.39      
   17950     |      79.31       |      53.77      
   17951     |      86.79       |      58.11      
   17952     |      87.45       |      59.35      
   17953     |      72.33       |      52.51      
   17956     |      69.71       |      54.30      
   17957     |      68.86       |      54.02      
   17958     |      68.78       |      53.86      
   17959     |      72.61       |      55.38      
   17960     |      71.79       |      53.80      
   17961     |      67.46       |      51.85      
   17962     |      68.15       |      53.19      
   17963     |      71.79       |      54.81      
   17964     |      68.28       |      47.98      
   17965     |      74.16       |      50.72      
   17966     |      69.49       |      40.67      
   17967     |      64.63       |      38.78      
   17968     |      65.08       |      39.79      
   17969     |      66.15       |      40.03      
   17970     |      62.88       |      31.99      
   17971     |      63.10       |      32.01      
   17972     |      64.57       |      35.64      
   17973     |      51.26       |      36.45      
   17974     |      52.35       |      38.67      
   17975     |      57.98       |      38.68      
   17976     |      58.24       |      39.30      
   17977     |      51.75       |      39.30      
   17978     |      50.97       |      37.55      
   17979     |      55.26       |      37.04      
   17980     |      54.84       |      36.04      
   17981     |      54.61       |      36.07      
   17982     |      56.20       |      39.63      
   17983     |      50.98       |      39.80      
   17984     |      49.50       |      36.68      
   17985     |      52.15       |      32.63      
   17986     |      51.62       |      31.46      
   17987     |      44.07       |      43.21      
   17988     |      41.99       |      40.25      
   17989     |      42.31       |      39.81      
   17990     |      43.96       |      41.56      
   17991     |      42.04       |      44.87      
   17992     |      43.88       |      46.62      
   17993     |      50.82       |      33.58      
   17994     |      50.88       |      31.60      
   17995     |      50.10       |      32.11      
   17996     |      52.87       |      35.84      
   17997     |      52.24       |      36.05      
   17998     |      50.78       |      33.63      
   17999     |      62.35       |      29.77      
   18000     |      66.07       |      38.03      
   18001     |      53.85       |      37.76      
   18002     |      57.60       |      44.45      
   18003     |      62.08       |      44.90      
   18004     |      61.93       |      44.65      
   18005     |      54.67       |      44.15      
   18006     |      59.07       |      51.50      
   18007     |      61.38       |      51.86      
   18008     |      57.17       |      44.54      
   18009     |      70.31       |      47.02      
   18010     |      67.73       |      41.84      
   18011     |      64.93       |      41.21      
   18012     |      70.39       |      52.13      
   18013     |      70.07       |      52.03      
   18014     |      71.41       |      54.53      
   18015     |      75.14       |      55.86      
   18016     |      71.43       |      49.11      
   18017     |      66.54       |      47.02      
   18018     |      65.49       |      45.05      
   18019     |      58.87       |      43.42      
   18020     |      55.34       |      35.37      
   18021     |      81.72       |      44.07      
   18022     |      86.60       |      54.79      
   18026     |      80.78       |      59.68      
   18027     |      81.02       |      59.83      
   18029     |      61.10       |      56.50      
   18073     |      85.29       |      41.68      
   18074     |      86.23       |      38.43      
   18075     |      83.37       |      36.61      
   18076     |      88.89       |      46.49      
   18077     |      85.66       |      44.32      
   18079     |      78.07       |      55.29      
   18080     |      79.53       |      57.99      
   18084     |      83.12       |      52.61      
   18085     |      76.20       |      49.07      
   18086     |      73.81       |      44.10      
   18087     |      78.93       |      46.80      
   18088     |      78.93       |      46.77      
   18089     |      80.25       |      47.57      
   18090     |      79.25       |      45.40      
   18091     |      79.29       |      45.42      
   18092     |      80.57       |      48.33      
   18093     |      73.54       |      44.19      
   18094     |      74.32       |      45.95      
   18095     |      67.06       |      42.52      
   18096     |      65.91       |      40.02      
   18097     |      65.01       |      39.84      
   18098     |      61.59       |      32.22      
   18099     |      62.61       |      32.24      
   18100     |      62.51       |      31.96      
   18101     |      67.33       |      32.96      
   18102     |      70.09       |      40.73      
   18103     |      54.50       |      36.43      
   18104     |      56.29       |      40.66      
   18105     |      56.84       |      40.71      
   18106     |      53.28       |      31.87      
   18107     |      57.11       |      30.99      
   18108     |      57.74       |      32.69      
   18109     |      58.01       |      32.69      
   18110     |      58.61       |      34.22      
   18111     |      61.37       |      34.50      
   18112     |      59.00       |      27.85      
   18113     |      54.02       |      35.51      
   18114     |      54.31       |      36.14      
   18115     |      54.37       |      36.01      
   18116     |      52.13       |      31.59      
   18117     |      41.38       |      49.93      
   18118     |      38.97       |      47.18      
   18119     |      41.17       |      43.38      
   18120     |      40.30       |      42.58      
   18121     |      56.00       |      25.59      
   18122     |      56.05       |      25.71      
   18123     |      66.06       |      21.60      
   18124     |      65.90       |      21.19      
   18125     |      65.27       |      21.32      
   18126     |      66.76       |      25.28      
   18127     |      68.98       |      25.38      
   18128     |      68.81       |      24.95      
   18129     |      66.65       |      24.75      
   18130     |      72.08       |      37.85      
   18131     |      73.20       |      38.27      
   18132     |      70.51       |      31.87      
   18133     |      64.98       |      30.78      
   18134     |      71.39       |      44.85      
   18135     |      65.76       |      43.09      
   18136     |      68.29       |      48.28      
   18137     |      68.62       |      48.39      
   18138     |      65.09       |      41.07      
   18139     |      74.41       |      44.20      
   18140     |      76.29       |      48.41      
   18141     |      79.63       |      50.01      
   18142     |      80.81       |      52.41      
   18143     |      66.42       |      46.78      
   18144     |      66.53       |      47.01      
   18145     |      72.84       |      50.12      
   18146     |      65.33       |      35.21      
   18148     |      88.09       |      39.03      
   18153     |      80.67       |      59.98      
   18154     |      80.71       |      59.85      
   18155     |      77.03       |      57.90      
   18156     |      78.23       |      52.69      
   18157     |      87.38       |      57.83      
   18192     |      87.06       |      59.08      
   18204     |      88.33       |      52.78      
   18205     |      85.66       |      50.62      
   18209     |      84.48       |      54.47      
   18210     |      82.71       |      50.95      
   18213     |      83.98       |      52.10      
   18214     |      81.85       |      47.56      
   18215     |      74.59       |      43.54      
   18216     |      77.33       |      49.26      
   18217     |      76.20       |      48.63      
   18218     |      80.26       |      56.86      
   18219     |      70.70       |      51.62      
   18220     |      73.82       |      57.59      
   18221     |      69.62       |      55.47      
   18222     |      64.27       |      44.94      
   18223     |      71.33       |      47.97      
   18224     |      65.08       |      34.17      
   18225     |      70.62       |      35.49      
   18226     |      69.59       |      32.90      
   18227     |      62.46       |      31.26      
   18228     |      65.95       |      40.37      
   18229     |      56.44       |      37.93      
   18230     |      56.80       |      38.80      
   18231     |      68.16       |      42.25      
   18232     |      67.13       |      39.68      
   18233     |      58.99       |      37.85      
   18234     |      56.13       |      29.98      
   18235     |      54.62       |      30.40      
   18236     |      55.88       |      33.99      
   18237     |      56.49       |      33.97      
   18238     |      57.71       |      36.89      
   18239     |      56.02       |      36.84      
   18240     |      55.16       |      34.80      
   18241     |      57.59       |      30.92      
   18242     |      58.59       |      33.61      
   18243     |      56.32       |      37.37      
   18244     |      57.57       |      40.37      
   18245     |      67.01       |      24.58      
   18246     |      67.49       |      26.50      
   18247     |      55.00       |      48.86      
   18248     |      48.65       |      33.39      
   18249     |      50.30       |      32.34      
   18250     |      52.44       |      35.61      
   18251     |      74.45       |      37.78      
   18252     |      68.89       |      17.60      
   18253     |      80.12       |      21.08      
   18254     |      79.21       |      17.49      
   18255     |      86.95       |      23.03      
   18256     |      84.58       |      14.97      
   18257     |      87.19       |      17.37      
   18259     |      80.73       |      23.47      
   18260     |      79.94       |      21.23      
   18261     |      89.96       |      28.55      
   18262     |      88.78       |      25.33      
   18263     |      86.28       |      32.74      
   18264     |      88.73       |      39.15      
   18265     |      87.17       |      38.04      
   18266     |      87.46       |      38.82      
   18267     |      87.84       |      39.10      
   18269     |      86.98       |      42.84      
   18270     |      84.00       |      36.07      
   18271     |      89.46       |      39.81      
   18272     |      88.19       |      36.87      
   18279     |      83.03       |      57.14      
   18280     |      82.41       |      59.81      
   18281     |      73.05       |      54.86      
   18282     |      72.20       |      58.70      
   18287     |      83.30       |      55.66      
   18291     |      63.17       |      58.12      
   18318     |      83.66       |      58.10      
   18320     |      89.58       |      57.32      
   18333     |      89.85       |      52.94      
   18334     |      88.25       |      59.09      
   18343     |      83.84       |      46.39      
   18344     |      83.33       |      45.28      
   18345     |      83.47       |      45.37      
   18346     |      87.83       |      54.88      
   18347     |      85.97       |      53.53      
   18348     |      84.16       |      49.52      
   18349     |      85.43       |      50.43      
   18350     |      77.22       |      30.89      
   18351     |      81.24       |      33.61      
   18352     |      79.70       |      29.30      
   18353     |      73.63       |      25.97      
   18354     |      78.41       |      40.41      
   18355     |      67.67       |      34.59      
   18356     |      67.24       |      33.39      
   18357     |      71.62       |      35.36      
   18358     |      68.63       |      26.70      
   18359     |      69.59       |      27.04      
   18360     |      71.61       |      33.16      
   18361     |      73.74       |      34.18      
   18362     |      70.28       |      22.53      
   18363     |      63.66       |      22.05      
   18364     |      63.84       |      22.65      
   18365     |      67.16       |      22.62      
   18366     |      67.62       |      24.13      
   18367     |      70.35       |      24.81      
   18368     |      70.39       |      24.94      
   18369     |      69.66       |      26.03      
   18370     |      71.26       |      32.05      
   18371     |      76.17       |      25.02      
   18372     |      75.66       |      22.53      
   18373     |      60.27       |      45.62      
   18374     |      60.73       |      46.57      
   18375     |      89.46       |      13.01      
   18376     |      88.91       |       8.89      
   18379     |      85.74       |      17.19      
   18380     |      85.99       |      19.22      
   18381     |      89.82       |      23.18      
   18382     |      89.70       |      22.65      
   18383     |      87.72       |      20.78      
   18384     |      86.61       |      17.35      
   18387     |      89.85       |      20.32      
   18389     |      71.71       |      17.29      
   18390     |      76.75       |      29.14      
   18391     |      80.89       |      31.11      
   18407     |      89.94       |      56.81      
   18413     |      78.97       |      57.67      
   18414     |      79.38       |      56.19      
   18415     |      77.29       |      55.09      
   18417     |      65.44       |      56.21      
   18418     |      64.74       |      57.73      
   18419     |      68.19       |      59.27      
   18447     |      84.03       |      58.09      
   18448     |      84.01       |      57.43      
   18449     |      83.77       |      57.29      
   18450     |      83.73       |      58.52      
   18451     |      86.08       |      59.83      
   18452     |      86.28       |      53.94      
   18456     |      88.26       |      57.37      
   18462     |      89.89       |      59.18      
   18467     |      89.69       |      43.97      
   18471     |      89.93       |      53.58      
   18472     |      89.38       |      50.25      
   18473     |      84.09       |      44.88      
   18474     |      84.25       |      45.95      
   18477     |      88.27       |      47.51      
   18478     |      86.81       |      38.33      
   18479     |      78.60       |      30.04      
   18480     |      78.80       |      31.66      
   18481     |      77.57       |      30.65      
   18482     |      77.72       |      31.83      
   18483     |      83.72       |      37.11      
   18484     |      82.93       |      31.01      
   18485     |      76.90       |      25.53      
   18486     |      77.03       |      26.77      
   18487     |      72.28       |      23.47      
   18488     |      73.13       |      31.87      
   18489     |      73.21       |      31.91      
   18490     |      71.65       |      18.35      
   18491     |      74.04       |      19.40      
   18492     |      73.71       |      15.01      
   18493     |      71.97       |      14.53      
   18494     |      72.00       |      15.26      
   18495     |      75.80       |      17.26      
   18496     |      76.22       |      24.95      
   18497     |      80.07       |      20.74      
   18498     |      80.26       |      25.19      
   18499     |      78.59       |      26.76      
   18500     |      80.35       |      42.38      
   18501     |      89.71       |      34.50      
   18502     |      87.46       |      11.45      
   18503     |      82.72       |      13.43      
   18504     |      84.12       |      13.33      
   18535     |      88.93       |      56.69      
   18536     |      88.92       |      56.36      
   18537     |      85.85       |      54.64      
   18540     |      76.20       |      58.10      
   18541     |      73.58       |      57.07      
   18542     |      73.53       |      55.75      
   18543     |      76.99       |      57.12      
   18544     |      76.72       |      54.11      
   18545     |      77.54       |      54.49      
   18546     |      78.11       |      57.86      
   18547     |      71.68       |      55.38      
   18577     |      82.38       |      57.51      
   18578     |      82.38       |      57.53      
   18579     |      84.18       |      58.51      
   18580     |      84.24       |      56.12      
   18581     |      80.50       |      54.14      
   18582     |      80.49       |      56.58      
   18584     |      87.78       |      53.39      
   18585     |      88.00       |      53.51      
   18603     |      87.62       |      44.38      
   18604     |      87.35       |      42.65      
   18607     |      85.41       |      38.84      
   18608     |      85.26       |      37.73      
   18609     |      78.70       |      31.70      
   18610     |      79.59       |      38.54      
   18611     |      74.30       |      34.32      
   18612     |      73.53       |      28.05      
   18613     |      79.67       |      32.85      
   18614     |      79.72       |      33.22      
   18615     |      74.18       |      28.89      
   18616     |      73.54       |      22.45      
   18617     |      80.36       |      27.41      
   18618     |      80.16       |      25.44      
   18619     |      70.35       |      19.51      
   18620     |      69.96       |      14.01      
   18621     |      73.80       |      14.91      
   18622     |      73.79       |      14.60      
   18623     |      73.12       |      14.25      
   18624     |      73.46       |      21.39      
   18625     |      76.80       |      16.93      
   18626     |      77.68       |      26.76      
   18627     |      80.34       |      23.85      
   18628     |      81.13       |      32.78      
   18629     |      82.43       |      31.59      
   18630     |      82.89       |      13.53      
   18657     |      89.45       |      39.09      
   18658     |      87.98       |      43.34      
   18661     |      82.87       |      40.34      
   18662     |      83.39       |      54.79      
   18663     |      85.35       |      53.68      
   18664     |      85.39       |      54.64      
   18665     |      87.09       |      55.64      
   18667     |      76.05       |      57.35      
   18668     |      76.02       |      56.65      
   18669     |      78.25       |      57.60      
   18670     |      78.17       |      56.92      
   18671     |      73.10       |      54.90      
   18672     |      73.11       |      54.98      
   18673     |      71.10       |      54.13      
   18674     |      71.22       |      55.45      
   18675     |      60.27       |      52.03      
   18706     |      77.91       |      54.54      
   18707     |      83.61       |      57.46      
   18708     |      83.34       |      52.19      
   18714     |      85.55       |      58.22      
   18739     |      86.71       |      34.87      
   18740     |      85.42       |      25.27      
   18741     |      82.34       |      22.15      
   18742     |      83.49       |      31.32      
   18743     |      83.31       |      31.13      
   18744     |      82.66       |      25.53      
   18745     |      76.36       |      20.44      
   18746     |      76.59       |      22.58      
   18747     |      80.07       |      25.47      
   18748     |      79.17       |      10.18      
   18749     |      76.13       |       7.99      
   18750     |      76.35       |      13.18      
   18751     |      75.93       |      12.87      
   18752     |      76.13       |      17.04      
   18753     |      75.65       |      17.65      
   18754     |      76.14       |      24.03      
   18755     |      81.64       |      17.55      
   18756     |      81.63       |      31.40      
   18793     |      73.00       |      45.80      
   18794     |      73.29       |      57.75      
   18796     |      78.72       |      57.53      
   18797     |      74.65       |      55.73      
   18798     |      74.55       |      54.59      
   18799     |      76.56       |      55.43      
   18800     |      76.36       |      53.37      
   18801     |      73.03       |      51.88      
   18802     |      72.79       |      49.15      
   18803     |      81.98       |      53.68      
   18824     |      79.44       |      56.75      
   18832     |      84.99       |      54.35      
   18836     |      89.76       |      51.95      
   18844     |      85.91       |      55.66      
   18845     |      82.62       |      51.46      
   18846     |      82.61       |      51.47      
   18847     |      84.43       |      53.79      
   18848     |      87.67       |      43.33      
   18869     |      83.24       |      26.20      
   18870     |      83.49       |      28.16      
   18871     |      85.64       |      30.28      
   18872     |      85.24       |      27.43      
   18873     |      83.19       |      25.31      
   18874     |      82.52       |      16.71      
   18875     |      84.62       |      19.18      
   18876     |      83.73       |       4.92      
   18877     |      87.11       |       9.68      
   18878     |      87.72       |      19.42      
   18879     |      80.66       |      10.53      
   18880     |      81.04       |      17.42      
   18881     |      87.74       |      12.53      
   18882     |      87.48       |      19.82      
   18883     |      85.02       |      21.71      
   18884     |      85.04       |      20.23      
   18910     |      89.70       |      37.97      
   18911     |      85.16       |      33.55      
   18912     |      82.09       |      43.22      
   18913     |      83.92       |      45.89      
   18914     |      85.39       |      40.76      
   18915     |      89.82       |      47.45      
   18919     |      82.87       |      45.64      
   18920     |      82.85       |      44.53      
   18923     |      78.47       |      50.35      
   18924     |      78.77       |      55.12      
   18925     |      79.28       |      55.38      
   18926     |      79.25       |      55.03      
   18927     |      75.99       |      53.57      
   18928     |      75.82       |      51.49      
   18929     |      81.42       |      54.37      
   18930     |      81.35       |      53.69      
   18931     |      77.77       |      51.84      
   18933     |      72.63       |      58.76      
   18952     |      85.23       |      56.13      
   18953     |      85.91       |      56.53      
   18961     |      82.59       |      54.44      
   18962     |      82.66       |      58.66      
   18963     |      84.08       |      59.42      
   18964     |      83.90       |      48.17      
   18967     |      88.02       |      51.41      
   18968     |      86.93       |      55.65      
   18969     |      84.46       |      52.43      
   18970     |      84.22       |      53.25      
   18977     |      77.72       |      43.41      
   18978     |      77.81       |      43.06      
   18979     |      84.54       |      48.96      
   18980     |      83.30       |      54.12      
   18981     |      87.39       |      57.91      
   18982     |      88.34       |      53.93      
   18989     |      89.80       |      43.77      
   18990     |      88.79       |      34.75      
   18997     |      89.40       |      36.42      
   18998     |      86.93       |      19.28      
   19002     |      89.53       |      16.22      
   19003     |      89.56       |      16.24      
   19004     |      88.59       |       8.45      
   19005     |      89.75       |       9.61      
   19009     |      85.37       |      18.82      
   19010     |      85.48       |      21.91      
   19038     |      89.53       |      33.89      
   19041     |      89.99       |      41.34      
   19042     |      88.12       |      46.98      
   19043     |      87.71       |      46.39      
   19044     |      89.01       |      42.48      
   19045     |      89.41       |      43.11      
   19046     |      88.19       |      46.82      
   19047     |      87.99       |      46.52      
   19048     |      86.83       |      51.45      
   19049     |      85.19       |      50.00      
   19050     |      85.18       |      49.86      
   19051     |      86.10       |      50.39      
   19052     |      86.45       |      54.86      
   19053     |      80.68       |      51.85      
   19054     |      80.75       |      52.92      
   19055     |      80.82       |      52.97      
   19056     |      80.96       |      54.38      
   19057     |      74.07       |      51.00      
   19058     |      74.14       |      52.23      
   19059     |      77.18       |      53.72      
   19060     |      77.47       |      58.24      
   19061     |      74.33       |      56.68      
   19081     |      83.75       |      56.06      
   19090     |      79.72       |      52.84      
   19092     |      89.92       |      49.69      
   19093     |      88.20       |      48.14      
   19094     |      87.58       |      50.43      
   19095     |      89.83       |      53.44      
   19097     |      83.01       |      55.16      
   19098     |      85.43       |      46.36      
   19107     |      88.54       |      43.31      
   19108     |      85.65       |      55.37      
   19109     |      84.47       |      54.15      
   19110     |      85.25       |      51.62      
   19111     |      87.15       |      53.80      
   19113     |      76.33       |      49.27      
   19114     |      78.85       |      40.55      
   19117     |      85.51       |      48.23      
   19118     |      82.38       |      19.42      
   19137     |      89.19       |      24.46      
   19138     |      88.20       |       9.54      
   19139     |      88.48       |       9.62      
   19140     |      88.48       |       9.64      
   19167     |      87.17       |      37.63      
   19168     |      86.28       |      40.23      
   19169     |      88.26       |      43.33      
   19170     |      87.26       |      46.28      
   19171     |      85.75       |      44.04      
   19172     |      86.34       |      42.26      
   19173     |      88.78       |      45.88      
   19174     |      88.60       |      46.64      
   19175     |      85.68       |      42.37      
   19176     |      83.95       |      49.82      
   19177     |      82.03       |      47.07      
   19178     |      81.21       |      50.59      
   19179     |      74.35       |      45.23      
   19180     |      74.91       |      52.65      
   19181     |      78.09       |      54.01      
   19182     |      78.00       |      53.32      
   19183     |      80.25       |      54.37      
   19184     |      79.87       |      50.31      
   19185     |      80.34       |      50.57      
   19186     |      80.56       |      53.47      
   19187     |      77.23       |      51.77      
   19188     |      77.51       |      56.36      
   19189     |      74.37       |      54.82      
   19219     |      87.44       |      52.52      
   19220     |      88.30       |      49.14      
   19221     |      88.52       |      49.43      
   19222     |      87.88       |      51.84      
   19223     |      86.74       |      50.30      
   19224     |      86.35       |      51.76      
   19227     |      82.94       |      46.12      
   19228     |      82.07       |      49.35      
   19229     |      84.44       |      52.44      
   19230     |      85.20       |      49.76      
   19231     |      87.78       |      53.20      
   19233     |      76.44       |      57.15      
   19234     |      76.87       |      55.51      
   19235     |      76.23       |      54.92      
   19236     |      78.52       |      48.13      
   19237     |      85.09       |      55.33      
   19238     |      86.05       |      52.00      
   19239     |      85.78       |      51.67      
   19240     |      87.59       |      46.25      
   19247     |      75.56       |      23.92      
   19248     |      74.88       |      15.04      
   19249     |      87.86       |      27.29      
   19250     |      87.70       |      25.94      
   19258     |      86.99       |       9.79      
   19287     |      88.24       |      21.29      
   19288     |      87.15       |      23.81      
   19291     |      89.55       |      31.34      
   19292     |      89.10       |      32.33      
   19296     |      88.15       |      43.30      
   19297     |      88.48       |      43.83      
   19298     |      88.20       |      44.69      
   19299     |      85.59       |      40.71      
   19300     |      84.52       |      45.12      
   19301     |      83.27       |      43.31      
   19302     |      83.57       |      42.07      
   19303     |      85.32       |      44.59      
   19304     |      84.65       |      47.44      
   19305     |      84.57       |      47.33      
   19306     |      84.86       |      46.09      
   19307     |      86.66       |      48.73      
   19308     |      85.71       |      53.31      
   19309     |      84.76       |      52.49      
   19310     |      84.90       |      53.94      
   19311     |      77.69       |      50.44      
   19312     |      77.72       |      50.78      
   19313     |      78.47       |      51.15      
   19314     |      78.52       |      51.64      
   19315     |      77.14       |      51.00      
   19316     |      76.20       |      54.78      
   19317     |      81.83       |      57.66      
   19342     |      72.08       |      59.37      
   19346     |      86.29       |      54.87      
   19347     |      86.32       |      54.89      
   19348     |      86.97       |      52.27      
   19349     |      84.19       |      48.58      
   19350     |      83.01       |      53.30      
   19351     |      81.24       |      51.00      
   19352     |      80.77       |      52.86      
   19353     |      79.41       |      51.14      
   19354     |      80.03       |      48.77      
   19357     |      86.83       |      49.88      
   19358     |      86.89       |      49.65      
   19359     |      87.25       |      50.12      
   19360     |      84.67       |      59.06      
   19365     |      88.13       |      48.93      
   19366     |      86.58       |      53.22      
   19367     |      85.47       |      51.95      
   19368     |      87.59       |      45.00      
   19369     |      88.82       |      46.48      
   19377     |      88.56       |      10.83      
   19379     |      86.05       |      26.38      
   19380     |      86.36       |      29.14      
   19381     |      88.83       |      32.46      
   19382     |      87.99       |      22.92      
   19387     |      89.17       |      12.17      
   19413     |      88.88       |      24.49      
   19420     |      89.01       |      34.59      
   19421     |      88.29       |      33.65      
   19422     |      86.66       |      37.32      
   19423     |      88.30       |      39.19      
   19424     |      86.86       |      43.38      
   19425     |      84.93       |      40.42      
   19426     |      84.89       |      40.58      
   19427     |      85.41       |      41.38      
   19428     |      84.88       |      43.54      
   19429     |      84.62       |      43.16      
   19430     |      84.31       |      44.44      
   19431     |      85.01       |      45.47      
   19432     |      84.58       |      47.33      
   19433     |      85.01       |      47.97      
   19434     |      84.91       |      48.44      
   19435     |      84.97       |      48.54      
   19436     |      84.18       |      52.41      
   19437     |      82.04       |      49.42      
   19438     |      81.95       |      49.91      
   19439     |      79.31       |      47.76      
   19440     |      79.65       |      51.04      
   19441     |      81.16       |      51.83      
   19442     |      81.37       |      51.08      
   19443     |      75.44       |      48.19      
   19444     |      73.00       |      57.67      
   19471     |      89.89       |      59.57      
   19472     |      89.82       |      59.70      
   19475     |      89.22       |      55.31      
   19476     |      89.23       |      55.27      
   19477     |      87.20       |      52.30      
   19478     |      88.35       |      48.92      
   19483     |      89.89       |      49.85      
   19484     |      89.25       |      51.84      
   19487     |      72.67       |      48.91      
   19488     |      73.11       |      47.38      
   19489     |      85.41       |      59.12      
   19490     |      87.97       |      48.61      
   19491     |      89.22       |      49.94      
   19492     |      87.36       |      56.80      
   19505     |      89.99       |      28.30      
   19506     |      89.76       |      24.21      
   19520     |      89.89       |      16.02      
   19527     |      87.14       |      10.30      
   19528     |      87.06       |      11.27      
   19535     |      88.71       |      20.09      
   19537     |      88.94       |      15.01      
   19538     |      86.90       |      20.07      
   19539     |      89.77       |      23.68      
   19540     |      89.40       |      24.65      
   19541     |      88.79       |      23.90      
   19542     |      88.12       |      25.71      
   19543     |      87.22       |      24.64      
   19544     |      86.40       |      27.10      
   19545     |      85.46       |      26.03      
   19546     |      84.16       |      30.47      
   19547     |      86.07       |      32.56      
   19548     |      85.87       |      33.30      
   19549     |      85.45       |      32.86      
   19550     |      83.83       |      38.77      
   19551     |      85.33       |      40.35      
   19552     |      85.30       |      40.48      
   19553     |      82.81       |      36.76      
   19554     |      81.30       |      40.82      
   19555     |      84.09       |      45.54      
   19556     |      84.96       |      43.21      
   19557     |      83.40       |      40.56      
   19558     |      81.74       |      45.04      
   19559     |      83.94       |      48.66      
   19560     |      84.24       |      47.85      
   19561     |      82.79       |      45.45      
   19562     |      81.78       |      48.12      
   19563     |      82.30       |      49.06      
   19564     |      82.17       |      49.43      
   19565     |      78.81       |      43.50      
   19566     |      77.23       |      47.66      
   19567     |      78.93       |      50.62      
   19568     |      78.31       |      51.76      
   19569     |      74.17       |      48.66      
   19570     |      74.22       |      48.22      
   19571     |      69.75       |      46.52      
   19572     |      68.33       |      58.16      
   19604     |      83.19       |      56.66      
   19605     |      81.56       |      54.37      
   19606     |      84.48       |      45.89      
   19607     |      86.40       |      48.61      
   19608     |      85.36       |      51.56      
   19609     |      87.30       |      54.30      
   19610     |      88.82       |      49.82      
   19612     |      89.02       |      58.45      
   19613     |      83.42       |      51.04      
   19614     |      82.51       |      54.15      
   19619     |      83.63       |      48.10      
   19620     |      84.08       |      46.32      
   19641     |      89.39       |      25.85      
   19642     |      88.64       |      13.19      
   19653     |      88.55       |       8.99      
   19654     |      88.00       |      10.75      
   19659     |      87.51       |       9.90      
   19660     |      87.45       |      10.41      
   19662     |      89.34       |      20.37      
   19663     |      89.66       |      20.89      
   19670     |      89.44       |      25.24      
   19671     |      88.97       |      24.69      
   19672     |      88.32       |      26.60      
   19673     |      85.26       |      22.82      
   19674     |      82.35       |      32.29      
   19675     |      84.15       |      34.23      
   19676     |      84.57       |      32.77      
   19677     |      81.94       |      30.03      
   19678     |      78.82       |      40.19      
   19679     |      75.65       |      37.37      
   19680     |      75.84       |      36.73      
   19681     |      81.64       |      43.58      
   19682     |      81.18       |      45.18      
   19683     |      79.37       |      42.68      
   19684     |      80.28       |      40.21      
   19685     |      81.80       |      42.76      
   19686     |      79.86       |      48.26      
   19687     |      80.97       |      50.04      
   19688     |      82.59       |      45.43      
   19689     |      84.69       |      48.70      
   19690     |      84.46       |      49.35      
   19691     |      83.69       |      48.08      
   19692     |      85.23       |      44.20      
   19693     |      89.50       |      52.05      
   19694     |      88.75       |      53.29      
   19695     |      87.01       |      50.11      
   19696     |      86.61       |      50.79      
   19697     |      84.47       |      47.55      
   19698     |      85.13       |      46.47      
   19712     |      78.17       |      56.37      
   19735     |      82.67       |      45.71      
   19736     |      83.29       |      43.97      
   19737     |      89.08       |      52.11      
   19741     |      84.64       |      57.96      
   19742     |      85.21       |      55.94      
   19743     |      83.82       |      54.23      
   19744     |      84.56       |      51.71      
   19745     |      85.88       |      53.07      
   19746     |      86.36       |      51.42      
   19747     |      90.00       |      55.33      
   19751     |      89.21       |      50.53      
   19767     |      89.97       |      21.47      
   19768     |      89.93       |      20.99      
   19773     |      88.78       |      14.56      
   19774     |      88.70       |      13.22      
   19775     |      89.11       |      13.84      
   19776     |      88.79       |       9.47      
   19781     |      80.66       |      19.96      
   19782     |      77.40       |      15.25      
   19787     |      88.88       |       9.13      
   19788     |      84.96       |      13.13      
   19789     |      80.58       |       6.98      
   19790     |      76.67       |      19.02      
   19791     |      75.93       |      18.28      
   19792     |      77.01       |      14.83      
   19793     |      86.74       |      27.54      
   19794     |      88.58       |      23.10      
   19795     |      88.81       |      23.47      
   19796     |      88.95       |      23.17      
   19797     |      89.94       |      24.55      
   19798     |      89.80       |      24.95      
   19803     |      85.86       |      26.07      
   19804     |      84.37       |      30.22      
   19805     |      87.06       |      33.26      
   19806     |      85.71       |      37.38      
   19807     |      81.74       |      33.31      
   19808     |      78.62       |      43.50      
   19809     |      79.37       |      44.38      
   19810     |      79.87       |      42.69      
   19811     |      85.50       |      49.55      
   19812     |      87.25       |      43.59      
   19813     |      86.01       |      41.77      
   19814     |      82.90       |      50.23      
   19815     |      82.46       |      49.54      
   19816     |      82.83       |      48.49      
   19817     |      83.51       |      49.54      
   19818     |      84.01       |      48.12      
   19819     |      83.23       |      46.93      
   19820     |      81.70       |      49.71      
   19821     |      84.33       |      54.06      
   19822     |      86.77       |      50.04      
   19823     |      84.51       |      45.87      
   19824     |      83.64       |      47.35      
   19825     |      76.77       |      37.04      
   19826     |      68.75       |      51.68      
   19827     |      74.16       |      58.56      
   19841     |      83.32       |      56.35      
   19854     |      78.80       |      55.70      
   19856     |      86.11       |      56.61      
   19864     |      89.74       |      45.65      
   19865     |      89.13       |      44.82      
   19866     |      88.35       |      47.29      
   19867     |      88.42       |      47.36      
   19870     |      86.40       |      49.92      
   19873     |      83.56       |      51.58      
   19874     |      84.21       |      49.34      
   19875     |      86.12       |      51.38      
   19876     |      88.76       |      42.63      
   19897     |      84.87       |      21.96      
   19898     |      83.95       |       4.76      
   19907     |      88.22       |      13.42      
   19908     |      88.57       |      24.61      
   19913     |      84.46       |       7.07      
   19914     |      86.08       |       6.37      
   19918     |      87.07       |      19.21      
   19921     |      89.07       |      22.80      
   19922     |      88.79       |      23.47      
   19929     |      88.99       |      26.51      
   19930     |      88.88       |      26.82      
   19931     |      89.18       |      27.23      
   19932     |      86.98       |      33.25      
   19933     |      80.47       |      25.88      
   19934     |      77.92       |      33.37      
   19935     |      82.74       |      38.15      
   19936     |      80.88       |      44.41      
   19937     |      77.56       |      40.58      
   19938     |      75.20       |      49.36      
   19939     |      73.81       |      47.89      
   19940     |      75.63       |      41.30      
   19941     |      78.35       |      44.40      
   19942     |      77.05       |      49.19      
   19943     |      75.01       |      46.54      
   19944     |      74.15       |      49.17      
   19945     |      76.36       |      52.35      
   19946     |      79.66       |      46.13      
   19947     |      83.72       |      52.35      
   19948     |      82.99       |      53.74      
   19949     |      80.44       |      49.84      
   19950     |      82.85       |      45.42      
   19951     |      82.52       |      44.86      
   19952     |      86.18       |      39.09      
   19954     |      82.94       |      59.55      
   19993     |      88.47       |      45.43      
   19994     |      87.15       |      49.53      
   19995     |      84.99       |      46.89      
   19996     |      83.06       |      53.10      
   19999     |      85.95       |      49.86      
   20001     |      80.07       |      57.90      
   20002     |      82.74       |      47.67      
   20003     |      84.35       |      49.36      
   20004     |      86.04       |      43.34      
   20005     |      84.76       |      41.97      
   20006     |      85.28       |      40.19      
   20007     |      88.89       |      44.77      
   20016     |      88.92       |      53.88      
   20017     |      75.69       |      36.17      
   20018     |      77.65       |      29.93      
   20019     |      86.35       |      41.72      
   20020     |      89.01       |      33.48      
   20021     |      88.06       |      32.07      
   20029     |      89.52       |      19.55      
   20030     |      88.66       |      10.15      
   20047     |      89.46       |      19.46      
   20048     |      88.03       |      22.43      
   20049     |      90.00       |      25.34      
   20050     |      89.92       |      25.52      
   20051     |      89.81       |      25.37      
   20053     |      89.97       |      24.88      
   20054     |      89.19       |      26.63      
   20055     |      85.30       |      21.10      
   20056     |      83.50       |      25.33      
   20057     |      86.79       |      29.57      
   20058     |      87.79       |      26.83      
   20059     |      86.82       |      25.69      
   20060     |      86.47       |      26.67      
   20061     |      89.13       |      29.89      
   20062     |      86.25       |      38.51      
   20063     |      77.31       |      29.42      
   20064     |      73.80       |      40.82      
   20065     |      65.53       |      32.97      
   20066     |      60.75       |      50.28      
   20067     |      70.98       |      59.27      
   20068     |      74.46       |      44.54      
   20069     |      77.82       |      48.21      
   20070     |      78.31       |      46.42      
   20071     |      78.20       |      46.31      
   20072     |      75.58       |      52.23      
   20073     |      77.33       |      54.41      
   20074     |      78.95       |      51.35      
   20075     |      72.00       |      41.00      
   20076     |      68.09       |      48.40      
   20077     |      73.76       |      56.30      
   20078     |      80.08       |      44.31      
   20079     |      84.06       |      50.58      
   20080     |      87.42       |      44.66      
   20127     |      84.15       |      58.72      
   20130     |      85.15       |      50.62      
   20131     |      82.30       |      47.61      
   20132     |      83.38       |      43.68      
   20133     |      82.83       |      42.96      
   20134     |      82.75       |      43.13      
   20135     |      80.32       |      39.43      
   20136     |      83.74       |      31.19      
   20145     |      68.91       |      51.67      
   20146     |      69.73       |      47.59      
   20147     |      57.40       |      35.55      
   20148     |      66.94       |      12.79      
   20149     |      87.20       |      33.01      
   20151     |      89.79       |      22.94      
   20161     |      88.81       |       9.17      
   20162     |      89.55       |      12.75      
   20167     |      85.40       |       5.86      
   20168     |      84.46       |       5.07      
   20170     |      88.96       |      14.61      
   20171     |      89.85       |      15.99      
   20172     |      89.72       |      16.21      
   20176     |      89.16       |      25.04      
   20179     |      84.56       |      16.82      
   20180     |      82.14       |      23.01      
   20181     |      88.43       |      31.54      
   20185     |      80.55       |      14.32      
   20186     |      76.16       |      25.14      
   20187     |      81.04       |      30.53      
   20188     |      81.70       |      28.56      
   20189     |      80.75       |      27.56      
   20190     |      80.12       |      29.37      
   20191     |      82.52       |      31.92      
   20192     |      82.94       |      30.72      
   20195     |      80.54       |      47.25      
   20196     |      80.26       |      48.22      
   20197     |      77.15       |      44.72      
   20198     |      76.49       |      46.16      
   20199     |      74.49       |      43.99      
   20200     |      70.09       |      53.87      
   20201     |      70.42       |      54.21      
   20202     |      76.25       |      41.42      
   20203     |      88.43       |      58.01      
   20204     |      87.80       |      59.11      
   20205     |      82.34       |      50.43      
   20206     |      82.47       |      50.20      
   20207     |      81.68       |      48.96      
   20208     |      80.11       |      51.88      
   20232     |      88.50       |      53.97      
   20238     |      85.33       |      57.65      
   20262     |      88.81       |      50.55      
   20263     |      83.85       |      43.30      
   20264     |      89.64       |      28.28      
   20277     |      83.25       |       3.71      
   20278     |      74.21       |      32.84      
   20279     |      66.70       |      25.39      
   20280     |      77.97       |      12.63      
   20283     |      87.33       |      25.65      
   20284     |      88.64       |      20.74      
   20285     |      86.68       |      17.64      
   20286     |      86.13       |       7.28      
   20287     |      86.30       |       7.50      
   20288     |      86.03       |       6.42      
   20292     |      87.45       |       9.31      
   20293     |      86.60       |       8.10      
   20294     |      88.37       |       8.85      
   20309     |      89.33       |      24.30      
   20310     |      89.32       |      24.34      
   20311     |      84.79       |      17.82      
   20312     |      85.90       |      15.65      
   20314     |      88.73       |      31.86      
   20315     |      79.99       |      19.11      
   20316     |      76.51       |      27.66      
   20317     |      82.19       |      34.06      
   20318     |      82.90       |      31.95      
   20319     |      80.69       |      29.63      
   20320     |      76.00       |      44.92      
   20321     |      75.21       |      44.08      
   20322     |      74.30       |      47.33      
   20323     |      78.42       |      51.83      
   20324     |      81.62       |      45.23      
   20325     |      82.69       |      46.53      
   20326     |      83.45       |      45.06      
   20327     |      79.77       |      40.71      
   20328     |      73.44       |      54.37      
   20330     |      81.99       |      56.66      
   20331     |      74.50       |      48.31      
   20332     |      74.20       |      49.02      
   20333     |      73.92       |      48.68      
   20334     |      74.41       |      47.75      
   20335     |      79.13       |      55.04      
   20387     |      85.73       |      56.37      
   20388     |      89.12       |      48.40      
   20389     |      88.89       |      48.04      
   20396     |      89.90       |      34.72      
   20399     |      86.51       |      40.02      
   20400     |      86.16       |      40.96      
   20417     |      86.82       |       9.21      
   20420     |      88.57       |       9.84      
   20421     |      87.35       |       8.18      
   20422     |      85.94       |       9.03      
   20425     |      89.17       |      12.69      
   20426     |      88.19       |      13.93      
   20432     |      89.70       |      25.68      
   20435     |      87.83       |      20.71      
   20436     |      86.55       |      23.39      
   20437     |      83.24       |      18.78      
   20438     |      83.79       |      17.57      
   20439     |      81.92       |      15.03      
   20440     |      79.07       |      22.26      
   20441     |      77.32       |      20.18      
   20442     |      77.79       |      19.07      
   20443     |      82.20       |      24.94      
   20444     |      78.68       |      33.83      
   20445     |      77.49       |      32.40      
   20446     |      78.62       |      29.58      
   20447     |      83.12       |      34.80      
   20448     |      80.15       |      43.98      
   20449     |      88.15       |      53.52      
   20450     |      88.15       |      53.54      
   20451     |      83.98       |      48.48      
   20452     |      84.77       |      46.93      
   20453     |      80.79       |      42.14      
   20454     |      81.41       |      40.95      
   20457     |      85.93       |      57.37      
   20458     |      88.92       |      50.86      
   20459     |      84.93       |      45.94      
   20460     |      83.08       |      49.88      
   20461     |      83.92       |      50.89      
   20462     |      81.78       |      55.58      
   20506     |      82.82       |      49.67      
   20525     |      85.25       |      40.04      
   20526     |      86.41       |      44.67      
   20546     |      87.07       |      19.90      
   20547     |      75.88       |       7.02      
   20548     |      84.98       |      15.76      
   20555     |      86.93       |      17.92      
   20556     |      86.98       |      18.06      
   20557     |      86.84       |      18.14      
   20558     |      87.73       |      20.38      
   20559     |      88.80       |      19.86      
   20561     |      87.12       |      25.33      
   20562     |      85.00       |      20.32      
   20563     |      85.51       |      19.95      
   20564     |      83.89       |      15.94      
   20565     |      80.89       |      18.50      
   20566     |      80.60       |      17.84      
   20567     |      83.57       |      15.38      
   20568     |      82.91       |      13.78      
   20569     |      76.31       |      20.29      
   20570     |      79.72       |      27.82      
   20571     |      82.63       |      25.01      
   20572     |      83.68       |      27.55      
   20573     |      78.72       |      32.41      
   20574     |      80.46       |      36.36      
   20575     |      82.66       |      34.74      
   20576     |      86.11       |      45.13      
   20577     |      76.14       |      51.64      
   20578     |      75.23       |      48.78      
   20579     |      76.98       |      47.46      
   20580     |      76.91       |      47.26      
   20581     |      83.64       |      42.63      
   20582     |      85.44       |      49.38      
   20583     |      78.72       |      53.90      
   20584     |      79.78       |      57.33      
   20585     |      81.14       |      56.47      
   20586     |      76.04       |      38.77      
   20587     |      68.82       |      44.27      
   20679     |      88.36       |      12.61      
   20680     |      88.61       |      13.22      
   20683     |      87.07       |      12.07      
   20690     |      87.32       |      12.46      
   20691     |      77.89       |      19.83      
   20692     |      77.59       |      19.22      
   20693     |      81.24       |      15.47      
   20694     |      83.33       |      20.61      
   20695     |      85.69       |      18.90      
   20696     |      83.30       |      13.11      
   20697     |      82.52       |      13.70      
   20698     |      84.92       |      19.42      
   20699     |      76.28       |      27.87      
   20700     |      76.56       |      28.53      
   20701     |      78.16       |      27.09      
   20702     |      78.23       |      27.34      
   20703     |      66.77       |      36.67      
   20704     |      73.99       |      55.22      
   20705     |      88.39       |      45.67      
   20706     |      84.67       |      34.10      
   20707     |      66.44       |      48.91      
   20709     |      85.95       |      48.62      
   20710     |      86.20       |      49.49      
   20711     |      86.13       |      49.54      
   20712     |      87.38       |      54.01      
   20713     |      81.33       |      57.59      
   20714     |      79.27       |      50.53      
   20762     |      85.68       |      47.95      
   20763     |      89.04       |      46.15      
   20809     |      80.70       |       9.79      
   20810     |      79.45       |       6.95      
   20811     |      80.93       |       5.58      
   20812     |      85.66       |      16.68      
   20813     |      81.37       |      20.28      
   20814     |      81.14       |      19.81      
   20815     |      85.06       |      16.49      
   20816     |      87.02       |      21.10      
   20817     |      86.31       |      21.59      
   20818     |      81.52       |      10.72      
   20819     |      82.10       |      10.28      
   20820     |      86.27       |      20.06      
   20821     |      86.22       |      20.11      
   20822     |      87.53       |      23.30      
   20823     |      89.04       |      22.47      
   20824     |      85.10       |      13.03      
   20825     |      84.35       |      13.46      
   20826     |      85.82       |      17.12      
   20827     |      82.53       |      18.88      
   20828     |      85.70       |      29.13      
   20829     |      84.94       |      29.51      
   20830     |      84.12       |      26.93      
   20831     |      82.18       |      27.95      
   20833     |      87.70       |      56.96      
   20834     |      81.56       |      38.28      
   20835     |      87.42       |      34.75      
   20839     |      85.25       |      49.28      
   20891     |      89.99       |      58.37      
   20892     |      89.72       |      56.71      
   20937     |      86.87       |       7.94      
   20938     |      89.01       |       9.74      
   20939     |      84.40       |       8.43      
   20940     |      86.83       |      14.06      
   20941     |      83.61       |      16.02      
   20942     |      87.44       |      24.83      
   20944     |      89.57       |      19.98      
   20945     |      87.32       |      21.22      
   20946     |      86.03       |      18.22      
   20948     |      87.96       |       8.58      
   20949     |      70.04       |      21.49      
   20950     |      76.53       |      32.02      
   20951     |      86.28       |      22.90      
   20952     |      80.93       |       9.72      
   20953     |      78.35       |      11.82      
   20954     |      80.05       |      17.39      
   20955     |      82.43       |      16.04      
   20956     |      87.82       |      33.24      
   20966     |      89.08       |      43.50      
   20967     |      87.16       |      44.51      
   21038     |      89.87       |      33.93      
   21039     |      87.53       |      35.38      
   21040     |      89.65       |      43.57      
   21067     |      86.95       |       7.77      
   21069     |      86.25       |      13.79      
   21071     |      88.93       |      25.39      
   21072     |      86.70       |      20.65      
   21073     |      88.70       |      19.58      
   21076     |      88.14       |       9.42      
   21079     |      75.87       |      32.08      
   21080     |      71.31       |      21.98      
   21081     |      86.07       |      11.86      
   21082     |      89.67       |      21.18      
   21142     |      89.72       |      58.95      
   21163     |      87.40       |      49.55      
   21164     |      84.33       |      36.22      
   21195     |      79.37       |      11.33      
   21196     |      86.36       |       7.53      
   21197     |      81.38       |       8.49      
   21198     |      87.23       |      22.07      
   21199     |      86.50       |      22.61      
   21200     |      87.62       |      25.07      
   21203     |      88.90       |      23.10      
   21204     |      81.84       |       6.41      
   21205     |      84.42       |       6.25      
   21206     |      87.99       |      15.76      
   21207     |      87.31       |      15.86      
   21208     |      89.92       |      24.16      
   21225     |      87.33       |      54.35      
   21267     |      89.70       |      59.37      
   21309     |      85.42       |      31.28      
   21310     |      86.04       |      28.07      
   21394     |      85.25       |      58.28      
   21395     |      83.34       |      59.40      
   21396     |      83.10       |      57.81      
   21410     |      86.98       |      57.10      
   21711     |      86.55       |      10.06      
   21712     |      86.67       |       8.28      
   22294     |      87.16       |      57.49      
   22685     |      83.41       |      58.57      
   22686     |      88.97       |      49.03      
   23180     |      84.79       |      50.30      
   32256     |      76.65       |      59.54      
   32675     |      64.52       |      59.52      
   32676     |      57.91       |      56.60      
   32677     |      53.59       |      57.76      
   32678     |      53.47       |      57.70      
   32679     |      48.63       |      59.16      
   32680     |      46.46       |      58.45      
   37878     |      86.31       |      59.26      
   38135     |      89.66       |      56.30      
   38136     |      89.61       |      57.23      
   38262     |      77.63       |      48.55      
   38263     |      89.45       |      56.93      
   38264     |      89.38       |      58.05      
   38390     |      86.33       |      58.09      
   38518     |      85.53       |      58.52      
   38519     |      87.87       |      58.96      
   38520     |      88.62       |      58.84      
   38642     |      87.87       |      58.30      
   38643     |      69.99       |      58.01      
   38644     |      72.55       |      56.75      
   38645     |      77.09       |      57.00      
   38646     |      79.57       |      56.38      
   38647     |      84.09       |      57.39      
   38648     |      85.66       |      57.11      
   38649     |      86.59       |      57.35      
   38770     |      76.63       |      58.35      
   38775     |      82.12       |      58.13      
   38896     |      74.58       |      58.16      
   38897     |      74.80       |      58.17      
   38898     |      73.24       |      58.70      
   38899     |      78.66       |      59.44      
   38900     |      82.08       |      58.23      
   38901     |      67.01       |      56.47      
   38902     |      74.27       |      53.13      
   39022     |      69.02       |      56.41      
   39023     |      66.03       |      56.21      
   39024     |      65.56       |      57.77      
   39025     |      73.15       |      57.41      
   39028     |      83.75       |      57.68      
   39029     |      80.53       |      57.28      
   39148     |      78.21       |      59.22      
   39149     |      66.22       |      57.16      
   39150     |      66.80       |      54.85      
   39151     |      66.10       |      54.83      
   39156     |      71.68       |      56.59      
   39157     |      82.63       |      56.97      
   39276     |      48.07       |      51.38      
   39277     |      65.47       |      50.48      
   39278     |      61.98       |      59.70      
   39286     |      84.47       |      39.70      
   39408     |      89.95       |      59.00      
   39409     |      64.26       |      58.67      
   39412     |      82.46       |      55.45      
   39413     |      61.97       |      56.20      
   39414     |      66.46       |      40.19      
   39415     |      85.04       |      40.10      
   39536     |      61.06       |      47.80      
   39537     |      72.97       |      47.00      
   39540     |      58.81       |      51.03      
   39541     |      75.10       |      50.34      
   39542     |      77.79       |      46.37      
   39543     |      76.90       |      46.13      
   39664     |      53.57       |      49.94      
   39665     |      62.56       |      48.48      
   39666     |      56.20       |      59.84      
   39668     |      56.21       |      51.85      
   39669     |      60.46       |      51.70      
   39670     |      75.68       |      39.96      
   39671     |      65.19       |      37.01      
   39792     |      38.31       |      52.61      
   39793     |      49.26       |      48.57      
   39796     |      70.48       |      48.80      
   39797     |      45.27       |      47.50      
   39798     |      61.22       |      33.24      
   39799     |      68.62       |      34.06      
   39920     |      37.67       |      56.79      
   39921     |      48.85       |      54.61      
   39924     |      64.54       |      43.81      
   39925     |      62.79       |      43.52      
   39926     |      73.31       |      34.54      
   40048     |      42.75       |      58.90      
   40049     |      45.05       |      58.73      
   40052     |      55.03       |      42.02      
   40053     |      62.93       |      42.77      
   40054     |      73.39       |      31.36      
   40180     |      45.13       |      44.55      
   40181     |      57.88       |      43.29      
   40182     |      67.64       |      26.62      
   40302     |      31.91       |      51.88      
   40303     |      34.26       |      50.99      
   40304     |      36.49       |      49.57      
   40305     |      41.29       |      48.20      
   40306     |      50.28       |      43.79      
   40307     |      42.09       |      45.47      
   40308     |      45.63       |      43.41      
   40309     |      42.63       |      44.32      
   40310     |      55.66       |      28.29      
   40428     |      41.25       |      47.34      
   40429     |      37.83       |      48.20      
   40430     |      48.01       |      42.74      
   40431     |      33.75       |      47.73      
   40432     |      38.32       |      44.04      
   40433     |      39.47       |      43.38      
   40434     |      55.84       |      33.78      
   40435     |      50.54       |      35.06      
   40437     |      48.23       |      34.84      
   40555     |      35.71       |      45.28      
