=== Visibility Analysis Summary ===
Total patches: 1474
Geometric visible: 92 (6.2%)
Light illuminated: 48 (52.2% of geometric)
Reflection conditions met: 92 (100.0% of geometric)
Light unoccluded: 48 (52.2% of geometric)
Final visible: 48 (3.3% of total)
Visible area: 229.69 (2.9% of total area)

=== Detailed Visibility Information ===
Patch Index  | Incidence Angle  |  Viewing Angle  
-------------+------------------+-----------------
    449      |      56.74       |      42.06      
    458      |      54.94       |      44.38      
    462      |      55.08       |      44.28      
    465      |      54.51       |      44.74      
    466      |      52.53       |      45.52      
    467      |      63.72       |      27.44      
    476      |      44.82       |      50.75      
    478      |      77.41       |      23.64      
    479      |      55.32       |      41.75      
    480      |      59.34       |      36.07      
    481      |      76.69       |      26.50      
    482      |      89.44       |      17.55      
    486      |      74.44       |      39.25      
    489      |      62.55       |      32.08      
    492      |      64.42       |      30.48      
    494      |      52.06       |      40.71      
    495      |      51.99       |      38.50      
    497      |      60.16       |      37.05      
    500      |      84.32       |      10.46      
    504      |      84.05       |       7.40      
    507      |      70.91       |      21.71      
    508      |      56.99       |      33.61      
    509      |      58.13       |      33.56      
    1012     |      57.11       |      34.41      
    1013     |      82.32       |       9.26      
    1014     |      62.41       |      28.29      
    1018     |      66.29       |      31.68      
    1019     |      53.07       |      37.90      
    1020     |      80.53       |      15.78      
    1023     |      56.55       |      34.99      
    1024     |      75.56       |      19.67      
    1027     |      50.97       |      39.73      
    1028     |      77.90       |      15.84      
    1031     |      76.13       |      20.15      
    1034     |      70.72       |      19.95      
    1035     |      58.09       |      39.46      
    1037     |      78.09       |      22.06      
    1039     |      56.47       |      41.57      
    1040     |      60.49       |      34.67      
    1041     |      75.02       |      20.50      
    1042     |      65.89       |      28.82      
    1045     |      68.70       |      33.62      
    1052     |      64.55       |      36.53      
    1053     |      62.10       |      41.40      
    1061     |      69.12       |      30.42      
    1067     |      62.33       |      28.93      
    1074     |      68.45       |      32.27      
    1078     |      60.92       |      31.61      
