=== Visibility Analysis Summary ===
Total patches: 1474
Geometric visible: 83 (5.6%)
Light illuminated: 43 (51.8% of geometric)
Reflection conditions met: 83 (100.0% of geometric)
Light unoccluded: 43 (51.8% of geometric)
Final visible: 43 (2.9% of total)
Visible area: 223.27 (2.8% of total area)

=== Detailed Visibility Information ===
Patch Index  | Incidence Angle  |  Viewing Angle  
-------------+------------------+-----------------
    479      |      55.32       |      47.58      
    489      |      62.55       |      37.92      
    492      |      64.42       |      36.71      
    494      |      52.06       |      44.52      
    495      |      51.99       |      40.79      
    497      |      60.16       |      43.54      
    500      |      84.32       |      19.93      
    504      |      84.05       |      15.64      
    507      |      70.91       |      19.19      
    508      |      56.99       |      34.15      
    509      |      58.13       |      37.03      
    1012     |      57.11       |      37.78      
    1013     |      82.32       |      17.22      
    1014     |      62.41       |      30.90      
    1018     |      66.29       |      26.35      
    1019     |      53.07       |      38.50      
    1020     |      80.53       |       9.87      
    1023     |      56.55       |      34.43      
    1024     |      75.56       |      15.33      
    1027     |      50.97       |      39.97      
    1028     |      77.90       |      12.17      
    1031     |      76.13       |      14.78      
    1034     |      70.72       |      22.69      
    1035     |      58.09       |      34.87      
    1037     |      78.09       |      14.64      
    1039     |      56.47       |      36.96      
    1040     |      60.49       |      31.13      
    1041     |      75.02       |      15.54      
    1042     |      65.89       |      24.92      
    1045     |      68.70       |      26.80      
    1052     |      64.55       |      30.32      
    1053     |      62.10       |      34.82      
    1061     |      69.12       |      24.11      
    1067     |      62.33       |      28.40      
    1074     |      68.45       |      25.97      
    1075     |      78.48       |      11.90      
    1076     |      78.18       |      13.72      
    1077     |      65.52       |      25.41      
    1078     |      60.92       |      29.93      
    1080     |      57.01       |      33.69      
    1085     |      65.16       |      30.02      
    1093     |      54.00       |      39.86      
    1097     |      63.37       |      31.23      
