=== Visibility Analysis Summary ===
Total patches: 49152
Geometric visible: 2866 (5.8%)
Light illuminated: 1450 (50.6% of geometric)
Reflection conditions met: 2866 (100.0% of geometric)
Light unoccluded: 1450 (50.6% of geometric)
Final visible: 1450 (3.0% of total)
Visible area: 231.91 (2.9% of total area)

=== Detailed Visibility Information ===
Patch Index  | Incidence Angle  |  Viewing Angle  
-------------+------------------+-----------------
    5936     |      86.24       |      18.09      
    6273     |      87.17       |       4.33      
    6400     |      80.98       |      19.91      
    6401     |      80.40       |      17.89      
    6402     |      86.78       |      35.11      
    6403     |      88.31       |      34.55      
    6467     |      89.00       |      27.50      
    6468     |      86.53       |      26.12      
    6469     |      84.48       |      33.87      
    6544     |      86.17       |      37.09      
    6546     |      88.33       |      26.36      
    6616     |      88.44       |      21.95      
    6658     |      85.86       |      28.03      
    6660     |      89.79       |      24.35      
    6661     |      87.94       |      30.54      
    6663     |      88.95       |      32.85      
    6665     |      87.35       |      25.94      
    6715     |      86.15       |      28.27      
    6716     |      86.69       |      31.82      
    6719     |      89.29       |      30.64      
    6722     |      84.81       |      15.13      
    6723     |      81.41       |      19.85      
    6724     |      83.96       |      18.56      
    6725     |      84.63       |      17.21      
    6782     |      88.24       |      35.95      
    6783     |      85.92       |      41.24      
    6785     |      85.22       |      33.12      
    6791     |      83.44       |      22.80      
    6792     |      89.37       |      20.05      
    6793     |      86.03       |      18.75      
    6856     |      80.62       |      27.72      
    6858     |      82.68       |      23.10      
    6860     |      84.19       |      29.47      
    6916     |      84.50       |      29.31      
    6918     |      89.25       |      20.22      
    6919     |      83.76       |      19.17      
    6920     |      82.22       |      20.16      
    6921     |      83.12       |      10.18      
    6922     |      88.90       |       6.76      
    6980     |      79.92       |      11.50      
    6981     |      80.80       |      23.32      
    6985     |      87.55       |      17.72      
    7044     |      82.86       |      30.59      
    7045     |      86.58       |      26.22      
    7047     |      85.01       |      31.56      
    7048     |      87.36       |      30.95      
    7054     |      87.50       |      26.87      
    7056     |      85.66       |      29.05      
    7058     |      83.72       |      24.92      
    7061     |      86.12       |      13.34      
    7109     |      70.99       |      26.59      
    7110     |      64.18       |      32.12      
    7114     |      83.23       |      25.38      
    7116     |      86.19       |      20.41      
    7160     |      66.76       |      28.27      
    7161     |      64.68       |      34.39      
    7162     |      84.01       |      17.44      
    7163     |      78.66       |      27.73      
    7167     |      87.85       |      20.84      
    7169     |      79.96       |      21.51      
    7214     |      84.76       |      23.31      
    7216     |      78.60       |      20.81      
    7217     |      68.63       |      35.33      
    7218     |      74.75       |      33.32      
    7219     |      73.11       |      24.13      
    7220     |      66.86       |      34.60      
    7221     |      65.51       |      35.09      
    7222     |      66.03       |      31.35      
    7223     |      75.61       |      24.24      
    7224     |      83.85       |      23.69      
    7225     |      78.19       |      27.78      
    7226     |      89.60       |      15.13      
    7230     |      86.02       |      11.44      
    7232     |      86.57       |      24.39      
    7233     |      83.82       |      26.65      
    7235     |      88.36       |      23.13      
    7272     |      86.72       |      27.14      
    7273     |      71.85       |      39.81      
    7274     |      74.27       |      31.29      
    7275     |      76.93       |      26.95      
    7276     |      69.77       |      36.95      
    7277     |      71.30       |      32.69      
    7278     |      75.08       |      29.14      
    7279     |      83.47       |      17.28      
    7283     |      80.51       |      22.75      
    7290     |      84.15       |      24.90      
    7322     |      74.08       |      39.06      
    7326     |      78.43       |      22.38      
    7327     |      77.80       |      20.14      
    7328     |      72.16       |      34.53      
    7329     |      75.25       |      19.87      
    7330     |      89.15       |      25.37      
    7335     |      86.29       |      20.42      
    7336     |      89.41       |      29.93      
    7339     |      83.13       |      18.19      
    7340     |      79.86       |      16.78      
    7341     |      86.95       |       8.40      
    7343     |      87.15       |      13.56      
    7344     |      89.48       |       4.79      
    7390     |      81.73       |      21.89      
    7391     |      70.49       |      25.33      
    7392     |      61.54       |      38.71      
    7393     |      73.00       |      33.66      
    7394     |      72.89       |      34.33      
    7395     |      70.96       |      35.30      
    7396     |      84.91       |      17.76      
    7397     |      89.97       |      17.87      
    7398     |      75.08       |      31.13      
    7399     |      75.30       |      27.95      
    7400     |      80.01       |      21.10      
    7401     |      76.71       |      31.49      
    7402     |      69.97       |      37.96      
    7403     |      74.88       |      37.47      
    7404     |      78.11       |      35.76      
    7405     |      76.63       |      31.70      
    7406     |      78.74       |      26.32      
    7407     |      85.48       |      20.48      
    7408     |      77.82       |      14.75      
    7409     |      76.88       |      15.37      
    7412     |      88.52       |      25.34      
    7413     |      88.92       |      25.28      
    7414     |      88.94       |      19.18      
    7415     |      85.70       |      19.66      
    7419     |      89.44       |      21.36      
    7422     |      88.58       |       4.10      
    7424     |      84.13       |      14.24      
    7425     |      86.78       |       9.25      
    7456     |      78.24       |      28.36      
    7457     |      61.67       |      44.09      
    7458     |      64.71       |      32.02      
    7459     |      61.27       |      34.69      
    7460     |      72.78       |      20.37      
    7461     |      63.02       |      33.66      
    7462     |      52.64       |      40.97      
    7463     |      52.36       |      41.26      
    7464     |      62.09       |      33.77      
    7465     |      83.16       |      28.03      
    7466     |      78.32       |      35.13      
    7467     |      84.27       |      29.78      
    7468     |      78.84       |      18.24      
    7471     |      76.49       |      15.18      
    7472     |      76.23       |      22.04      
    7473     |      70.35       |      24.84      
    7474     |      67.83       |      27.05      
    7475     |      73.36       |      23.21      
    7476     |      85.49       |       7.03      
    7477     |      84.87       |      28.15      
    7484     |      86.98       |      20.87      
    7525     |      63.79       |      45.12      
    7526     |      73.43       |      36.72      
    7527     |      66.59       |      38.87      
    7528     |      63.92       |      39.01      
    7529     |      71.36       |      33.26      
    7530     |      71.63       |      35.47      
    7531     |      72.71       |      34.59      
    7532     |      72.51       |      23.11      
    7533     |      87.10       |      19.57      
    7534     |      74.12       |      38.88      
    7535     |      86.93       |      37.96      
    7536     |      86.82       |      38.01      
    7537     |      71.45       |      41.28      
    7538     |      78.94       |      34.96      
    7539     |      85.01       |      22.03      
    7542     |      73.14       |      27.10      
    7543     |      80.58       |      25.87      
    7544     |      68.28       |      25.23      
    7547     |      87.74       |      22.61      
    7550     |      81.26       |      24.16      
    7552     |      74.05       |      16.04      
    7553     |      89.95       |      28.34      
    7592     |      63.55       |      50.20      
    7593     |      82.60       |      43.40      
    7594     |      77.23       |      28.60      
    7595     |      70.96       |      34.42      
    7596     |      70.19       |      35.16      
    7597     |      74.14       |      28.93      
    7598     |      64.79       |      35.19      
    7599     |      88.56       |      32.05      
    7600     |      70.77       |      41.16      
    7602     |      87.95       |      24.53      
    7605     |      81.47       |      32.02      
    7606     |      89.27       |      31.29      
    7607     |      89.68       |      21.07      
    7608     |      80.76       |      26.06      
    7614     |      71.40       |      20.97      
    7615     |      87.18       |       3.87      
    7616     |      82.13       |      14.61      
    7618     |      89.20       |      27.58      
    7619     |      89.16       |      27.58      
    7646     |      60.83       |      43.64      
    7647     |      50.19       |      52.36      
    7648     |      58.61       |      48.81      
    7649     |      66.80       |      35.15      
    7650     |      88.03       |      30.54      
    7651     |      85.17       |      32.50      
    7652     |      79.37       |      31.61      
    7653     |      66.58       |      39.68      
    7654     |      69.92       |      33.09      
    7655     |      67.81       |      30.63      
    7656     |      69.97       |      27.39      
    7657     |      71.09       |      26.90      
    7658     |      66.71       |      36.79      
    7659     |      73.06       |      30.66      
    7660     |      65.85       |      36.69      
    7661     |      67.69       |      27.71      
    7662     |      79.76       |      22.05      
    7663     |      70.20       |      33.34      
    7664     |      76.56       |      28.71      
    7665     |      83.18       |      21.74      
    7666     |      81.05       |      36.34      
    7668     |      87.99       |      25.51      
    7671     |      78.00       |      30.42      
    7675     |      87.65       |      17.17      
    7676     |      85.39       |      22.62      
    7677     |      76.20       |      21.29      
    7678     |      87.92       |       8.75      
    7717     |      60.05       |      31.08      
    7718     |      68.41       |      23.01      
    7719     |      78.24       |      18.21      
    7720     |      72.19       |      27.82      
    7721     |      71.41       |      27.87      
    7722     |      59.87       |      37.81      
    7723     |      69.72       |      33.22      
    7724     |      74.74       |      30.79      
    7725     |      68.37       |      36.12      
    7726     |      72.91       |      30.68      
    7727     |      69.24       |      28.17      
    7728     |      73.22       |      34.51      
    7729     |      74.44       |      33.71      
    7730     |      75.16       |      25.49      
    7731     |      72.96       |      28.03      
    7732     |      89.69       |      11.85      
    7733     |      79.93       |      22.33      
    7734     |      73.91       |      24.96      
    7735     |      75.49       |      18.99      
    7736     |      85.63       |      14.56      
    7738     |      80.00       |      17.20      
    7739     |      77.59       |      31.35      
    7742     |      75.29       |      15.53      
    7743     |      77.51       |      17.05      
    7745     |      87.56       |      31.70      
    7781     |      67.15       |      24.24      
    7782     |      52.22       |      38.77      
    7783     |      53.95       |      37.03      
    7784     |      70.86       |      20.11      
    7785     |      66.97       |      23.91      
    7786     |      61.20       |      30.17      
    7787     |      51.01       |      40.72      
    7788     |      59.51       |      36.53      
    7789     |      56.54       |      39.19      
    7790     |      70.18       |      34.87      
    7791     |      74.14       |      33.48      
    7792     |      77.17       |      30.01      
    7793     |      67.19       |      35.94      
    7794     |      72.08       |      26.72      
    7795     |      68.89       |      34.19      
    7796     |      68.37       |      34.57      
    7797     |      78.22       |      15.92      
    7798     |      79.35       |      18.78      
    7799     |      73.26       |      31.09      
    7800     |      73.16       |      31.15      
    7801     |      82.24       |      31.89      
    7802     |      88.19       |      25.04      
    7804     |      87.65       |      28.56      
    7805     |      72.85       |      17.50      
    7806     |      81.97       |       8.79      
    7808     |      68.88       |      21.24      
    7810     |      89.61       |       9.14      
    7811     |      89.65       |       9.12      
    7812     |      86.20       |       7.72      
    7813     |      83.86       |      12.58      
    7814     |      85.87       |      27.51      
    7815     |      83.44       |      28.06      
    7816     |      87.65       |      20.65      
    7817     |      88.78       |      20.49      
    7852     |      57.98       |      41.27      
    7853     |      58.22       |      40.26      
    7854     |      80.10       |      15.44      
    7855     |      46.12       |      53.93      
    7856     |      60.57       |      38.11      
    7857     |      72.03       |      28.20      
    7858     |      69.00       |      30.55      
    7859     |      74.56       |      27.36      
    7860     |      75.10       |      34.17      
    7861     |      74.25       |      25.77      
    7862     |      86.73       |      26.41      
    7863     |      87.07       |      18.50      
    7864     |      88.30       |      14.75      
    7865     |      84.81       |      13.84      
    7866     |      87.48       |      11.47      
    7867     |      79.90       |      18.40      
    7869     |      88.98       |       2.46      
    7871     |      84.79       |      26.37      
    7872     |      80.54       |      29.60      
    7875     |      86.50       |      16.22      
    7882     |      86.92       |      17.58      
    7905     |      62.69       |      44.55      
    7906     |      79.22       |      27.77      
    7907     |      64.08       |      37.55      
    7908     |      57.56       |      51.38      
    7909     |      57.56       |      51.37      
    7910     |      62.30       |      33.07      
    7911     |      69.73       |      25.53      
    7912     |      65.77       |      31.55      
    7913     |      70.22       |      31.59      
    7914     |      70.41       |      31.49      
    7915     |      66.20       |      39.16      
    7916     |      74.60       |      34.51      
    7917     |      74.69       |      35.37      
    7918     |      75.82       |      33.50      
    7919     |      83.95       |      29.13      
    7920     |      78.05       |      19.20      
    7921     |      81.76       |      16.39      
    7922     |      88.08       |       7.69      
    7923     |      83.21       |       9.17      
    7924     |      87.37       |      10.95      
    7925     |      81.90       |      17.95      
    7926     |      81.92       |      17.90      
    7928     |      87.97       |      26.07      
    7932     |      82.07       |      18.30      
    7971     |      68.30       |      33.85      
    7972     |      82.52       |      34.95      
    7973     |      79.98       |      44.39      
    7974     |      67.86       |      29.62      
    7975     |      64.51       |      32.61      
    7976     |      65.38       |      36.04      
    7977     |      69.14       |      31.68      
    7978     |      74.36       |      34.51      
    7979     |      74.91       |      37.43      
    7980     |      87.51       |      23.73      
    7981     |      83.57       |      29.32      
    7982     |      80.45       |      15.74      
    7983     |      82.97       |      17.57      
    7984     |      81.11       |      13.92      
    7987     |      80.14       |      26.80      
    7988     |      85.49       |      20.72      
    7989     |      86.11       |      20.51      
    7990     |      76.19       |      21.82      
    7991     |      76.26       |      21.46      
    7992     |      89.37       |      15.36      
    7994     |      88.94       |       5.80      
    7996     |      86.04       |      21.40      
    7999     |      87.29       |       8.19      
    8018     |      72.99       |      37.49      
    8019     |      63.41       |      37.25      
    8020     |      64.63       |      35.98      
    8021     |      69.73       |      33.90      
    8022     |      72.00       |      30.35      
    8023     |      63.23       |      39.26      
    8024     |      73.84       |      34.93      
    8025     |      73.20       |      35.49      
    8026     |      83.68       |      27.72      
    8028     |      86.24       |      17.94      
    8029     |      81.95       |      19.92      
    8030     |      85.99       |      14.11      
    8033     |      79.41       |      30.13      
    8035     |      87.69       |      19.11      
    8036     |      79.45       |      26.23      
    8039     |      85.29       |      20.65      
    8040     |      87.37       |      16.88      
    8041     |      80.08       |      21.40      
    8042     |      88.29       |       3.84      
    8043     |      68.45       |      22.06      
    8044     |      85.54       |      21.91      
    8046     |      87.78       |      11.15      
    8048     |      87.64       |      27.65      
    8055     |      89.26       |       9.72      
    8056     |      87.43       |      18.65      
    8091     |      69.34       |      35.51      
    8092     |      67.96       |      41.44      
    8093     |      73.23       |      36.53      
    8094     |      73.14       |      36.55      
    8095     |      76.69       |      32.99      
    8096     |      63.63       |      39.54      
    8097     |      68.53       |      34.64      
    8098     |      65.81       |      48.09      
    8099     |      76.31       |      42.27      
    8100     |      82.90       |      31.50      
    8101     |      72.69       |      28.41      
    8102     |      72.28       |      29.35      
    8103     |      77.12       |      23.58      
    8104     |      76.39       |      26.52      
    8107     |      81.69       |      25.30      
    8108     |      90.00       |      17.81      
    8111     |      83.44       |       9.14      
    8112     |      68.98       |      21.03      
    8114     |      83.39       |      28.56      
    8117     |      89.70       |      26.42      
    8143     |      64.27       |      37.90      
    8144     |      71.99       |      27.83      
    8145     |      65.39       |      32.29      
    8146     |      65.80       |      38.56      
    8147     |      69.40       |      42.89      
    8148     |      59.15       |      46.90      
    8149     |      61.06       |      46.69      
    8150     |      82.08       |      20.86      
    8151     |      80.70       |      27.48      
    8152     |      76.47       |      34.52      
    8153     |      76.80       |      34.25      
    8154     |      82.39       |      34.12      
    8155     |      80.29       |      32.50      
    8158     |      89.51       |      20.46      
    8160     |      81.39       |      34.03      
    8161     |      87.52       |      25.97      
    8163     |      82.60       |      20.19      
    8165     |      84.84       |       8.66      
    8166     |      89.67       |      15.92      
    8195     |      63.72       |      38.83      
    8196     |      75.50       |      29.89      
    8197     |      76.72       |      29.63      
    8198     |      66.11       |      38.70      
    8199     |      62.19       |      40.02      
    8200     |      79.79       |      24.48      
    8201     |      76.44       |      39.55      
    8202     |      82.49       |      33.40      
    8203     |      83.28       |      24.98      
    8207     |      87.62       |      26.67      
    8208     |      84.60       |      34.49      
    8209     |      83.38       |      30.51      
    8212     |      85.51       |      10.41      
    8216     |      82.97       |      17.50      
    8217     |      74.16       |      23.03      
    8219     |      85.02       |      13.51      
    8220     |      88.61       |       8.86      
    8259     |      56.82       |      35.91      
    8260     |      69.06       |      26.80      
    8261     |      68.66       |      42.80      
    8262     |      61.98       |      41.21      
    8263     |      68.43       |      35.58      
    8264     |      55.01       |      43.37      
    8265     |      70.34       |      28.14      
    8266     |      59.30       |      45.89      
    8267     |      69.96       |      38.95      
    8268     |      80.61       |      20.96      
    8269     |      70.98       |      25.19      
    8270     |      73.87       |      19.77      
    8272     |      83.99       |      34.93      
    8274     |      81.36       |      33.20      
    8275     |      84.15       |      32.76      
    8276     |      87.54       |      29.22      
    8278     |      82.74       |      14.00      
    8279     |      68.84       |      24.95      
    8280     |      76.02       |      14.35      
    8282     |      89.01       |      13.41      
    8283     |      87.33       |      17.97      
    8285     |      84.61       |       7.88      
    8289     |      87.77       |      16.07      
    8317     |      53.65       |      47.30      
    8318     |      73.77       |      35.99      
    8319     |      79.16       |      32.06      
    8320     |      83.28       |      23.72      
    8321     |      64.79       |      36.07      
    8322     |      70.42       |      24.46      
    8323     |      57.76       |      38.26      
    8324     |      64.14       |      34.12      
    8325     |      68.09       |      27.62      
    8326     |      49.04       |      48.40      
    8327     |      68.98       |      31.42      
    8328     |      76.77       |      22.77      
    8329     |      81.95       |      22.27      
    8330     |      73.45       |      17.73      
    8331     |      81.04       |      30.19      
    8334     |      72.84       |      30.16      
    8337     |      85.99       |      26.49      
    8339     |      85.14       |      16.80      
    8341     |      78.96       |      11.18      
    8342     |      88.95       |      17.95      
    8344     |      89.40       |      21.46      
    8346     |      84.02       |      13.41      
    8347     |      85.45       |       7.18      
    8348     |      86.72       |       6.35      
    8350     |      85.26       |      16.78      
    8351     |      86.13       |      17.51      
   16167     |      89.66       |       7.02      
   16515     |      85.77       |      12.11      
   16516     |      87.35       |       9.93      
   16579     |      79.50       |      10.24      
   16627     |      84.33       |      12.72      
   16628     |      83.68       |       8.05      
   16642     |      86.51       |       3.01      
   16804     |      85.97       |      11.69      
   16815     |      88.69       |      17.50      
   16816     |      87.10       |      27.07      
   33580     |      86.13       |      12.17      
   33590     |      80.26       |      34.41      
   33591     |      79.98       |      39.77      
   33632     |      86.67       |       2.98      
   33633     |      85.96       |      13.08      
   33634     |      86.40       |      12.12      
   33635     |      89.32       |      27.30      
   33637     |      89.67       |       4.66      
   33638     |      79.09       |      12.32      
   33639     |      85.25       |      16.43      
   33652     |      81.17       |       8.58      
   33653     |      79.97       |      23.16      
   33654     |      76.60       |      30.74      
   33655     |      86.88       |      26.77      
   33693     |      81.91       |      24.75      
   33694     |      80.96       |       9.11      
   33695     |      85.56       |      15.57      
   33698     |      86.27       |       5.17      
   33703     |      87.77       |       1.82      
   33704     |      84.77       |      12.10      
   33705     |      83.10       |      10.02      
   33706     |      86.73       |      22.66      
   33746     |      88.21       |      23.02      
   33751     |      83.78       |      12.76      
   33752     |      79.20       |      10.36      
   33753     |      73.85       |      15.91      
   33754     |      78.20       |      11.61      
   33757     |      86.29       |       3.54      
   33758     |      88.95       |      22.91      
   33798     |      87.54       |      21.46      
   33799     |      86.20       |       6.65      
   33804     |      84.55       |      14.96      
   33805     |      82.97       |       9.36      
   33806     |      73.84       |      19.65      
   33807     |      70.66       |      20.43      
   33808     |      76.37       |      13.43      
   33809     |      66.02       |      23.59      
   33810     |      70.77       |      22.47      
   33811     |      78.42       |      13.74      
   33812     |      84.81       |      14.78      
   33813     |      87.92       |       1.97      
   33849     |      79.05       |      11.59      
   33850     |      87.43       |       6.51      
   33856     |      85.40       |      12.03      
   33857     |      76.47       |      13.41      
   33858     |      72.59       |      20.18      
   33859     |      67.45       |      22.30      
   33860     |      82.46       |       7.92      
   33861     |      85.80       |      10.92      
   33890     |      88.55       |       1.85      
   33891     |      86.55       |       8.75      
   33900     |      86.17       |       9.14      
   33901     |      78.61       |      13.92      
   33902     |      79.46       |      13.84      
   33903     |      81.20       |       8.52      
   33904     |      84.94       |       8.68      
   33905     |      78.22       |      11.61      
   33906     |      88.53       |       3.30      
   33907     |      88.03       |       1.96      
   33908     |      88.81       |      11.50      
   33911     |      88.49       |      20.99      
   33954     |      85.89       |       7.75      
   33955     |      88.63       |       3.32      
   33956     |      87.79       |       9.54      
   33957     |      87.93       |      10.32      
   33964     |      78.71       |      15.22      
   33965     |      87.37       |       2.96      
   33966     |      81.21       |      12.10      
   33967     |      81.69       |      10.38      
   33968     |      89.83       |       8.19      
   33970     |      81.09       |       8.70      
   33971     |      85.68       |      22.57      
   33999     |      88.00       |       9.97      
   34002     |      87.16       |       3.61      
   34003     |      84.89       |       5.41      
   34007     |      86.63       |      13.77      
   34008     |      83.03       |       8.08      
   34009     |      79.99       |       9.76      
   34010     |      84.20       |      12.87      
   34011     |      85.92       |      10.24      
   34012     |      87.58       |       4.65      
   34063     |      89.64       |       2.75      
   34065     |      89.04       |      28.72      
   34066     |      89.25       |       6.25      
   34070     |      89.79       |       8.30      
   34074     |      89.23       |       6.82      
   34076     |      86.64       |      14.57      
   34109     |      88.16       |      16.42      
   34110     |      86.98       |      12.27      
   34114     |      88.75       |       8.02      
   34115     |      89.77       |       2.99      
   34116     |      78.27       |      19.06      
   34122     |      87.82       |       6.43      
   34123     |      86.31       |       9.22      
   34166     |      83.10       |      15.76      
   34167     |      82.74       |      13.98      
   34168     |      86.16       |       9.16      
   34169     |      82.25       |       8.68      
   34170     |      82.02       |      16.09      
   34175     |      82.16       |      17.75      
   34184     |      83.31       |      17.44      
   34214     |      81.25       |      13.55      
   34218     |      74.04       |      17.83      
   34219     |      73.77       |      18.72      
   34220     |      85.20       |      13.49      
   34221     |      84.84       |      13.16      
   34222     |      83.94       |      19.63      
   34227     |      88.98       |       1.85      
   34228     |      85.07       |       4.74      
   34230     |      81.42       |      13.11      
   34231     |      81.39       |      12.18      
   34232     |      84.20       |      17.52      
   34273     |      85.03       |      13.39      
   34282     |      82.15       |      15.66      
   34283     |      79.51       |      16.69      
   34284     |      84.06       |       6.29      
   34285     |      84.46       |       5.83      
   34286     |      85.70       |       6.53      
   34287     |      89.82       |       0.57      
   34288     |      73.63       |      18.74      
   34289     |      72.78       |      23.20      
   34290     |      76.41       |      17.08      
   34300     |      87.25       |       9.31      
   34303     |      88.91       |       1.17      
   34304     |      83.25       |       7.81      
   34305     |      89.31       |      24.86      
   34306     |      86.71       |      15.86      
   34334     |      83.35       |      11.85      
   34340     |      83.55       |       6.36      
   34341     |      69.88       |      22.55      
   34342     |      86.68       |       4.64      
   34348     |      82.10       |       8.60      
   34349     |      87.54       |       4.06      
   34350     |      88.04       |       7.28      
   34392     |      88.31       |       2.75      
   34393     |      89.73       |       4.00      
   34394     |      86.75       |       4.34      
   34395     |      87.24       |       8.73      
   34396     |      84.04       |      15.03      
   34397     |      84.85       |       9.38      
   34398     |      79.01       |      17.11      
   34399     |      79.65       |      17.05      
   34400     |      79.55       |      11.02      
   34401     |      82.85       |      12.44      
   34402     |      82.06       |       9.72      
   34410     |      75.88       |      17.66      
   34411     |      89.53       |       9.22      
   34412     |      89.48       |       7.18      
   34450     |      87.03       |      15.12      
   34451     |      89.31       |      12.38      
   34452     |      89.58       |      20.13      
   34453     |      88.16       |      22.13      
   34457     |      74.89       |      24.08      
   34458     |      81.86       |       8.67      
   34459     |      79.02       |      14.38      
   34460     |      88.30       |       9.40      
   34461     |      86.57       |      11.58      
   34462     |      86.14       |       5.21      
   34463     |      84.95       |       9.73      
   34464     |      87.34       |      18.35      
   34465     |      86.27       |      14.02      
   34466     |      79.52       |      13.27      
   34467     |      78.96       |      11.34      
   34468     |      78.46       |      12.29      
   34469     |      80.14       |      10.31      
   34470     |      80.12       |      10.27      
   34471     |      83.29       |       9.02      
   34472     |      87.10       |       4.03      
   34473     |      84.39       |       7.05      
   34474     |      88.40       |       4.68      
   34478     |      89.52       |      18.08      
   34479     |      84.01       |      13.19      
   34480     |      88.46       |      21.44      
   34481     |      84.40       |      19.39      
   34482     |      80.50       |      15.01      
   34483     |      84.21       |       7.07      
   34521     |      75.56       |      23.59      
   34522     |      72.80       |      17.13      
   34523     |      67.85       |      23.94      
   34525     |      83.93       |       6.50      
   34526     |      78.55       |      11.64      
   34527     |      76.03       |      15.89      
   34528     |      77.10       |      13.99      
   34529     |      89.02       |       1.18      
   34530     |      84.27       |      12.01      
   34531     |      82.72       |       7.62      
   34532     |      68.55       |      21.80      
   34533     |      69.44       |      21.27      
   34534     |      70.36       |      21.33      
   34535     |      83.27       |      14.37      
   34536     |      81.26       |      23.39      
   34565     |      84.99       |      14.69      
   34566     |      85.19       |      16.15      
   34567     |      83.06       |      22.15      
   34568     |      83.47       |      13.73      
   34569     |      84.34       |       8.16      
   34570     |      85.76       |       4.45      
   34571     |      89.37       |       5.18      
   34572     |      87.00       |      10.21      
   34575     |      73.58       |      16.77      
   34576     |      83.01       |       8.71      
   34577     |      84.45       |       6.45      
   34578     |      83.43       |       9.68      
   34579     |      81.10       |       9.79      
   34580     |      81.91       |       8.73      
   34581     |      85.00       |      10.36      
   34582     |      73.93       |      16.73      
   34583     |      72.65       |      17.48      
   34584     |      74.78       |      15.26      
   34585     |      78.32       |      16.01      
   34586     |      84.71       |      22.28      
   34587     |      83.56       |       7.89      
   34588     |      82.65       |       9.61      
   34632     |      82.51       |      19.24      
   34633     |      86.73       |      11.46      
   34634     |      81.78       |       8.95      
   34636     |      89.86       |      13.54      
   34637     |      77.25       |      13.29      
   34638     |      74.52       |      18.15      
   34639     |      74.44       |      16.73      
   34641     |      72.22       |      18.02      
   34642     |      81.11       |      12.89      
   34643     |      81.40       |      20.82      
   34644     |      75.18       |      18.31      
   34645     |      83.22       |       6.85      
   34646     |      81.78       |      14.18      
   34647     |      85.97       |      22.50      
   34689     |      85.74       |       5.99      
   34690     |      82.31       |       8.42      
   34691     |      87.61       |       8.14      
   34692     |      87.32       |      10.16      
   34694     |      85.28       |       5.45      
   34695     |      85.40       |       5.86      
   34696     |      83.01       |      11.91      
   34697     |      83.06       |      10.50      
   34698     |      81.82       |       8.33      
   34699     |      82.39       |       7.99      
   34700     |      81.42       |      10.65      
   34701     |      87.52       |      20.57      
   34702     |      84.89       |      10.39      
   34703     |      70.79       |      19.53      
   34704     |      76.45       |      15.70      
   34705     |      77.27       |      14.09      
   34706     |      77.07       |      12.97      
   34707     |      75.85       |      14.29      
   34708     |      79.58       |      13.47      
   34709     |      70.03       |      26.50      
   34710     |      71.56       |      20.36      
   34744     |      84.20       |       8.19      
   34745     |      81.83       |       8.62      
   34748     |      77.59       |      15.16      
   34749     |      87.58       |       9.33      
   34750     |      89.03       |       6.86      
   34751     |      83.03       |      11.91      
   34752     |      87.94       |       2.55      
   34753     |      80.12       |      10.71      
   34754     |      79.46       |      10.77      
   34755     |      77.72       |      12.36      
   34756     |      80.73       |      19.99      
   34757     |      81.74       |      19.25      
   34758     |      65.35       |      24.75      
   34759     |      75.70       |      26.03      
   34760     |      76.71       |      28.41      
   34761     |      73.62       |      17.48      
   34762     |      72.66       |      17.44      
   34806     |      89.29       |      24.87      
   34807     |      87.55       |       6.91      
   34808     |      85.93       |      18.14      
   34809     |      79.75       |      13.44      
   34812     |      74.93       |      17.33      
   34813     |      77.81       |      12.27      
   34814     |      78.81       |      11.49      
   34815     |      88.77       |      12.30      
   34816     |      89.79       |       8.41      
   34817     |      78.26       |      11.84      
   34818     |      78.59       |      11.49      
   34819     |      77.27       |      12.85      
   34820     |      77.79       |      12.68      
   34821     |      70.72       |      23.12      
   34822     |      67.67       |      22.69      
   34823     |      72.67       |      18.77      
   34824     |      78.14       |      25.64      
   34825     |      70.60       |      27.40      
   34826     |      70.70       |      19.79      
   34827     |      65.77       |      25.48      
   34828     |      66.49       |      25.03      
   34829     |      72.67       |      25.55      
   34830     |      78.31       |      15.17      
   34831     |      77.90       |      19.20      
   34832     |      85.70       |      26.58      
   34833     |      87.91       |      23.48      
   34834     |      71.59       |      19.03      
   34835     |      73.64       |      18.64      
   34862     |      86.83       |      20.37      
   34864     |      88.55       |      15.37      
   34865     |      88.91       |       1.97      
   34866     |      81.60       |      17.51      
   34867     |      87.07       |       4.20      
   34868     |      80.01       |      10.07      
   34869     |      78.93       |      13.06      
   34870     |      81.96       |      11.13      
   34871     |      85.39       |       4.76      
   34872     |      78.74       |      12.69      
   34873     |      80.01       |      12.81      
   34874     |      82.10       |       8.03      
   34875     |      82.38       |       7.79      
   34876     |      86.06       |       4.97      
   34877     |      85.44       |       7.71      
   34878     |      83.60       |      13.89      
   34879     |      74.93       |      27.43      
   34880     |      78.90       |      14.15      
   34881     |      75.44       |      15.31      
   34882     |      75.38       |      16.46      
   34883     |      74.59       |      16.29      
   34884     |      72.85       |      17.49      
   34886     |      89.34       |      17.34      
   34888     |      82.73       |      13.59      
   34889     |      76.47       |      21.82      
   34890     |      77.22       |      13.62      
   34891     |      78.63       |      11.97      
   34927     |      85.63       |      20.05      
   34928     |      82.12       |      13.44      
   34929     |      84.02       |      10.35      
   34930     |      83.69       |       9.90      
   34931     |      88.12       |       6.07      
   34932     |      89.36       |       6.56      
   34933     |      71.91       |      18.91      
   34934     |      72.82       |      17.36      
   34935     |      81.48       |       8.72      
   34937     |      85.02       |       5.30      
   34938     |      85.30       |       6.12      
   34939     |      72.92       |      23.45      
   34940     |      78.92       |      14.63      
   34941     |      69.98       |      20.20      
   34942     |      70.28       |      21.04      
   34943     |      66.28       |      24.08      
   34944     |      68.52       |      25.64      
   34945     |      74.49       |      17.07      
   34946     |      70.79       |      19.47      
   34947     |      71.12       |      19.18      
   34948     |      76.23       |      21.91      
   34949     |      75.71       |      28.79      
   34950     |      78.91       |      34.27      
   34951     |      79.89       |      22.08      
   34952     |      86.09       |      14.23      
   34953     |      84.73       |       5.57      
   34954     |      83.08       |       8.70      
   34998     |      86.60       |      16.85      
   34999     |      86.12       |      14.17      
   35000     |      86.02       |       4.11      
   35005     |      86.50       |       6.07      
   35006     |      87.21       |       7.31      
   35007     |      81.98       |       9.84      
   35008     |      73.98       |      16.40      
   35009     |      75.37       |      17.81      
   35010     |      66.85       |      23.51      
   35011     |      79.89       |      11.23      
   35012     |      81.41       |       9.00      
   35013     |      80.66       |       9.54      
   35014     |      74.89       |      15.32      
   35015     |      73.49       |      19.44      
   35016     |      85.74       |       5.66      
   35055     |      78.25       |      23.91      
   35056     |      87.83       |       2.70      
   35059     |      89.71       |       7.44      
   35061     |      83.25       |      10.34      
   35062     |      84.28       |      10.98      
   35063     |      87.83       |       2.99      
   35064     |      87.33       |       3.10      
   35065     |      89.39       |       3.95      
   35066     |      83.60       |       7.50      
   35067     |      85.03       |       7.93      
   35068     |      77.80       |      13.02      
   35069     |      78.55       |      12.53      
   35070     |      85.33       |       5.49      
   35071     |      82.00       |      10.25      
   35072     |      83.10       |      15.29      
   35073     |      75.34       |      18.06      
   35074     |      77.37       |      13.54      
   35075     |      78.02       |      15.24      
   35076     |      79.15       |      12.71      
   35077     |      77.50       |      12.88      
   35078     |      75.94       |      14.82      
   35079     |      81.34       |       8.88      
   35080     |      80.87       |      10.06      
   35081     |      75.78       |      15.07      
   35082     |      75.38       |      17.14      
   35083     |      77.45       |      27.78      
   35084     |      82.48       |       9.44      
   35085     |      87.25       |      14.94      
   35086     |      88.64       |       3.83      
   35122     |      89.44       |       2.89      
   35124     |      83.99       |       6.25      
   35125     |      83.10       |       7.33      
   35126     |      85.96       |      11.12      
   35127     |      85.90       |       7.67      
   35128     |      84.53       |       7.97      
   35129     |      86.08       |       4.27      
   35130     |      84.56       |       6.06      
   35131     |      79.59       |      19.15      
   35132     |      82.69       |      10.12      
   35133     |      78.49       |      12.32      
   35134     |      75.37       |      15.01      
   35135     |      75.28       |      15.59      
   35136     |      79.05       |      11.40      
   35137     |      76.02       |      16.96      
   35138     |      81.58       |      19.09      
   35139     |      78.05       |      19.25      
   35140     |      75.53       |      17.80      
   35165     |      87.36       |      19.67      
   35166     |      88.55       |       1.63      
   35167     |      81.22       |       9.10      
   35168     |      80.48       |       9.74      
   35169     |      86.96       |       5.71      
   35171     |      85.69       |       8.04      
   35172     |      86.41       |       9.25      
   35173     |      89.94       |       3.77      
   35174     |      87.60       |       2.79      
   35175     |      86.91       |      10.61      
   35176     |      84.24       |       6.07      
   35177     |      88.35       |       3.18      
   35179     |      79.92       |      13.27      
   35180     |      79.73       |      11.77      
   35181     |      77.89       |      14.63      
   35220     |      81.35       |       8.91      
   35221     |      85.19       |      11.00      
   35222     |      85.06       |       5.70      
   35223     |      87.36       |      11.58      
   35224     |      87.65       |       8.57      
   35225     |      83.34       |       7.13      
   35226     |      88.87       |       4.14      
   35227     |      89.03       |       6.51      
   35228     |      86.83       |       8.99      
   35229     |      86.97       |      11.73      
   35230     |      89.02       |      11.98      
   35231     |      88.20       |       9.03      
   35232     |      85.62       |      13.02      
   35236     |      80.70       |      11.90      
   35237     |      88.93       |      16.09      
   35238     |      89.12       |      13.01      
   35271     |      83.86       |      15.65      
   35272     |      81.61       |       8.73      
   35273     |      89.37       |       9.99      
   35274     |      87.53       |      14.00      
   35275     |      85.99       |       7.99      
   35276     |      83.32       |       7.61      
   35280     |      87.37       |      11.14      
   35281     |      89.10       |       7.08      
   35282     |      87.48       |       3.98      
   35283     |      88.07       |      23.73      
   35284     |      87.76       |      18.43      
   35285     |      84.33       |       6.16      
   35286     |      84.09       |       8.64      
   35331     |      87.80       |       3.25      
   35332     |      88.26       |       2.14      
   35333     |      87.07       |       3.68      
   35334     |      89.01       |       8.55      
   35336     |      88.75       |       4.19      
   35338     |      86.28       |      12.41      
   35339     |      83.41       |      12.95      
   35340     |      83.77       |       8.31      
   35341     |      81.73       |      14.07      
   35342     |      87.59       |       6.67      
   35343     |      85.76       |       6.26      
   35344     |      85.96       |       4.61      
   35345     |      78.46       |      15.59      
   35346     |      79.88       |      22.08      
   35389     |      85.89       |       9.52      
   35390     |      84.15       |       6.25      
   35391     |      79.57       |      14.79      
   35392     |      74.33       |      17.35      
   35393     |      73.27       |      17.28      
   35394     |      77.72       |      13.79      
   35395     |      86.21       |       6.14      
   35396     |      86.17       |       8.95      
   35397     |      84.63       |      10.98      
   35400     |      87.16       |       7.31      
   35401     |      86.38       |      11.94      
   35402     |      84.14       |       8.62      
   35403     |      81.87       |      15.99      
   35442     |      86.95       |       4.96      
   35443     |      82.97       |      14.26      
   35446     |      77.39       |      14.13      
   35447     |      75.97       |      14.78      
   35448     |      79.43       |      11.02      
   35449     |      82.15       |      13.32      
   35450     |      82.71       |       7.83      
   35452     |      89.61       |       9.60      
   35453     |      89.41       |      11.48      
   35462     |      78.31       |      19.09      
   35503     |      88.39       |       3.08      
   35504     |      82.33       |      11.28      
   35505     |      83.15       |       7.85      
   35506     |      81.39       |      10.63      
   35507     |      79.64       |      11.29      
   35508     |      68.99       |      21.41      
   35509     |      70.20       |      22.84      
   35510     |      86.11       |       4.39      
   35511     |      82.86       |       7.71      
   35512     |      82.85       |      10.13      
   35513     |      84.21       |      11.24      
   35514     |      88.67       |       4.32      
   35515     |      88.42       |       7.75      
   35516     |      88.26       |       7.06      
   35524     |      87.42       |      14.52      
   35526     |      84.43       |      23.24      
   35563     |      84.97       |      17.76      
   35564     |      86.13       |      23.68      
   35566     |      84.65       |       8.49      
   35567     |      88.72       |       1.76      
   35568     |      81.13       |      11.73      
   35569     |      79.85       |      10.56      
   35570     |      71.70       |      19.10      
   35571     |      71.98       |      18.51      
   35572     |      73.88       |      22.42      
   35574     |      85.68       |      10.53      
   35575     |      85.01       |       9.30      
   35585     |      84.46       |      13.09      
   35586     |      88.61       |       5.80      
   35587     |      88.90       |      22.95      
   35625     |      87.21       |      15.43      
   35626     |      82.72       |      10.15      
   35627     |      89.53       |       3.01      
   35628     |      85.24       |       6.24      
   35629     |      76.57       |      16.02      
   35630     |      79.83       |      18.94      
   35631     |      82.59       |      20.38      
   35632     |      87.66       |       4.93      
   35633     |      87.14       |       7.15      
   35636     |      87.31       |       6.97      
   35637     |      85.13       |      10.19      
   35639     |      89.57       |       8.90      
   35641     |      82.73       |      27.07      
   35642     |      87.18       |      24.24      
   35643     |      87.82       |      10.98      
   35684     |      71.96       |      25.79      
   35685     |      76.50       |      22.53      
   35686     |      82.72       |      10.13      
   35687     |      81.94       |      10.51      
   35688     |      76.83       |      14.21      
   35689     |      77.57       |      15.24      
   35690     |      77.91       |      12.76      
   35691     |      82.12       |       8.36      
   35692     |      86.01       |      11.09      
   35693     |      85.68       |      12.15      
   35699     |      89.64       |       1.75      
   35700     |      87.01       |       4.64      
   35701     |      87.64       |       7.68      
   35707     |      83.53       |      14.53      
   35708     |      81.35       |      19.39      
   35709     |      85.44       |      20.31      
   35710     |      79.26       |      24.35      
   35711     |      79.42       |      24.65      
   35712     |      87.27       |      11.23      
   35753     |      89.12       |      26.57      
   35754     |      84.03       |       8.92      
   35755     |      76.66       |      21.76      
   35756     |      84.32       |       8.20      
   35757     |      78.03       |      13.75      
   35758     |      75.73       |      14.73      
   35759     |      79.55       |      11.36      
   35760     |      79.12       |      12.14      
   35761     |      80.92       |      15.39      
   35763     |      89.36       |       6.01      
   35764     |      89.55       |       7.27      
   35766     |      87.85       |       8.80      
   35768     |      89.96       |       8.65      
   35769     |      83.66       |      18.03      
   35771     |      89.95       |      20.84      
   35772     |      87.83       |       6.48      
   35773     |      79.39       |      19.88      
   35774     |      86.17       |      12.32      
   35775     |      87.77       |       6.90      
   35808     |      75.22       |      33.46      
   35809     |      64.18       |      35.06      
   35810     |      70.96       |      20.90      
   35811     |      76.07       |      22.39      
   35812     |      80.22       |      10.51      
   35813     |      78.35       |      12.25      
   35814     |      86.78       |       8.12      
   35815     |      87.47       |       3.11      
   35816     |      87.22       |       3.30      
   35818     |      85.00       |       5.57      
   35819     |      86.46       |       4.80      
   35821     |      89.90       |       8.91      
   35824     |      87.04       |       4.21      
   35825     |      86.58       |       6.54      
   35828     |      89.37       |       6.40      
   35829     |      85.68       |      24.98      
   35830     |      78.19       |      20.32      
   35831     |      88.79       |       3.67      
   35878     |      67.53       |      23.01      
   35879     |      64.58       |      34.66      
   35880     |      76.37       |      20.91      
   35881     |      67.52       |      24.29      
   35882     |      67.17       |      25.26      
   35883     |      80.28       |      10.35      
   35884     |      84.55       |       8.73      
   35885     |      83.63       |       9.04      
   35889     |      81.84       |       9.08      
   35890     |      84.56       |       8.47      
   35891     |      81.96       |       9.02      
   35895     |      82.54       |       8.87      
   35896     |      85.57       |       8.97      
   35897     |      84.85       |      12.57      
   35898     |      86.67       |      17.17      
   35900     |      79.66       |      27.94      
   35901     |      78.20       |      30.03      
   35902     |      79.10       |      26.84      
   35903     |      80.61       |      15.64      
   35904     |      81.32       |      22.37      
   35905     |      84.15       |       9.40      
   35906     |      85.27       |      11.54      
   35907     |      83.99       |       8.40      
   35953     |      86.47       |       5.18      
   35954     |      86.47       |       5.02      
   35955     |      87.08       |       4.26      
   35956     |      85.96       |       5.05      
   35957     |      86.49       |       9.18      
   35959     |      89.88       |       5.70      
   35960     |      82.47       |       8.71      
   35961     |      79.83       |      12.74      
   35962     |      80.93       |      16.18      
   36003     |      73.20       |      17.54      
   36004     |      73.18       |      29.79      
   36005     |      74.54       |      20.55      
   36006     |      74.32       |      17.52      
   36007     |      72.05       |      19.34      
   36008     |      72.14       |      19.36      
   36009     |      84.74       |      16.50      
   36010     |      88.95       |       1.67      
   36014     |      87.92       |      19.37      
   36015     |      82.62       |      12.80      
   36016     |      81.89       |       8.85      
   36017     |      80.79       |      13.47      
   36018     |      79.73       |      12.92      
   36019     |      81.25       |       9.55      
   36020     |      81.47       |       9.69      
   36021     |      83.46       |       9.03      
   36022     |      75.10       |      16.29      
   36023     |      75.17       |      16.36      
   36024     |      83.86       |      12.00      
   36025     |      77.22       |      13.49      
   36026     |      89.09       |       9.58      
   36027     |      86.39       |      15.92      
   36028     |      83.39       |      14.58      
   36029     |      87.31       |       6.81      
   36030     |      89.17       |       2.12      
   36068     |      61.50       |      34.50      
   36069     |      78.19       |      16.64      
   36070     |      72.92       |      29.69      
   36071     |      73.42       |      24.17      
   36072     |      75.88       |      15.04      
   36073     |      76.05       |      18.56      
   36074     |      84.28       |       7.05      
   36075     |      83.49       |       7.66      
   36076     |      89.08       |       5.99      
   36078     |      82.42       |       9.47      
   36079     |      82.13       |       8.60      
   36080     |      85.03       |       7.71      
   36081     |      81.42       |      12.85      
   36082     |      76.39       |      14.39      
   36083     |      75.00       |      16.35      
   36084     |      80.31       |      19.42      
   36085     |      81.01       |      28.44      
   36086     |      83.08       |      22.95      
   36135     |      72.88       |      21.64      
   36136     |      71.68       |      22.08      
   36137     |      74.27       |      19.74      
   36138     |      75.33       |      16.19      
   36139     |      78.72       |      15.40      
   36140     |      73.26       |      28.40      
   36141     |      67.16       |      25.76      
   36142     |      85.66       |       5.87      
   36143     |      83.95       |      10.57      
   36144     |      77.73       |      15.32      
   36145     |      77.93       |      17.66      
   36146     |      82.51       |       8.24      
   36147     |      83.36       |      10.14      
   36148     |      76.39       |      17.22      
   36149     |      77.87       |      12.90      
   36150     |      79.32       |      11.86      
   36151     |      78.58       |      14.17      
   36152     |      76.19       |      14.65      
   36153     |      79.64       |      13.09      
   36154     |      80.56       |      19.04      
   36155     |      82.42       |      27.03      
   36156     |      81.02       |      32.21      
   36157     |      86.12       |      10.36      
   36158     |      85.69       |      12.89      
   36159     |      82.75       |       8.27      
   36160     |      83.71       |       8.11      
   36161     |      84.26       |       7.09      
   36200     |      80.38       |      10.45      
   36201     |      74.61       |      20.72      
   36202     |      75.21       |      18.51      
   36203     |      77.94       |      21.73      
   36204     |      75.61       |      18.80      
   36205     |      76.58       |      18.72      
   36206     |      77.62       |      15.82      
   36207     |      81.04       |      13.20      
   36208     |      78.52       |      18.21      
   36209     |      77.77       |      15.77      
   36210     |      76.88       |      18.19      
   36211     |      82.06       |       8.87      
   36212     |      79.44       |      17.39      
   36213     |      77.66       |      14.12      
   36214     |      85.47       |       6.72      
   36215     |      85.46       |       6.69      
   36216     |      86.29       |       4.98      
   36217     |      86.24       |       5.10      
   36218     |      83.97       |       6.95      
   36219     |      74.66       |      19.33      
   36220     |      77.40       |      14.29      
   36221     |      77.23       |      13.73      
   36222     |      75.54       |      15.32      
   36223     |      75.37       |      15.49      
   36224     |      81.92       |      10.31      
   36226     |      87.12       |      23.43      
   36227     |      87.99       |      13.27      
   36228     |      86.60       |      10.49      
   36231     |      86.56       |       4.94      
   36265     |      73.29       |      17.94      
   36266     |      80.90       |      12.55      
   36267     |      76.61       |      16.85      
   36268     |      87.03       |       8.80      
   36269     |      82.29       |       9.63      
   36270     |      83.06       |      12.06      
   36271     |      76.22       |      14.70      
   36272     |      82.50       |      19.57      
   36273     |      82.20       |      14.01      
   36274     |      81.01       |      12.96      
   36275     |      73.42       |      17.95      
   36276     |      77.85       |      13.62      
   36277     |      75.99       |      14.82      
   36278     |      78.09       |      13.03      
   36279     |      79.76       |      13.09      
   36280     |      86.08       |      10.22      
   36281     |      81.71       |      19.48      
   36282     |      87.05       |      25.25      
   36283     |      86.91       |      30.32      
   36284     |      88.45       |      26.96      
   36285     |      86.49       |       5.18      
   36335     |      80.51       |      14.58      
   36336     |      80.24       |      20.73      
   36337     |      77.40       |      19.23      
   36338     |      86.25       |      15.42      
   36339     |      81.30       |      13.62      
   36340     |      73.40       |      20.24      
   36341     |      81.91       |      10.45      
   36342     |      78.42       |      12.43      
   36343     |      76.70       |      15.98      
   36344     |      77.97       |      13.31      
   36345     |      73.13       |      17.79      
   36346     |      71.85       |      22.17      
   36347     |      70.88       |      21.97      
   36348     |      74.56       |      16.41      
   36349     |      74.92       |      16.30      
   36350     |      77.34       |      13.89      
   36351     |      78.42       |      12.57      
   36352     |      79.80       |      13.19      
   36353     |      79.92       |      12.94      
   36354     |      72.24       |      19.70      
   36355     |      78.37       |      20.53      
   36356     |      80.67       |      18.03      
   36357     |      86.85       |      27.31      
   36360     |      89.90       |       1.55      
   36407     |      78.48       |      18.84      
   36408     |      81.64       |      14.32      
   36409     |      79.44       |      21.01      
   36410     |      74.90       |      20.75      
   36411     |      79.58       |      12.11      
   36412     |      83.02       |      14.34      
   36413     |      83.70       |       9.75      
   36414     |      76.35       |      16.71      
   36415     |      76.09       |      17.51      
   36416     |      75.62       |      17.29      
   36417     |      75.35       |      15.54      
   36418     |      70.75       |      20.09      
   36419     |      71.39       |      20.16      
   36420     |      69.98       |      21.87      
   36421     |      72.40       |      18.45      
   36422     |      72.04       |      18.97      
   36423     |      81.40       |      10.47      
   36424     |      77.82       |      15.97      
   36425     |      82.39       |      10.85      
   36426     |      82.82       |       9.50      
   36427     |      83.34       |       8.36      
   36428     |      81.56       |      10.13      
   36429     |      81.55       |      10.08      
   36430     |      79.27       |      12.44      
   36431     |      79.33       |      13.27      
   36432     |      83.47       |      17.56      
   36433     |      84.03       |       9.83      
   36435     |      84.56       |      11.64      
   36471     |      83.72       |      10.51      
   36472     |      86.82       |       6.15      
   36473     |      87.39       |       4.52      
   36474     |      82.05       |      13.49      
   36475     |      78.43       |      14.50      
   36476     |      78.99       |      14.60      
   36477     |      79.24       |      14.11      
   36478     |      79.19       |      13.98      
   36479     |      75.23       |      15.70      
   36480     |      78.02       |      14.31      
   36481     |      77.62       |      13.31      
   36482     |      80.73       |      10.33      
   36483     |      82.19       |       9.39      
   36484     |      81.09       |      11.89      
   36485     |      76.06       |      17.73      
   36486     |      84.68       |       6.72      
   36539     |      78.31       |      18.71      
   36540     |      80.40       |      11.06      
   36541     |      83.71       |      15.86      
   36542     |      75.39       |      15.60      
   36543     |      70.67       |      22.62      
   36544     |      68.65       |      22.23      
   36548     |      86.28       |      16.09      
   36549     |      73.18       |      18.12      
   36550     |      76.18       |      17.71      
   36551     |      80.56       |      10.42      
   36603     |      75.09       |      19.51      
   36604     |      73.12       |      18.17      
   36605     |      81.29       |      17.02      
   36606     |      77.34       |      20.06      
   36607     |      77.10       |      20.06      
   36608     |      77.23       |      15.17      
   36609     |      81.79       |      16.95      
   36610     |      79.17       |      14.07      
   36611     |      78.55       |      13.57      
   36665     |      66.23       |      26.42      
   36666     |      69.15       |      28.68      
   36667     |      79.67       |      18.77      
   36668     |      80.57       |      14.54      
   36669     |      80.19       |      14.18      
   36670     |      70.65       |      31.19      
   36671     |      80.43       |      10.79      
   36672     |      76.59       |      19.17      
   36673     |      83.48       |       9.43      
   36674     |      81.33       |      12.86      
   36675     |      82.61       |      14.65      
   36676     |      81.38       |       9.55      
   36677     |      78.48       |      13.67      
   36678     |      82.24       |      11.47      
   36679     |      75.16       |      24.65      
   36680     |      66.32       |      25.96      
   36681     |      73.08       |      18.45      
   36682     |      81.61       |      13.24      
   36683     |      85.32       |      16.45      
   36684     |      84.53       |      21.00      
   36728     |      58.06       |      37.73      
   36729     |      60.05       |      33.94      
   36730     |      74.52       |      16.82      
   36731     |      75.24       |      18.28      
   36732     |      63.01       |      35.12      
   36733     |      67.32       |      26.11      
   36734     |      81.19       |      17.68      
   36735     |      79.67       |      14.80      
   36736     |      82.52       |      10.54      
   36737     |      75.99       |      15.89      
   36738     |      75.63       |      15.37      
   36739     |      79.86       |      11.11      
   36740     |      74.70       |      19.08      
   36805     |      52.93       |      39.58      
   36806     |      57.54       |      38.42      
   36807     |      74.50       |      25.31      
   36808     |      70.24       |      23.99      
   36809     |      79.88       |      23.45      
   36810     |      80.94       |      18.18      
   36811     |      69.20       |      23.00      
   36812     |      76.55       |      20.35      
   36813     |      71.56       |      19.96      
   36814     |      74.12       |      16.85      
   36815     |      73.82       |      19.18      
   36816     |      78.17       |      12.88      
   36863     |      54.82       |      43.37      
   36864     |      56.16       |      39.07      
   36865     |      52.63       |      44.54      
   36866     |      62.74       |      36.16      
   36867     |      70.36       |      42.01      
   36868     |      75.58       |      18.08      
   36869     |      67.85       |      29.96      
   36870     |      78.71       |      27.61      
   36871     |      78.37       |      26.11      
   36872     |      76.91       |      16.77      
   36873     |      71.92       |      19.42      
   36874     |      79.54       |      18.73      
   36875     |      67.54       |      24.19      
   36876     |      69.23       |      25.16      
   36937     |      65.58       |      28.39      
   36938     |      59.77       |      41.29      
   36939     |      68.40       |      26.03      
   36940     |      74.45       |      23.79      
   36941     |      77.34       |      16.26      
   36942     |      81.99       |      12.91      
   36943     |      83.80       |      16.00      
   36944     |      79.98       |      11.34      
   36945     |      84.84       |       8.09      
   36946     |      81.76       |       9.48      
   37007     |      45.88       |      45.82      
   37008     |      50.71       |      43.07      
   37009     |      50.84       |      44.42      
   37010     |      66.36       |      36.58      
   37011     |      72.28       |      38.92      
   37012     |      71.26       |      41.51      
   37013     |      64.18       |      39.10      
   37014     |      72.00       |      26.10      
   37015     |      77.90       |      20.37      
   37016     |      76.89       |      20.14      
   37017     |      77.35       |      16.35      
   37018     |      82.49       |      16.41      
   37072     |      62.01       |      33.34      
   37073     |      62.86       |      43.10      
   37074     |      79.90       |      15.15      
   37075     |      81.62       |      25.54      
   37076     |      72.76       |      23.33      
   37077     |      71.18       |      21.81      
   37137     |      67.54       |      27.00      
   37138     |      76.97       |      36.83      
   37139     |      70.33       |      34.21      
   37140     |      72.08       |      27.24      
   37141     |      74.33       |      26.22      
   37142     |      82.50       |      16.97      
   37143     |      88.39       |      17.39      
   37144     |      82.98       |      10.67      
   37145     |      68.30       |      25.30      
   37194     |      64.11       |      29.79      
   37195     |      65.58       |      40.12      
   37196     |      76.44       |      38.84      
   37197     |      76.33       |      33.09      
   37198     |      77.02       |      24.20      
   37199     |      82.95       |      28.81      
   37250     |      58.57       |      36.27      
   37251     |      77.27       |      32.34      
   37252     |      68.94       |      32.70      
   37253     |      70.72       |      28.41      
   37254     |      72.27       |      30.26      
   37255     |      82.01       |      29.24      
   37256     |      72.08       |      21.11      
   37321     |      76.73       |      27.11      
   37322     |      77.69       |      37.74      
   37323     |      70.64       |      37.23      
   37324     |      75.36       |      40.37      
   37325     |      62.07       |      37.53      
   37326     |      61.22       |      37.80      
   37327     |      63.51       |      42.23      
   37328     |      68.53       |      33.85      
   37329     |      70.72       |      40.21      
   37383     |      79.16       |      20.94      
   37384     |      79.08       |      22.98      
   37385     |      70.02       |      33.45      
   37386     |      71.35       |      33.99      
   37387     |      73.13       |      30.16      
   37452     |      82.52       |      15.30      
   37453     |      75.75       |      22.61      
   37454     |      63.37       |      45.30      
   37522     |      76.35       |      22.23      
   37523     |      73.43       |      34.91      
   37524     |      65.32       |      39.24      
   37586     |      63.31       |      37.47      
   37587     |      67.28       |      29.54      
   37588     |      65.35       |      30.50      
   37589     |      63.10       |      37.97      
   37590     |      70.55       |      34.52      
   37660     |      54.39       |      47.39      
   37661     |      50.62       |      49.15      
   37662     |      50.74       |      49.12      
