=== Visibility Analysis Summary ===
Total patches: 49152
Geometric visible: 2770 (5.6%)
Light illuminated: 1238 (44.7% of geometric)
Reflection conditions met: 2770 (100.0% of geometric)
Light unoccluded: 1238 (44.7% of geometric)
Final visible: 1238 (2.5% of total)
Visible area: 201.85 (2.5% of total area)

=== Detailed Visibility Information ===
Patch Index  | Incidence Angle  |  Viewing Angle  
-------------+------------------+-----------------
    6469     |      89.13       |      33.08      
    6723     |      88.25       |      17.54      
    6783     |      89.36       |      40.70      
    6785     |      89.97       |      32.48      
    6791     |      89.75       |      21.56      
    6856     |      86.39       |      25.52      
    6858     |      89.00       |      21.48      
    6860     |      89.52       |      28.54      
    6916     |      89.85       |      28.43      
    6920     |      88.98       |      18.17      
    6980     |      88.14       |       5.48      
    6981     |      87.18       |      20.96      
    7043     |      81.66       |      28.99      
    7044     |      88.11       |      29.12      
    7058     |      89.71       |      23.79      
    7109     |      77.88       |      20.46      
    7110     |      71.03       |      24.88      
    7114     |      89.20       |      24.00      
    7158     |      81.67       |      11.64      
    7159     |      76.10       |      15.31      
    7160     |      74.00       |      20.93      
    7161     |      70.96       |      27.76      
    7163     |      84.57       |      24.74      
    7169     |      86.67       |      18.51      
    7212     |      83.64       |      31.43      
    7213     |      84.02       |      31.21      
    7215     |      80.12       |      16.87      
    7216     |      85.59       |      16.82      
    7217     |      74.22       |      29.94      
    7218     |      80.08       |      29.49      
    7219     |      80.15       |      18.28      
    7220     |      72.79       |      28.62      
    7221     |      71.53       |      28.81      
    7222     |      72.71       |      24.53      
    7223     |      82.33       |      19.57      
    7225     |      84.12       |      24.62      
    7233     |      89.56       |      25.54      
    7271     |      82.90       |      36.44      
    7273     |      76.31       |      35.72      
    7274     |      79.98       |      27.09      
    7275     |      83.11       |      23.17      
    7276     |      74.92       |      32.08      
    7277     |      77.05       |      27.75      
    7278     |      81.05       |      24.99      
    7283     |      86.99       |      20.16      
    7306     |      65.57       |      43.79      
    7308     |      51.50       |      49.03      
    7313     |      68.82       |      29.08      
    7314     |      62.53       |      33.81      
    7315     |      77.98       |      31.50      
    7316     |      74.75       |      36.12      
    7317     |      83.28       |      35.78      
    7318     |      76.63       |      30.80      
    7319     |      68.10       |      33.82      
    7320     |      82.07       |      36.77      
    7321     |      78.04       |      35.73      
    7322     |      78.50       |      35.45      
    7323     |      79.12       |      35.50      
    7324     |      88.26       |      32.68      
    7326     |      85.19       |      18.56      
    7327     |      84.96       |      15.60      
    7328     |      77.50       |      30.06      
    7329     |      82.73       |      13.87      
    7340     |      87.21       |      13.11      
    7372     |      59.94       |      43.04      
    7376     |      72.56       |      33.79      
    7378     |      66.74       |      39.24      
    7379     |      56.05       |      51.71      
    7380     |      50.69       |      50.99      
    7381     |      68.65       |      38.98      
    7383     |      64.40       |      36.28      
    7384     |      70.82       |      30.18      
    7385     |      80.00       |      28.43      
    7386     |      84.15       |      26.02      
    7387     |      57.83       |      39.79      
    7388     |      66.82       |      32.24      
    7389     |      74.80       |      33.18      
    7390     |      88.34       |      19.43      
    7391     |      77.74       |      18.52      
    7392     |      67.47       |      31.90      
    7393     |      78.45       |      29.29      
    7394     |      78.23       |      30.00      
    7395     |      76.32       |      30.52      
    7398     |      80.75       |      27.16      
    7399     |      81.47       |      23.67      
    7400     |      86.83       |      17.86      
    7401     |      82.18       |      28.07      
    7402     |      74.92       |      33.23      
    7403     |      79.49       |      33.99      
    7404     |      82.79       |      33.05      
    7405     |      82.05       |      28.31      
    7406     |      84.85       |      23.18      
    7408     |      85.84       |       8.24      
    7409     |      84.94       |       8.39      
    7447     |      57.72       |      49.27      
    7449     |      70.58       |      29.39      
    7450     |      65.48       |      37.97      
    7451     |      56.48       |      45.75      
    7452     |      67.48       |      45.32      
    7453     |      64.67       |      49.29      
    7454     |      68.51       |      39.72      
    7455     |      69.12       |      39.65      
    7456     |      84.13       |      25.07      
    7457     |      66.47       |      37.98      
    7458     |      71.58       |      24.81      
    7459     |      68.18       |      27.05      
    7460     |      80.67       |      12.82      
    7461     |      69.81       |      26.32      
    7462     |      59.94       |      32.52      
    7463     |      59.64       |      32.81      
    7464     |      69.02       |      26.19      
    7465     |      88.77       |      26.53      
    7466     |      83.08       |      32.45      
    7467     |      89.56       |      28.72      
    7468     |      86.17       |      13.88      
    7471     |      84.67       |       7.63      
    7472     |      83.21       |      17.21      
    7473     |      77.62       |      18.02      
    7474     |      75.07       |      19.82      
    7475     |      80.49       |      17.31      
    7520     |      52.93       |      48.82      
    7521     |      50.66       |      48.51      
    7522     |      57.07       |      55.22      
    7523     |      52.20       |      59.41      
    7524     |      65.99       |      52.51      
    7525     |      68.13       |      39.55      
    7526     |      78.34       |      32.70      
    7527     |      71.82       |      33.29      
    7528     |      69.45       |      32.80      
    7529     |      77.06       |      28.31      
    7530     |      76.90       |      30.87      
    7531     |      78.02       |      30.21      
    7532     |      79.85       |      16.58      
    7534     |      78.56       |      35.27      
    7537     |      75.66       |      37.19      
    7538     |      83.68       |      32.43      
    7542     |      79.63       |      21.94      
    7543     |      86.62       |      23.41      
    7544     |      75.83       |      17.61      
    7550     |      87.47       |      21.96      
    7552     |      82.58       |       7.18      
    7583     |      51.93       |      52.30      
    7584     |      52.24       |      52.08      
    7585     |      63.94       |      34.56      
    7586     |      60.27       |      42.87      
    7587     |      46.02       |      58.99      
    7588     |      65.86       |      37.04      
    7589     |      75.82       |      34.21      
    7590     |      54.49       |      47.55      
    7591     |      63.64       |      40.67      
    7592     |      66.89       |      44.98      
    7593     |      85.82       |      41.93      
    7594     |      83.16       |      24.97      
    7595     |      76.49       |      29.49      
    7596     |      75.66       |      30.11      
    7597     |      80.28       |      24.31      
    7598     |      70.94       |      28.66      
    7600     |      75.06       |      36.89      
    7605     |      86.51       |      30.17      
    7608     |      86.72       |      23.79      
    7614     |      79.21       |      13.36      
    7616     |      89.60       |      11.98      
    7639     |      70.12       |      27.58      
    7640     |      58.04       |      38.21      
    7641     |      60.27       |      30.71      
    7642     |      43.01       |      49.25      
    7643     |      43.67       |      48.92      
    7644     |      65.31       |      36.90      
    7645     |      66.69       |      41.97      
    7646     |      65.86       |      37.28      
    7647     |      54.95       |      44.98      
    7648     |      62.84       |      42.55      
    7649     |      72.71       |      29.10      
    7652     |      84.67       |      28.93      
    7653     |      71.63       |      34.20      
    7654     |      75.80       |      27.67      
    7655     |      74.43       |      24.12      
    7656     |      76.89       |      20.92      
    7657     |      77.94       |      20.76      
    7658     |      72.26       |      31.02      
    7659     |      79.00       |      25.95      
    7660     |      71.53       |      30.69      
    7661     |      74.89       |      20.49      
    7662     |      86.45       |      18.79      
    7663     |      75.95       |      28.12      
    7664     |      82.48       |      24.98      
    7665     |      89.68       |      20.04      
    7666     |      85.44       |      34.45      
    7671     |      83.51       |      27.39      
    7677     |      83.26       |      16.38      
    7709     |      79.21       |      24.56      
    7710     |      65.45       |      29.66      
    7711     |      53.51       |      45.33      
    7712     |      45.27       |      49.56      
    7713     |      55.28       |      44.58      
    7714     |      62.32       |      40.23      
    7715     |      73.39       |      25.71      
    7716     |      60.16       |      34.09      
    7717     |      68.60       |      22.14      
    7718     |      76.79       |      14.24      
    7719     |      85.70       |      13.14      
    7720     |      78.75       |      22.25      
    7721     |      78.06       |      22.02      
    7722     |      66.32       |      30.40      
    7723     |      75.60       |      27.76      
    7724     |      80.51       |      26.59      
    7725     |      73.86       |      30.71      
    7726     |      78.86       |      25.91      
    7727     |      76.09       |      21.65      
    7728     |      78.47       |      30.31      
    7729     |      79.71       |      29.79      
    7730     |      81.72       |      20.77      
    7731     |      79.32       |      22.90      
    7733     |      86.54       |      19.24      
    7734     |      80.66       |      19.70      
    7735     |      83.06       |      12.82      
    7738     |      87.32       |      13.43      
    7739     |      82.95       |      28.30      
    7742     |      83.60       |       7.28      
    7743     |      87.04       |      12.38      
    7777     |      80.57       |      34.56      
    7778     |      45.61       |      55.29      
    7779     |      47.67       |      52.16      
    7780     |      59.51       |      42.32      
    7781     |      75.58       |      15.41      
    7782     |      61.16       |      29.85      
    7783     |      62.91       |      28.11      
    7784     |      79.52       |      11.16      
    7785     |      75.75       |      14.96      
    7786     |      69.53       |      21.33      
    7787     |      59.08       |      31.89      
    7788     |      66.34       |      28.79      
    7789     |      63.34       |      31.24      
    7790     |      75.69       |      29.78      
    7791     |      79.51       |      29.40      
    7792     |      82.86       |      26.54      
    7793     |      72.85       |      30.17      
    7794     |      78.81       |      20.95      
    7795     |      74.64       |      28.68      
    7796     |      74.11       |      28.97      
    7797     |      85.98       |      10.25      
    7798     |      86.54       |      14.79      
    7799     |      79.06       |      26.54      
    7800     |      78.96       |      26.58      
    7801     |      87.27       |      30.23      
    7805     |      81.44       |       8.55      
    7808     |      77.70       |      12.27      
    7815     |      88.96       |      26.83      
    7845     |      75.73       |      38.69      
    7846     |      58.25       |      48.18      
    7847     |      55.96       |      52.17      
    7848     |      61.16       |      29.83      
    7849     |      74.35       |      16.57      
    7850     |      64.97       |      26.58      
    7851     |      78.22       |      15.19      
    7852     |      63.99       |      33.97      
    7853     |      64.43       |      32.85      
    7854     |      87.78       |      10.72      
    7855     |      51.26       |      46.09      
    7856     |      66.80       |      30.92      
    7857     |      78.52       |      22.68      
    7858     |      75.44       |      24.44      
    7859     |      80.90       |      22.67      
    7860     |      80.24       |      30.46      
    7861     |      80.86       |      20.72      
    7867     |      87.06       |      14.81      
    7872     |      85.95       |      27.43      
    7899     |      82.66       |      23.22      
    7900     |      53.70       |      42.10      
    7901     |      56.33       |      37.25      
    7902     |      44.59       |      49.18      
    7903     |      53.46       |      37.98      
    7904     |      71.33       |      20.05      
    7905     |      67.25       |      38.68      
    7906     |      85.11       |      24.75      
    7907     |      69.87       |      31.15      
    7908     |      61.33       |      45.15      
    7909     |      61.33       |      45.14      
    7910     |      69.38       |      25.34      
    7911     |      77.06       |      18.42      
    7912     |      72.52       |      24.56      
    7913     |      76.31       |      26.05      
    7914     |      76.49       |      26.01      
    7915     |      71.35       |      33.54      
    7916     |      79.73       |      30.68      
    7917     |      79.66       |      31.65      
    7918     |      81.01       |      29.96      
    7919     |      89.32       |      27.94      
    7920     |      85.29       |      14.58      
    7921     |      89.07       |      13.45      
    7925     |      88.96       |      15.42      
    7926     |      88.98       |      15.38      
    7932     |      89.02       |      16.12      
    7965     |      82.60       |      23.03      
    7966     |      61.46       |      40.82      
    7967     |      60.06       |      42.23      
    7968     |      72.85       |      24.23      
    7969     |      64.61       |      30.69      
    7970     |      60.84       |      37.94      
    7971     |      74.24       |      28.02      
    7972     |      87.10       |      33.32      
    7973     |      83.11       |      42.34      
    7974     |      74.67       |      22.86      
    7975     |      71.26       |      25.44      
    7976     |      71.26       |      29.77      
    7977     |      75.34       |      25.81      
    7978     |      79.50       |      30.60      
    7979     |      79.50       |      33.92      
    7981     |      88.93       |      28.00      
    7982     |      87.95       |      11.81      
    7984     |      88.79       |      10.08      
    7987     |      86.02       |      24.31      
    7990     |      83.14       |      17.04      
    7991     |      83.27       |      16.64      
    8015     |      70.47       |      39.81      
    8016     |      66.34       |      43.60      
    8017     |      62.91       |      42.88      
    8018     |      77.77       |      33.40      
    8019     |      69.35       |      30.64      
    8020     |      70.63       |      29.49      
    8021     |      75.45       |      28.55      
    8022     |      78.09       |      25.19      
    8023     |      68.75       |      32.93      
    8024     |      78.95       |      30.91      
    8025     |      78.27       |      31.35      
    8026     |      89.27       |      26.40      
    8029     |      88.76       |      17.52      
    8033     |      84.84       |      27.53      
    8036     |      85.46       |      23.40      
    8041     |      86.75       |      18.43      
    8043     |      77.58       |      13.54      
    8084     |      72.69       |      44.58      
    8085     |      74.64       |      41.33      
    8086     |      59.15       |      44.70      
    8087     |      69.28       |      34.99      
    8088     |      81.85       |      29.62      
    8089     |      74.87       |      38.87      
    8090     |      69.02       |      52.40      
    8091     |      74.85       |      30.22      
    8092     |      72.51       |      36.45      
    8093     |      78.15       |      32.42      
    8094     |      78.06       |      32.43      
    8095     |      81.92       |      29.59      
    8096     |      69.05       |      33.32      
    8097     |      74.26       |      29.03      
    8098     |      69.26       |      43.19      
    8099     |      79.98       |      39.34      
    8100     |      87.97       |      29.97      
    8101     |      79.02       |      23.21      
    8102     |      78.49       |      24.17      
    8103     |      83.78       |      19.33      
    8104     |      82.65       |      22.43      
    8107     |      87.71       |      23.23      
    8112     |      77.62       |      12.03      
    8114     |      88.81       |      27.31      
    8136     |      73.29       |      37.20      
    8137     |      68.98       |      33.62      
    8138     |      71.69       |      33.46      
    8139     |      59.98       |      41.30      
    8140     |      65.80       |      30.43      
    8141     |      73.55       |      28.80      
    8142     |      70.14       |      31.07      
    8143     |      69.96       |      31.58      
    8144     |      78.56       |      22.15      
    8145     |      72.06       |      25.29      
    8146     |      71.12       |      32.74      
    8147     |      73.50       |      38.39      
    8148     |      63.63       |      40.56      
    8149     |      65.33       |      40.72      
    8150     |      88.76       |      18.49      
    8151     |      86.50       |      25.05      
    8152     |      81.43       |      31.23      
    8153     |      81.77       |      31.04      
    8154     |      87.05       |      32.52      
    8155     |      85.32       |      30.23      
    8160     |      86.09       |      32.20      
    8163     |      89.27       |      18.33      
    8192     |      51.62       |      48.81      
    8193     |      61.26       |      33.30      
    8194     |      64.73       |      26.39      
    8195     |      69.28       |      32.51      
    8196     |      81.33       |      25.80      
    8197     |      82.49       |      25.93      
    8198     |      71.36       |      32.98      
    8199     |      67.70       |      33.52      
    8200     |      86.10       |      21.46      
    8201     |      80.56       |      36.53      
    8202     |      87.27       |      31.80      
    8203     |      89.29       |      23.43      
    8208     |      89.09       |      33.56      
    8209     |      88.53       |      29.19      
    8216     |      89.98       |      15.66      
    8217     |      81.13       |      17.56      
    8254     |      81.91       |      24.72      
    8255     |      79.81       |      25.69      
    8256     |      69.73       |      22.07      
    8257     |      57.06       |      36.11      
    8258     |      65.24       |      26.93      
    8259     |      64.58       |      27.30      
    8260     |      76.26       |      19.71      
    8261     |      72.86       |      38.09      
    8262     |      67.27       |      34.82      
    8263     |      73.97       |      30.08      
    8264     |      61.00       |      35.77      
    8265     |      77.02       |      21.98      
    8266     |      63.96       |      39.47      
    8267     |      74.71       |      34.25      
    8268     |      87.37       |      17.92      
    8269     |      78.11       |      18.58      
    8270     |      81.59       |      12.71      
    8272     |      88.44       |      33.81      
    8274     |      86.19       |      31.31      
    8275     |      88.92       |      31.70      
    8279     |      76.29       |      17.50      
    8280     |      84.97       |       5.93      
    8308     |      64.67       |      30.39      
    8309     |      79.46       |      21.21      
    8310     |      75.30       |      31.16      
    8311     |      80.83       |      28.87      
    8312     |      73.94       |      27.51      
    8313     |      65.26       |      36.78      
    8314     |      69.95       |      27.14      
    8315     |      65.85       |      28.75      
    8316     |      63.89       |      35.46      
    8317     |      58.99       |      39.93      
    8318     |      78.73       |      31.98      
    8319     |      84.35       |      29.33      
    8320     |      89.49       |      21.99      
    8321     |      70.75       |      29.62      
    8322     |      77.84       |      17.27      
    8323     |      64.50       |      30.39      
    8324     |      70.60       |      27.16      
    8325     |      75.24       |      20.45      
    8326     |      55.03       |      40.38      
    8327     |      75.22       |      25.46      
    8328     |      83.59       |      18.16      
    8329     |      88.42       |      19.97      
    8330     |      81.78       |       9.15      
    8331     |      86.37       |      28.07      
    8334     |      78.80       |      25.35      
    8341     |      87.63       |       2.17      
   33591     |      89.89       |      38.66      
   33638     |      87.12       |       6.25      
   33652     |      89.96       |       2.61      
   33653     |      89.83       |      21.34      
   33654     |      86.59       |      28.27      
   33693     |      87.86       |      22.98      
   33694     |      89.86       |       3.39      
   33752     |      87.80       |       1.35      
   33753     |      82.70       |       7.26      
   33754     |      86.62       |       3.07      
   33806     |      83.34       |      13.76      
   33807     |      79.92       |      12.72      
   33808     |      85.20       |       4.97      
   33809     |      74.79       |      14.63      
   33810     |      78.18       |      15.27      
   33811     |      87.67       |       8.58      
   33849     |      87.28       |       4.57      
   33857     |      85.34       |       5.11      
   33858     |      82.04       |      13.68      
   33859     |      76.33       |      13.45      
   33901     |      87.90       |       9.01      
   33902     |      88.79       |       9.74      
   33903     |      89.73       |       0.81      
   33905     |      87.02       |       3.46      
   33964     |      88.13       |      11.03      
   33966     |      88.98       |       8.21      
   33967     |      89.66       |       6.28      
   33970     |      89.81       |       1.82      
   34009     |      88.70       |       1.53      
   34116     |      87.93       |      15.65      
   34170     |      89.19       |      13.62      
   34214     |      88.88       |      10.02      
   34218     |      81.92       |      10.33      
   34219     |      81.51       |      11.53      
   34282     |      89.40       |      13.21      
   34283     |      86.84       |      12.66      
   34288     |      81.39       |      11.44      
   34289     |      79.80       |      17.14      
   34290     |      85.84       |      11.69      
   34341     |      77.54       |      14.78      
   34398     |      86.31       |      12.82      
   34399     |      86.89       |      13.15      
   34400     |      87.85       |       3.60      
   34410     |      85.30       |      12.12      
   34413     |      85.79       |      15.60      
   34457     |      84.72       |      19.92      
   34459     |      86.78       |       9.10      
   34466     |      88.80       |       8.68      
   34467     |      87.35       |       3.14      
   34468     |      87.47       |       5.37      
   34469     |      88.48       |       2.91      
   34470     |      88.48       |       2.78      
   34482     |      89.95       |      11.98      
   34521     |      82.24       |      18.89      
   34522     |      81.51       |       8.13      
   34523     |      77.25       |      16.16      
   34526     |      87.01       |       3.04      
   34527     |      83.97       |       8.72      
   34528     |      86.21       |       7.01      
   34532     |      76.85       |      12.91      
   34533     |      77.59       |      12.58      
   34534     |      79.65       |      13.69      
   34567     |      89.40       |      20.61      
   34575     |      81.96       |       8.01      
   34582     |      82.15       |       8.22      
   34583     |      81.50       |       8.74      
   34584     |      83.32       |       6.25      
   34585     |      87.75       |      11.56      
   34632     |      89.28       |      17.27      
   34637     |      85.58       |       4.95      
   34638     |      83.89       |      11.66      
   34639     |      83.59       |       9.18      
   34641     |      81.13       |       9.38      
   34644     |      84.59       |      12.44      
   34700     |      89.47       |       5.84      
   34703     |      79.73       |      10.87      
   34704     |      84.33       |       8.68      
   34705     |      85.34       |       6.67      
   34706     |      85.70       |       3.98      
   34707     |      84.61       |       5.52      
   34708     |      88.85       |       8.92      
   34709     |      79.78       |      20.69      
   34710     |      80.84       |      12.92      
   34748     |      85.45       |       8.88      
   34753     |      88.41       |       3.63      
   34754     |      88.27       |       2.72      
   34755     |      86.44       |       3.52      
   34756     |      87.45       |      17.14      
   34758     |      74.05       |      15.75      
   34759     |      85.59       |      22.51      
   34760     |      86.67       |      25.58      
   34761     |      82.71       |       9.66      
   34762     |      81.32       |       8.46      
   34763     |      86.19       |      26.64      
   34809     |      87.61       |       8.27      
   34812     |      82.81       |      10.04      
   34813     |      86.54       |       3.38      
   34814     |      87.29       |       2.89      
   34817     |      86.99       |       3.02      
   34818     |      87.27       |       2.54      
   34819     |      85.98       |       3.97      
   34820     |      86.17       |       4.20      
   34821     |      78.11       |      15.91      
   34822     |      76.04       |      13.74      
   34823     |      80.67       |      10.61      
   34824     |      88.05       |      23.05      
   34825     |      80.43       |      22.05      
   34826     |      79.67       |      11.21      
   34827     |      73.72       |      16.88      
   34828     |      74.36       |      16.55      
   34829     |      82.47       |      20.64      
   34830     |      87.64       |      10.18      
   34831     |      87.52       |      15.38      
   34834     |      80.58       |      10.61      
   34835     |      82.93       |      11.72      
   34866     |      88.67       |      14.81      
   34868     |      88.66       |       1.06      
   34869     |      86.97       |       6.69      
   34870     |      89.89       |       7.19      
   34872     |      87.85       |       6.40      
   34873     |      89.28       |       8.26      
   34879     |      84.84       |      23.79      
   34880     |      88.18       |       9.17      
   34881     |      84.44       |       7.34      
   34882     |      83.32       |       8.93      
   34883     |      82.78       |       7.90      
   34884     |      81.26       |       8.57      
   34889     |      86.19       |      17.84      
   34890     |      86.18       |       6.04      
   34891     |      87.50       |       4.34      
   34928     |      89.74       |      10.39      
   34933     |      81.01       |      10.66      
   34934     |      81.62       |       8.45      
   34939     |      82.62       |      18.09      
   34940     |      88.26       |       9.91      
   34941     |      78.56       |      11.19      
   34942     |      78.30       |      12.63      
   34943     |      74.71       |      15.10      
   34944     |      78.13       |      18.81      
   34945     |      82.49       |       9.17      
   34946     |      79.30       |      10.47      
   34947     |      79.58       |      10.20      
   34948     |      85.94       |      17.81      
   34949     |      85.66       |      25.61      
   34950     |      88.91       |      32.54      
   34951     |      89.70       |      19.80      
   35008     |      82.42       |       7.51      
   35009     |      84.76       |      11.70      
   35010     |      75.30       |      14.53      
   35011     |      88.11       |       4.18      
   35012     |      89.85       |       1.58      
   35013     |      89.32       |       0.93      
   35014     |      83.51       |       6.32      
   35015     |      82.86       |      12.78      
   35055     |      84.68       |      20.37      
   35068     |      86.10       |       4.92      
   35069     |      87.59       |       5.62      
   35073     |      84.74       |      12.05      
   35074     |      86.36       |       6.00      
   35075     |      87.35       |       9.99      
   35076     |      88.27       |       6.89      
   35077     |      85.98       |       3.98      
   35078     |      84.23       |       6.31      
   35079     |      89.97       |       0.53      
   35080     |      89.14       |       3.31      
   35081     |      84.77       |       7.15      
   35082     |      84.66       |      10.60      
   35083     |      87.39       |      25.11      
   35131     |      89.28       |      16.24      
   35133     |      86.79       |       4.28      
   35134     |      84.20       |       6.35      
   35135     |      84.27       |       7.58      
   35136     |      87.84       |       3.23      
   35137     |      85.34       |      10.84      
   35139     |      87.67       |      15.46      
   35168     |      89.13       |       0.73      
   35179     |      89.17       |       8.69      
   35180     |      88.76       |       5.74      
   35181     |      87.11       |       8.74      
   35236     |      89.85       |       7.32      
   35345     |      87.82       |      10.70      
   35346     |      89.69       |      19.69      
   35391     |      87.24       |       9.81      
   35392     |      82.40       |       9.34      
   35393     |      82.17       |       8.59      
   35394     |      85.88       |       6.20      
   35446     |      85.56       |       6.53      
   35447     |      84.36       |       6.13      
   35448     |      88.00       |       2.08      
   35449     |      89.76       |      10.00      
   35507     |      88.62       |       4.28      
   35508     |      77.68       |      12.40      
   35509     |      77.86       |      15.11      
   35568     |      89.13       |       6.75      
   35569     |      88.57       |       1.74      
   35570     |      80.73       |      10.57      
   35571     |      80.82       |       9.64      
   35572     |      81.00       |      16.42      
   35629     |      85.87       |       9.68      
   35630     |      86.84       |      15.24      
   35631     |      89.19       |      18.30      
   35684     |      78.79       |      19.84      
   35685     |      83.33       |      17.85      
   35688     |      85.86       |       6.43      
   35689     |      86.87       |       9.31      
   35690     |      86.79       |       4.46      
   35710     |      89.14       |      21.88      
   35711     |      89.30       |      22.28      
   35755     |      83.60       |      16.99      
   35757     |      86.19       |       6.43      
   35758     |      84.43       |       5.73      
   35759     |      88.49       |       4.00      
   35760     |      88.16       |       5.19      
   35773     |      89.08       |      16.80      
   35808     |      80.40       |      29.75      
   35809     |      70.34       |      28.34      
   35810     |      78.99       |      12.65      
   35811     |      82.97       |      17.44      
   35812     |      88.71       |       2.30      
   35813     |      86.90       |       3.39      
   35830     |      87.87       |      16.64      
   35878     |      76.46       |      14.12      
   35879     |      70.76       |      27.99      
   35880     |      83.48       |      15.75      
   35881     |      75.53       |      15.81      
   35882     |      74.98       |      17.01      
   35883     |      88.84       |       1.70      
   35900     |      89.62       |      25.93      
   35901     |      88.19       |      27.68      
   35902     |      89.04       |      24.53      
   35961     |      87.83       |       6.46      
   36003     |      82.18       |       8.92      
   36004     |      79.17       |      25.01      
   36005     |      81.96       |      14.23      
   36006     |      82.42       |       9.49      
   36007     |      80.26       |      10.81      
   36008     |      80.31       |      10.92      
   36018     |      88.93       |       7.50      
   36022     |      83.33       |       7.87      
   36023     |      83.35       |       8.04      
   36025     |      85.89       |       4.53      
   36068     |      68.28       |      26.92      
   36069     |      85.80       |      11.21      
   36070     |      78.95       |      24.78      
   36071     |      80.35       |      18.38      
   36072     |      84.30       |       6.39      
   36073     |      83.61       |      12.37      
   36082     |      84.99       |       5.37      
   36083     |      83.99       |       8.20      
   36135     |      80.38       |      14.79      
   36136     |      79.28       |      14.73      
   36137     |      81.89       |      12.87      
   36138     |      83.54       |       7.98      
   36139     |      86.46       |       9.75      
   36140     |      79.46       |      23.38      
   36141     |      74.85       |      17.63      
   36144     |      85.62       |       8.67      
   36145     |      85.38       |      12.31      
   36148     |      85.75       |      11.16      
   36149     |      86.51       |       3.91      
   36150     |      87.68       |       3.57      
   36151     |      86.52       |       7.48      
   36152     |      84.72       |       5.66      
   36153     |      88.80       |       7.47      
   36200     |      88.88       |       2.41      
   36201     |      82.01       |      14.48      
   36202     |      82.94       |      11.73      
   36203     |      84.77       |      17.51      
   36204     |      83.20       |      12.39      
   36205     |      84.06       |      12.91      
   36206     |      85.46       |       9.43      
   36207     |      88.85       |       8.61      
   36208     |      85.82       |      13.43      
   36209     |      85.59       |       9.43      
   36210     |      84.39       |      12.31      
   36212     |      86.75       |      12.94      
   36213     |      85.84       |       6.38      
   36219     |      84.09       |      13.05      
   36220     |      86.44       |       6.88      
   36221     |      86.01       |       5.06      
   36222     |      84.10       |       6.31      
   36223     |      84.09       |       6.58      
   36265     |      81.59       |       9.39      
   36266     |      88.86       |       7.55      
   36267     |      84.43       |      10.20      
   36271     |      84.70       |       5.84      
   36272     |      89.25       |      17.23      
   36273     |      89.75       |      10.63      
   36274     |      88.85       |       8.07      
   36275     |      82.46       |       9.65      
   36276     |      86.11       |       5.48      
   36277     |      84.60       |       5.80      
   36278     |      86.49       |       4.36      
   36279     |      87.72       |       6.79      
   36335     |      88.20       |      10.12      
   36336     |      87.03       |      17.48      
   36337     |      84.69       |      14.08      
   36339     |      89.02       |       9.41      
   36340     |      81.08       |      12.98      
   36342     |      86.98       |       3.45      
   36343     |      84.65       |       8.72      
   36344     |      86.32       |       4.89      
   36345     |      81.95       |       8.94      
   36346     |      81.33       |      15.37      
   36347     |      80.23       |      14.48      
   36348     |      83.39       |       7.65      
   36349     |      83.86       |       7.90      
   36350     |      85.70       |       5.27      
   36351     |      87.20       |       4.00      
   36352     |      87.74       |       6.98      
   36353     |      87.89       |       6.67      
   36354     |      81.38       |      11.68      
   36355     |      88.06       |      16.88      
   36407     |      85.72       |      14.20      
   36408     |      89.24       |      10.64      
   36409     |      86.25       |      17.37      
   36410     |      82.26       |      14.60      
   36411     |      87.84       |       4.86      
   36414     |      84.23       |       9.66      
   36415     |      83.85       |      10.72      
   36416     |      83.51       |       9.99      
   36417     |      83.91       |       6.54      
   36418     |      79.48       |      11.11      
   36419     |      79.60       |      11.52      
   36420     |      78.06       |      13.33      
   36421     |      81.16       |       9.50      
   36422     |      80.93       |      10.21      
   36423     |      89.63       |       4.06      
   36424     |      87.17       |      10.34      
   36430     |      88.24       |       5.32      
   36431     |      88.46       |       7.18      
   36474     |      89.74       |       9.95      
   36475     |      86.40       |       7.89      
   36476     |      86.85       |       8.59      
   36477     |      87.14       |       8.05      
   36478     |      87.12       |       7.72      
   36479     |      83.78       |       6.72      
   36480     |      86.10       |       6.98      
   36481     |      86.20       |       4.31      
   36482     |      89.54       |       2.59      
   36485     |      83.76       |      10.87      
   36487     |      88.12       |      11.16      
   36539     |      85.59       |      13.93      
   36540     |      88.74       |       3.67      
   36542     |      83.92       |       6.63      
   36543     |      80.10       |      15.30      
   36544     |      77.28       |      13.22      
   36549     |      82.13       |       9.56      
   36550     |      83.86       |      10.91      
   36551     |      89.18       |       1.44      
   36552     |      88.03       |       5.09      
   36553     |      80.34       |      14.41      
   36554     |      80.36       |      14.51      
   36603     |      82.68       |      13.04      
   36604     |      81.45       |       9.55      
   36605     |      88.53       |      13.67      
   36606     |      84.50       |      15.04      
   36607     |      84.29       |      14.89      
   36608     |      85.29       |       7.80      
   36609     |      88.97       |      13.82      
   36610     |      87.10       |       7.83      
   36611     |      86.69       |       6.17      
   36614     |      77.53       |      15.74      
   36615     |      82.04       |      17.71      
   36617     |      88.77       |       7.04      
   36618     |      88.13       |       5.08      
   36619     |      83.68       |      12.49      
   36620     |      84.08       |      14.80      
   36621     |      87.77       |       5.87      
   36665     |      74.05       |      18.14      
   36666     |      75.88       |      22.19      
   36667     |      86.81       |      14.81      
   36668     |      88.26       |      10.02      
   36669     |      87.98       |       9.17      
   36670     |      76.70       |      25.69      
   36671     |      88.86       |       2.96      
   36672     |      84.00       |      13.44      
   36674     |      89.17       |       8.20      
   36677     |      86.62       |       6.25      
   36679     |      81.77       |      19.56      
   36680     |      74.25       |      17.41      
   36681     |      82.12       |      10.12      
   36685     |      84.29       |       6.96      
   36686     |      82.83       |      10.43      
   36687     |      83.61       |      10.42      
   36688     |      82.82       |      12.03      
   36689     |      82.90       |      12.36      
   36728     |      64.83       |      29.86      
   36729     |      67.36       |      25.77      
   36730     |      82.86       |       8.26      
   36731     |      83.04       |      11.25      
   36732     |      69.40       |      28.00      
   36733     |      74.95       |      18.11      
   36734     |      88.34       |      14.32      
   36735     |      87.42       |       9.46      
   36737     |      84.18       |       7.75      
   36738     |      84.19       |       6.38      
   36739     |      88.48       |       2.10      
   36740     |      82.40       |      11.92      
   36741     |      80.37       |      10.92      
   36742     |      88.29       |       7.83      
   36743     |      85.96       |      21.99      
   36745     |      80.88       |      12.14      
   36746     |      82.95       |       8.78      
   36747     |      88.16       |      15.50      
   36748     |      79.87       |      13.67      
   36749     |      79.07       |      11.60      
   36750     |      81.30       |      18.31      
   36751     |      82.25       |      22.69      
   36752     |      76.07       |      19.94      
   36753     |      76.90       |      14.04      
   36805     |      60.59       |      30.89      
   36806     |      64.25       |      30.54      
   36807     |      81.14       |      20.16      
   36808     |      77.76       |      16.55      
   36809     |      86.29       |      20.27      
   36810     |      88.05       |      14.75      
   36811     |      77.21       |      14.57      
   36812     |      83.75       |      14.89      
   36813     |      79.85       |      11.20      
   36814     |      82.79       |       7.85      
   36815     |      81.69       |      11.49      
   36816     |      86.95       |       4.15      
   36817     |      79.88       |      11.52      
   36818     |      84.26       |      18.81      
   36819     |      79.11       |      25.33      
   36820     |      81.64       |       9.60      
   36821     |      84.30       |       6.46      
   36822     |      79.62       |      11.10      
   36863     |      60.85       |      35.73      
   36864     |      63.03       |      30.99      
   36865     |      58.83       |      36.63      
   36866     |      68.96       |      29.18      
   36867     |      74.50       |      37.64      
   36868     |      83.36       |      11.15      
   36869     |      74.52       |      23.26      
   36870     |      84.58       |      24.40      
   36871     |      84.50       |      22.61      
   36872     |      84.71       |      10.09      
   36873     |      80.28       |      10.62      
   36874     |      86.67       |      14.54      
   36875     |      75.72       |      15.45      
   36876     |      76.67       |      17.58      
   36877     |      83.65       |      11.13      
   36878     |      83.89       |       6.83      
   36879     |      85.70       |       5.16      
   36880     |      78.72       |      13.53      
   36881     |      78.57       |      12.85      
   36882     |      77.16       |      13.88      
   36883     |      84.82       |      10.58      
   36884     |      87.73       |      11.66      
   36885     |      87.80       |      11.62      
   36886     |      88.01       |      16.87      
   36887     |      86.63       |      19.98      
   36888     |      87.04       |      20.25      
   36889     |      78.02       |      13.44      
   36937     |      73.04       |      20.50      
   36938     |      65.37       |      34.40      
   36939     |      75.83       |      18.47      
   36940     |      81.36       |      18.24      
   36941     |      85.19       |       9.71      
   36942     |      89.78       |       8.91      
   36944     |      88.41       |       3.16      
   36947     |      76.32       |      14.77      
   36948     |      78.40       |      18.12      
   36949     |      81.25       |       9.82      
   36950     |      83.63       |      11.17      
   36951     |      81.20       |      10.33      
   36952     |      80.89       |      10.76      
   36953     |      79.47       |      12.58      
   36954     |      86.86       |       4.13      
   36955     |      84.12       |      25.18      
   36957     |      85.74       |      33.13      
   36958     |      84.97       |       7.05      
   36959     |      76.34       |      22.87      
   36960     |      80.28       |      16.02      
   36961     |      80.63       |      15.94      
   36962     |      89.85       |      13.77      
   36963     |      89.27       |       4.07      
   36964     |      88.37       |       3.33      
   36965     |      84.12       |       9.81      
   37007     |      53.85       |      36.93      
   37008     |      57.89       |      34.57      
   37009     |      57.54       |      36.16      
   37010     |      71.96       |      30.64      
   37011     |      76.81       |      34.78      
   37012     |      75.41       |      37.31      
   37013     |      69.57       |      32.93      
   37014     |      78.83       |      20.05      
   37015     |      84.97       |      15.66      
   37016     |      84.11       |      14.79      
   37017     |      85.17       |       9.77      
   37018     |      89.71       |      13.58      
   37019     |      75.99       |      18.93      
   37020     |      82.02       |      11.84      
   37021     |      81.39       |       9.35      
   37022     |      82.22       |       8.95      
   37023     |      82.78       |       9.95      
   37024     |      81.38       |      10.78      
   37025     |      86.18       |      11.29      
   37026     |      85.89       |       5.50      
   37027     |      85.49       |      19.70      
   37028     |      82.39       |       8.52      
   37029     |      77.90       |      14.13      
   37030     |      81.51       |      13.31      
   37031     |      81.52       |      15.81      
   37032     |      85.89       |      20.34      
   37033     |      88.06       |      15.76      
   37072     |      69.04       |      25.58      
   37073     |      67.63       |      37.13      
   37074     |      87.59       |      10.16      
   37075     |      87.60       |      23.22      
   37076     |      79.97       |      16.79      
   37077     |      79.02       |      13.84      
   37078     |      83.14       |      13.16      
   37079     |      83.13       |       7.67      
   37080     |      77.26       |      14.92      
   37081     |      80.94       |      10.33      
   37082     |      81.62       |      11.23      
   37083     |      78.56       |      17.03      
   37084     |      84.72       |      15.94      
   37085     |      79.90       |      11.68      
   37086     |      81.07       |      11.73      
   37087     |      72.98       |      18.91      
   37088     |      74.50       |      19.48      
   37089     |      73.30       |      36.51      
   37090     |      81.81       |      21.26      
   37094     |      85.30       |      19.77      
   37095     |      78.94       |      16.93      
   37096     |      77.72       |      15.35      
   37097     |      74.33       |      17.09      
   37098     |      80.63       |      19.45      
   37099     |      79.84       |      17.51      
   37137     |      74.94       |      19.41      
   37138     |      81.50       |      33.76      
   37139     |      75.90       |      29.04      
   37140     |      78.69       |      21.47      
   37141     |      80.85       |      21.13      
   37142     |      89.66       |      14.27      
   37145     |      75.94       |      17.35      
   37146     |      76.08       |      17.33      
   37147     |      76.82       |      21.42      
   37148     |      77.69       |      21.91      
   37150     |      89.43       |       4.88      
   37151     |      84.73       |       7.84      
   37152     |      82.85       |       8.70      
   37153     |      82.74       |       8.44      
   37154     |      84.33       |       7.19      
   37155     |      82.50       |      10.28      
   37156     |      77.38       |      15.89      
   37157     |      89.67       |      11.82      
   37161     |      85.46       |      14.23      
   37162     |      73.36       |      17.64      
   37163     |      73.83       |      17.67      
   37164     |      75.68       |      15.39      
   37165     |      80.06       |      16.47      
   37166     |      80.07       |      19.64      
   37194     |      71.58       |      21.77      
   37195     |      70.60       |      34.43      
   37196     |      80.67       |      35.74      
   37197     |      81.52       |      29.57      
   37198     |      83.59       |      19.85      
   37199     |      88.38       |      27.12      
   37200     |      76.08       |      22.63      
   37201     |      73.36       |      22.33      
   37202     |      77.99       |      12.88      
   37203     |      77.43       |      13.61      
   37204     |      82.15       |       8.74      
   37205     |      82.83       |       8.61      
   37206     |      82.23       |      13.83      
   37207     |      81.97       |       9.49      
   37208     |      88.58       |       5.80      
   37209     |      81.59       |      10.19      
   37210     |      83.72       |       8.00      
   37211     |      79.39       |      14.01      
   37212     |      76.58       |      23.58      
   37250     |      65.64       |      28.21      
   37251     |      82.52       |      29.04      
   37252     |      74.96       |      26.87      
   37253     |      77.30       |      22.37      
   37254     |      78.33       |      25.10      
   37255     |      87.42       |      27.25      
   37256     |      79.91       |      13.33      
   37257     |      77.43       |      15.09      
   37258     |      71.66       |      23.69      
   37259     |      74.42       |      17.40      
   37260     |      76.38       |      14.95      
   37261     |      78.14       |      13.69      
   37262     |      79.19       |      13.59      
   37263     |      80.53       |      21.04      
   37264     |      76.60       |      22.48      
   37265     |      71.10       |      21.27      
   37271     |      87.24       |      12.45      
   37272     |      77.42       |      16.22      
   37273     |      79.23       |      11.76      
   37274     |      83.29       |       9.81      
   37275     |      77.29       |      23.49      
   37321     |      82.88       |      23.11      
   37322     |      82.03       |      34.91      
   37323     |      75.65       |      32.49      
   37324     |      79.41       |      37.08      
   37325     |      68.14       |      30.58      
   37326     |      67.38       |      30.67      
   37327     |      68.37       |      36.27      
   37328     |      74.38       |      28.06      
   37329     |      75.15       |      35.74      
   37330     |      71.36       |      22.46      
   37331     |      66.78       |      24.50      
   37332     |      69.71       |      21.09      
   37333     |      83.62       |       8.18      
   37334     |      83.03       |       7.93      
   37335     |      81.46       |      10.77      
   37336     |      82.12       |      14.06      
   37337     |      76.81       |      14.94      
   37339     |      78.03       |      12.98      
   37341     |      71.57       |      26.63      
   37383     |      86.06       |      17.04      
   37384     |      85.68       |      19.38      
   37385     |      75.78       |      28.05      
   37386     |      76.85       |      29.06      
   37387     |      79.12       |      25.26      
   37388     |      66.22       |      35.60      
   37389     |      64.68       |      27.92      
   37390     |      73.66       |      23.76      
   37391     |      73.90       |      20.86      
   37392     |      77.07       |      21.71      
   37393     |      67.84       |      26.02      
   37394     |      70.86       |      26.98      
   37395     |      70.43       |      21.67      
   37396     |      81.20       |      17.53      
   37397     |      80.17       |      16.37      
   37398     |      77.51       |      16.07      
   37399     |      74.30       |      16.58      
   37400     |      82.88       |      13.04      
   37401     |      83.35       |      10.01      
   37402     |      81.87       |       9.89      
   37404     |      76.56       |      14.40      
   37405     |      82.43       |       9.66      
   37406     |      75.40       |      21.95      
   37408     |      75.88       |      17.24      
   37452     |      89.96       |      12.34      
   37453     |      82.74       |      17.36      
   37454     |      67.64       |      39.63      
   37455     |      75.47       |      27.35      
   37456     |      76.24       |      21.55      
   37457     |      70.15       |      26.00      
   37458     |      70.72       |      25.96      
   37459     |      75.39       |      17.29      
   37460     |      79.99       |      15.11      
   37461     |      80.26       |      17.33      
   37462     |      72.50       |      19.25      
   37463     |      70.37       |      20.57      
   37464     |      76.41       |      16.10      
   37465     |      76.47       |      17.36      
   37466     |      81.70       |      14.67      
   37467     |      84.55       |      10.11      
   37468     |      76.56       |      14.42      
   37522     |      83.33       |      17.17      
   37523     |      78.58       |      30.69      
   37524     |      70.56       |      33.35      
   37525     |      72.93       |      36.54      
   37526     |      72.34       |      30.11      
   37527     |      72.50       |      31.20      
   37528     |      70.65       |      25.02      
   37529     |      68.63       |      23.68      
   37530     |      70.65       |      21.13      
   37531     |      84.61       |      10.25      
   37532     |      81.82       |       9.64      
   37533     |      80.65       |      14.73      
   37534     |      65.37       |      25.70      
   37535     |      69.63       |      23.30      
   37536     |      71.99       |      22.92      
   37586     |      69.21       |      30.84      
   37587     |      74.20       |      22.52      
   37588     |      72.41       |      23.05      
   37589     |      68.92       |      31.35      
   37590     |      76.06       |      29.42      
   37591     |      77.52       |      28.68      
   37592     |      71.39       |      27.43      
   37593     |      73.44       |      21.85      
   37594     |      73.66       |      22.02      
   37595     |      72.41       |      24.95      
   37596     |      71.54       |      24.67      
   37597     |      72.44       |      19.36      
   37598     |      73.77       |      25.21      
   37599     |      69.17       |      22.83      
   37600     |      76.70       |      22.30      
   37601     |      76.54       |      21.65      
   37602     |      74.38       |      20.57      
   37603     |      70.14       |      22.14      
   37604     |      70.09       |      22.21      
   37605     |      71.68       |      23.44      
   37606     |      72.43       |      18.75      
   37607     |      71.46       |      19.57      
   37608     |      77.66       |      15.99      
   37609     |      77.47       |      15.29      
   37610     |      77.94       |      15.06      
   37660     |      59.56       |      40.17      
   37661     |      56.09       |      41.47      
   37662     |      56.19       |      41.45      
   37663     |      75.12       |      27.40      
   37664     |      76.04       |      34.99      
   37665     |      75.51       |      27.44      
   37666     |      77.75       |      27.17      
   37667     |      75.35       |      20.68      
   37668     |      80.56       |      14.52      
   37669     |      78.27       |      15.19      
   37727     |      66.52       |      32.57      
   37728     |      66.62       |      32.39      
   37729     |      65.01       |      29.59      
   37730     |      65.77       |      32.07      
   37731     |      74.38       |      21.62      
   37732     |      74.26       |      19.03      
   37733     |      73.43       |      19.35      
   37734     |      75.88       |      26.18      
   37735     |      85.53       |      21.75      
   37736     |      73.87       |      17.28      
   37737     |      82.41       |      20.66      
   37790     |      72.08       |      38.80      
   37791     |      75.26       |      27.39      
   37792     |      76.80       |      33.42      
   37793     |      69.65       |      33.21      
   37794     |      66.76       |      33.34      
   37795     |      63.86       |      31.67      
   37796     |      69.42       |      30.35      
   37797     |      69.43       |      29.59      
   37798     |      82.62       |      27.66      
   37860     |      68.20       |      34.79      
   37861     |      69.13       |      34.32      
   37862     |      71.13       |      28.36      
   37863     |      69.80       |      25.07      
   37864     |      72.65       |      26.58      
   37865     |      61.94       |      32.05      
   37866     |      85.77       |      25.83      
   37930     |      70.63       |      38.85      
   37931     |      69.38       |      37.07      
   37932     |      70.61       |      36.64      
   37933     |      69.97       |      33.56      
   37934     |      80.24       |      30.67      
   37935     |      71.90       |      26.41      
   37936     |      72.54       |      27.38      
   37937     |      67.51       |      27.97      
   37938     |      67.86       |      32.55      
   37939     |      79.30       |      17.68      
   37940     |      71.40       |      21.22      
   37941     |      68.05       |      29.80      
   37942     |      64.91       |      32.89      
   37943     |      75.52       |      26.16      
   38014     |      65.98       |      38.51      
   38015     |      72.97       |      34.18      
   38016     |      69.70       |      31.55      
   38017     |      75.91       |      33.09      
   38018     |      52.48       |      40.15      
   38019     |      65.58       |      36.53      
   38020     |      65.58       |      30.51      
   38076     |      62.72       |      40.05      
   38077     |      68.81       |      41.54      
   38078     |      75.19       |      39.26      
   38079     |      74.26       |      38.84      
   38080     |      67.40       |      43.38      
   38081     |      63.68       |      44.13      
   38082     |      69.20       |      26.60      
   38083     |      69.75       |      26.35      
   38084     |      50.45       |      44.57      
   38140     |      70.86       |      29.53      
   38141     |      79.42       |      30.41      
   38142     |      62.39       |      37.20      
   38143     |      62.28       |      44.90      
   38144     |      66.65       |      29.97      
   38145     |      64.90       |      30.33      
   38146     |      54.88       |      45.23      
   38215     |      74.74       |      38.43      
   38216     |      70.45       |      38.82      
   38217     |      68.40       |      35.40      
   38218     |      70.68       |      28.51      
   38219     |      73.09       |      27.62      
   38220     |      75.21       |      31.25      
   38221     |      72.26       |      37.29      
   38222     |      65.62       |      35.38      
   38223     |      64.82       |      30.53      
   38276     |      73.02       |      33.88      
   38352     |      81.18       |      28.36      
   38353     |      80.36       |      25.50      
   38354     |      85.95       |      32.52      
   38355     |      85.19       |      31.92      
   38356     |      79.58       |      21.80      
   38357     |      75.17       |      22.15      
   38358     |      74.23       |      31.94      
   38437     |      84.23       |      25.50      
   38438     |      66.91       |      35.02      
   38439     |      66.26       |      31.06      
   38440     |      73.82       |      26.65      
   38493     |      83.43       |      26.03      
   38561     |      78.19       |      34.67      
   38562     |      60.52       |      32.79      
   38563     |      65.27       |      37.01      
   38630     |      65.89       |      39.94      
