=== Visibility Analysis Summary ===
Total patches: 49152
Geometric visible: 2921 (5.9%)
Light illuminated: 1445 (49.5% of geometric)
Reflection conditions met: 2921 (100.0% of geometric)
Light unoccluded: 1445 (49.5% of geometric)
Final visible: 1445 (2.9% of total)
Visible area: 210.65 (2.7% of total area)

=== Detailed Visibility Information ===
Patch Index  | Incidence Angle  |  Viewing Angle  
-------------+------------------+-----------------
    5319     |      89.69       |      22.41      
    5517     |      88.32       |       6.26      
    5518     |      84.53       |       9.65      
    5586     |      89.81       |       6.68      
    5730     |      83.12       |      24.81      
    5737     |      86.67       |       2.94      
    5738     |      86.04       |       3.38      
    5864     |      88.02       |      10.33      
    5865     |      75.45       |      23.89      
    5866     |      76.15       |      28.86      
    5936     |      72.85       |      26.43      
    6202     |      89.51       |      17.20      
    6203     |      89.30       |      17.56      
    6206     |      85.75       |       8.00      
    6271     |      57.16       |      34.32      
    6272     |      66.63       |      23.94      
    6273     |      69.21       |      20.93      
    6338     |      78.50       |      21.06      
    6343     |      86.43       |      17.12      
    6400     |      67.81       |      31.11      
    6401     |      66.58       |      30.36      
    6402     |      78.34       |      38.94      
    6403     |      79.65       |      37.69      
    6408     |      85.42       |      21.14      
    6466     |      86.93       |      21.28      
    6467     |      78.17       |      31.56      
    6468     |      75.36       |      31.92      
    6469     |      75.69       |      39.06      
    6472     |      82.05       |      17.03      
    6473     |      85.69       |      11.38      
    6538     |      86.78       |      26.60      
    6539     |      87.20       |      26.35      
    6541     |      85.36       |      37.87      
    6542     |      84.11       |      42.44      
    6543     |      88.34       |      39.10      
    6544     |      78.39       |      40.91      
    6545     |      82.40       |      25.92      
    6546     |      77.22       |      31.01      
    6547     |      86.77       |      15.04      
    6550     |      85.81       |      17.76      
    6551     |      87.92       |      16.59      
    6552     |      84.19       |       7.18      
    6555     |      86.87       |      16.90      
    6618     |      89.05       |      11.02      
    6622     |      87.34       |      16.50      
    6623     |      86.77       |      16.68      
    6659     |      83.33       |      28.49      
    6660     |      78.03       |      28.67      
    6661     |      78.05       |      34.66      
    6662     |      85.11       |      25.40      
    6663     |      79.73       |      36.01      
    6664     |      87.41       |      36.69      
    6665     |      76.14       |      31.34      
    6668     |      89.98       |       7.00      
    6670     |      84.71       |      10.16      
    6671     |      84.72       |       6.91      
    6716     |      77.22       |      36.40      
    6719     |      79.41       |      33.99      
    6720     |      82.33       |      29.41      
    6721     |      79.42       |      16.87      
    6722     |      70.60       |      26.01      
    6723     |      68.30       |      30.83      
    6724     |      70.65       |      28.44      
    6725     |      70.99       |      27.21      
    6726     |      88.74       |      20.38      
    6783     |      79.46       |      44.69      
    6784     |      88.31       |      36.35      
    6785     |      76.18       |      38.19      
    6786     |      83.83       |      33.56      
    6787     |      85.48       |      19.17      
    6789     |      87.13       |      15.96      
    6790     |      81.66       |      28.47      
    6791     |      71.31       |      31.42      
    6792     |      76.50       |      25.70      
    6793     |      72.84       |      27.16      
    6794     |      85.96       |      13.50      
    6795     |      82.29       |      14.94      
    6796     |      85.59       |      10.48      
    6804     |      88.12       |      20.60      
    6855     |      78.80       |      25.20      
    6856     |      69.82       |      36.48      
    6857     |      84.87       |      18.09      
    6858     |      70.59       |      32.17      
    6859     |      84.18       |      24.96      
    6860     |      74.05       |      35.83      
    6861     |      79.08       |      27.98      
    6862     |      80.61       |      26.18      
    6867     |      87.21       |      23.90      
    6869     |      88.48       |       1.47      
    6916     |      74.28       |      35.64      
    6917     |      78.63       |      23.71      
    6918     |      76.39       |      26.11      
    6919     |      70.58       |      29.08      
    6920     |      69.23       |      30.63      
    6921     |      67.41       |      25.30      
    6922     |      72.84       |      19.44      
    6923     |      87.33       |      26.56      
    6924     |      80.12       |      25.54      
    6926     |      86.28       |      22.80      
    6927     |      85.80       |      23.17      
    6928     |      85.06       |      14.63      
    6976     |      84.71       |      17.87      
    6977     |      81.06       |      29.89      
    6978     |      77.10       |      22.67      
    6979     |      80.30       |      11.38      
    6980     |      63.89       |      28.11      
    6981     |      68.69       |      33.37      
    6982     |      77.66       |      25.34      
    6983     |      81.01       |      24.09      
    6984     |      81.81       |      22.79      
    6985     |      74.12       |      25.48      
    6987     |      84.12       |      22.44      
    7049     |      79.41       |      28.50      
    7050     |      86.12       |      20.87      
    7051     |      84.84       |      24.46      
    7053     |      88.05       |      31.48      
    7054     |      76.56       |      32.08      
    7055     |      81.69       |      28.48      
    7056     |      75.42       |      34.73      
    7057     |      79.52       |      28.79      
    7058     |      72.24       |      32.76      
    7059     |      78.94       |      18.58      
    7060     |      77.77       |      19.72      
    7061     |      71.56       |      24.15      
    7062     |      80.12       |      12.97      
    7063     |      79.67       |      16.78      
    7064     |      82.11       |      13.49      
    7111     |      85.36       |      25.49      
    7112     |      83.99       |      25.56      
    7113     |      87.46       |      18.60      
    7114     |      71.83       |      33.46      
    7115     |      86.59       |      21.28      
    7116     |      73.44       |      28.26      
    7117     |      88.53       |      17.39      
    7118     |      84.11       |      30.57      
    7119     |      78.09       |      25.48      
    7120     |      80.69       |      17.07      
    7121     |      83.15       |      14.29      
    7126     |      89.70       |       0.42      
    7163     |      67.69       |      37.63      
    7164     |      79.58       |      28.58      
    7165     |      83.28       |      21.08      
    7166     |      77.08       |      22.57      
    7167     |      75.20       |      27.57      
    7168     |      86.76       |      17.89      
    7169     |      67.19       |      32.85      
    7170     |      82.30       |      29.11      
    7171     |      78.28       |      24.22      
    7172     |      87.20       |      15.98      
    7173     |      78.53       |      17.10      
    7174     |      83.37       |      13.70      
    7177     |      87.74       |       2.32      
    7178     |      89.46       |       6.80      
    7222     |      54.22       |      45.97      
    7223     |      63.10       |      37.01      
    7224     |      71.92       |      32.08      
    7225     |      67.19       |      37.91      
    7226     |      75.44       |      22.75      
    7227     |      81.16       |      20.25      
    7228     |      83.52       |      26.29      
    7229     |      82.51       |      27.01      
    7230     |      70.93       |      23.63      
    7231     |      77.11       |      17.06      
    7232     |      74.95       |      30.77      
    7233     |      72.85       |      33.99      
    7234     |      83.27       |      27.15      
    7235     |      76.38       |      28.68      
    7236     |      80.16       |      24.25      
    7237     |      83.15       |      22.99      
    7238     |      84.20       |      19.41      
    7239     |      83.94       |       6.77      
    7240     |      83.65       |       6.75      
    7241     |      89.62       |       2.19      
    7277     |      61.20       |      44.58      
    7278     |      64.20       |      40.42      
    7279     |      69.71       |      28.40      
    7280     |      79.27       |      26.17      
    7281     |      81.57       |      25.82      
    7282     |      82.54       |      25.02      
    7283     |      68.22       |      33.24      
    7284     |      76.97       |      23.18      
    7285     |      77.11       |      24.72      
    7286     |      79.40       |      22.11      
    7287     |      77.12       |      22.18      
    7288     |      82.85       |      12.24      
    7289     |      83.70       |      11.88      
    7290     |      72.72       |      32.46      
    7291     |      83.57       |      23.57      
    7292     |      84.23       |      19.99      
    7293     |      87.59       |      15.80      
    7294     |      82.44       |       8.46      
    7295     |      85.73       |       6.50      
    7296     |      85.23       |       7.83      
    7329     |      61.06       |      34.80      
    7330     |      77.75       |      30.05      
    7331     |      80.75       |      27.45      
    7332     |      80.55       |      27.47      
    7333     |      88.96       |      15.61      
    7334     |      76.51       |      22.09      
    7335     |      73.56       |      28.30      
    7336     |      79.36       |      33.42      
    7337     |      79.08       |      28.41      
    7338     |      85.36       |      20.16      
    7339     |      69.68       |      28.94      
    7340     |      65.72       |      30.21      
    7341     |      71.26       |      21.58      
    7342     |      84.59       |       6.19      
    7343     |      72.71       |      23.42      
    7344     |      73.08       |      18.29      
    7345     |      85.73       |       7.86      
    7401     |      66.80       |      41.31      
    7402     |      61.72       |      48.94      
    7403     |      66.93       |      46.54      
    7404     |      69.77       |      43.81      
    7405     |      66.82       |      41.46      
    7406     |      67.32       |      36.70      
    7407     |      72.70       |      29.00      
    7408     |      62.31       |      30.95      
    7409     |      61.33       |      31.79      
    7410     |      77.24       |      17.13      
    7411     |      81.28       |      12.42      
    7412     |      77.15       |      30.39      
    7413     |      77.52       |      30.07      
    7414     |      75.87       |      25.67      
    7415     |      72.77       |      28.17      
    7416     |      85.66       |      32.73      
    7417     |      81.44       |      33.84      
    7418     |      83.87       |      19.34      
    7419     |      76.96       |      26.73      
    7420     |      79.94       |      25.47      
    7421     |      79.08       |      11.44      
    7422     |      72.00       |      19.23      
    7423     |      76.78       |      14.52      
    7424     |      69.71       |      26.12      
    7425     |      71.29       |      21.99      
    7426     |      85.24       |       5.89      
    7427     |      86.16       |      16.03      
    7428     |      83.40       |      17.10      
    7429     |      85.56       |       5.81      
    7430     |      89.05       |       4.93      
    7431     |      89.94       |      14.09      
    7435     |      88.78       |      19.04      
    7437     |      87.41       |      35.50      
    7466     |      69.79       |      43.24      
    7467     |      74.20       |      36.27      
    7468     |      64.82       |      31.90      
    7469     |      75.28       |      15.75      
    7470     |      74.74       |      16.26      
    7471     |      60.67       |      32.00      
    7472     |      63.08       |      35.40      
    7473     |      56.92       |      40.03      
    7474     |      54.61       |      42.51      
    7475     |      60.08       |      37.57      
    7476     |      69.22       |      22.84      
    7477     |      74.39       |      34.55      
    7478     |      82.65       |      31.06      
    7479     |      83.33       |      20.42      
    7480     |      84.12       |      19.38      
    7483     |      82.76       |       8.53      
    7484     |      74.44       |      27.99      
    7485     |      84.80       |      23.36      
    7486     |      79.68       |      29.27      
    7487     |      87.55       |      27.17      
    7493     |      88.70       |      13.16      
    7494     |      88.81       |      27.91      
    7534     |      66.61       |      47.97      
    7535     |      79.39       |      41.60      
    7536     |      79.30       |      41.69      
    7537     |      64.64       |      50.88      
    7538     |      70.38       |      42.83      
    7539     |      72.66       |      30.35      
    7540     |      77.64       |      23.40      
    7541     |      78.40       |      19.69      
    7542     |      61.27       |      40.03      
    7543     |      69.20       |      35.39      
    7544     |      54.30       |      41.28      
    7545     |      79.55       |      25.40      
    7546     |      79.35       |      25.92      
    7547     |      75.62       |      28.88      
    7548     |      77.62       |      26.22      
    7549     |      77.63       |      25.18      
    7550     |      69.45       |      33.77      
    7551     |      80.52       |      10.53      
    7552     |      57.51       |      33.76      
    7553     |      79.46       |      31.71      
    7554     |      86.88       |      27.07      
    7562     |      85.34       |      23.92      
    7563     |      86.00       |      22.20      
    7599     |      79.13       |      35.86      
    7600     |      63.85       |      51.06      
    7601     |      78.18       |      28.14      
    7602     |      76.35       |      30.26      
    7604     |      82.77       |      39.45      
    7605     |      72.09       |      39.34      
    7606     |      79.63       |      34.73      
    7607     |      77.11       |      26.49      
    7608     |      69.52       |      35.31      
    7609     |      77.78       |      21.30      
    7610     |      79.95       |      19.17      
    7613     |      77.01       |      21.56      
    7614     |      56.65       |      37.33      
    7615     |      69.43       |      21.04      
    7616     |      67.62       |      27.79      
    7618     |      78.53       |      31.55      
    7619     |      78.49       |      31.57      
    7620     |      79.85       |      21.83      
    7621     |      79.44       |      21.80      
    7623     |      89.64       |       3.89      
    7624     |      89.93       |       2.33      
    7625     |      80.80       |      18.05      
    7627     |      86.56       |      20.42      
    7662     |      67.05       |      33.54      
    7663     |      60.19       |      45.54      
    7664     |      65.72       |      39.44      
    7665     |      70.67       |      31.30      
    7666     |      73.04       |      42.95      
    7667     |      84.06       |      26.43      
    7668     |      76.68       |      30.96      
    7669     |      79.72       |      27.93      
    7670     |      79.22       |      27.98      
    7671     |      67.93       |      39.86      
    7672     |      83.12       |      29.21      
    7674     |      76.81       |      24.15      
    7675     |      74.09       |      25.34      
    7676     |      73.30       |      30.32      
    7677     |      62.89       |      34.89      
    7678     |      72.32       |      21.10      
    7679     |      72.85       |      17.71      
    7680     |      85.02       |       6.03      
    7681     |      81.48       |      34.63      
    7682     |      83.52       |      29.25      
    7683     |      84.66       |      29.61      
    7684     |      77.96       |      25.33      
    7685     |      76.18       |      18.02      
    7687     |      84.83       |      11.94      
    7688     |      85.71       |       9.72      
    7728     |      64.07       |      45.08      
    7729     |      65.13       |      43.96      
    7730     |      63.02       |      38.09      
    7731     |      61.38       |      40.76      
    7732     |      74.77       |      21.12      
    7733     |      67.38       |      33.56      
    7734     |      61.42       |      38.33      
    7735     |      61.08       |      34.23      
    7736     |      71.33       |      25.50      
    7737     |      79.46       |      12.16      
    7738     |      65.92       |      30.58      
    7739     |      67.85       |      40.67      
    7740     |      87.10       |      21.18      
    7741     |      88.72       |       8.94      
    7742     |      59.23       |      32.81      
    7743     |      58.58       |      33.12      
    7744     |      85.08       |      13.18      
    7745     |      78.17       |      35.84      
    7746     |      81.03       |      25.86      
    7747     |      80.33       |      26.62      
    7748     |      75.30       |      18.46      
    7749     |      77.52       |      14.41      
    7751     |      83.81       |      14.35      
    7753     |      85.01       |      18.48      
    7754     |      86.82       |       4.99      
    7755     |      82.65       |       7.57      
    7756     |      86.97       |      19.47      
    7759     |      89.91       |      32.69      
    7797     |      63.26       |      31.27      
    7798     |      65.60       |      31.93      
    7799     |      62.91       |      42.63      
    7800     |      62.82       |      42.72      
    7801     |      72.84       |      38.91      
    7802     |      76.75       |      30.49      
    7803     |      80.47       |      29.67      
    7804     |      77.25       |      33.47      
    7805     |      56.23       |      35.27      
    7806     |      64.23       |      26.53      
    7807     |      80.29       |      11.37      
    7808     |      51.84       |      39.18      
    7809     |      78.93       |      14.18      
    7810     |      74.11       |      19.80      
    7811     |      74.15       |      19.72      
    7812     |      70.26       |      22.29      
    7813     |      68.96       |      25.75      
    7814     |      75.24       |      33.50      
    7815     |      72.97       |      35.23      
    7816     |      75.07       |      27.46      
    7817     |      76.13       |      26.57      
    7818     |      85.73       |       8.97      
    7819     |      75.34       |      19.42      
    7820     |      84.38       |      13.98      
    7821     |      84.12       |      14.37      
    7822     |      80.52       |      31.74      
    7861     |      62.05       |      38.74      
    7862     |      75.69       |      32.44      
    7863     |      73.84       |      26.74      
    7864     |      74.11       |      23.67      
    7865     |      70.27       |      25.81      
    7866     |      72.49       |      22.69      
    7867     |      66.20       |      31.25      
    7868     |      78.67       |      14.51      
    7869     |      72.08       |      19.02      
    7870     |      84.00       |      22.98      
    7871     |      73.83       |      33.28      
    7872     |      70.46       |      37.90      
    7873     |      80.38       |      33.12      
    7874     |      81.69       |      30.59      
    7875     |      72.74       |      25.52      
    7876     |      81.73       |       9.23      
    7877     |      81.31       |      18.68      
    7878     |      85.20       |       5.15      
    7879     |      84.26       |       6.03      
    7880     |      80.73       |      19.07      
    7881     |      77.57       |      20.89      
    7882     |      73.58       |      25.77      
    7884     |      87.49       |      15.15      
    7919     |      73.72       |      35.98      
    7920     |      64.25       |      32.91      
    7921     |      67.62       |      29.18      
    7922     |      72.22       |      20.94      
    7923     |      67.14       |      25.34      
    7924     |      72.25       |      22.59      
    7925     |      68.28       |      29.79      
    7926     |      68.29       |      29.74      
    7927     |      78.61       |      12.57      
    7928     |      76.90       |      31.23      
    7929     |      85.35       |      29.56      
    7931     |      75.80       |      15.37      
    7932     |      68.67       |      29.63      
    7933     |      82.03       |      12.18      
    7934     |      82.91       |      11.50      
    7935     |      87.87       |       2.77      
    7936     |      82.70       |      16.20      
    7937     |      77.45       |      15.64      
    7938     |      78.78       |      14.05      
    7939     |      87.72       |      13.79      
    7981     |      73.40       |      36.34      
    7982     |      65.95       |      29.70      
    7983     |      69.33       |      28.92      
    7984     |      66.19       |      28.39      
    7985     |      83.05       |      13.95      
    7986     |      80.57       |      27.18      
    7987     |      69.12       |      36.19      
    7988     |      72.90       |      29.04      
    7989     |      73.47       |      28.49      
    7990     |      63.12       |      35.18      
    7991     |      63.08       |      34.93      
    7992     |      75.39       |      22.90      
    7993     |      77.33       |      14.52      
    7994     |      70.73       |      20.20      
    7995     |      79.10       |      11.39      
    7996     |      73.70       |      28.97      
    7997     |      86.35       |      16.11      
    7999     |      71.65       |      21.10      
    8027     |      80.52       |      22.89      
    8028     |      72.85       |      27.04      
    8029     |      68.88       |      30.96      
    8030     |      71.59       |      25.14      
    8031     |      78.43       |      19.77      
    8032     |      77.54       |      23.35      
    8033     |      69.40       |      38.97      
    8034     |      80.94       |      22.36      
    8035     |      74.67       |      26.61      
    8036     |      68.20       |      36.21      
    8037     |      78.70       |      25.70      
    8038     |      79.88       |      20.65      
    8039     |      72.69       |      29.14      
    8040     |      73.78       |      25.36      
    8041     |      67.40       |      32.73      
    8042     |      71.67       |      19.70      
    8043     |      50.63       |      39.96      
    8044     |      65.75       |      31.91      
    8045     |      86.52       |      15.94      
    8046     |      68.89       |      23.57      
    8047     |      81.99       |      32.69      
    8048     |      77.09       |      32.53      
    8049     |      89.06       |      13.83      
    8050     |      82.08       |      15.84      
    8052     |      87.81       |      16.44      
    8053     |      80.50       |      14.04      
    8054     |      79.02       |      16.56      
    8055     |      73.98       |      19.88      
    8056     |      74.40       |      26.06      
    8057     |      81.92       |      21.58      
    8058     |      84.99       |      15.80      
    8105     |      82.62       |      25.92      
    8106     |      79.97       |      27.67      
    8107     |      70.26       |      34.42      
    8108     |      76.62       |      24.01      
    8109     |      77.54       |      13.20      
    8110     |      74.38       |      16.28      
    8111     |      65.19       |      25.71      
    8112     |      52.37       |      38.91      
    8113     |      81.69       |      10.74      
    8114     |      73.11       |      35.64      
    8115     |      80.04       |      31.75      
    8116     |      81.90       |      28.78      
    8117     |      78.72       |      30.37      
    8118     |      78.07       |      20.71      
    8119     |      76.39       |      22.73      
    8120     |      88.34       |      12.52      
    8121     |      84.70       |      22.10      
    8122     |      81.70       |      27.39      
    8157     |      82.31       |      19.26      
    8158     |      76.81       |      26.36      
    8159     |      80.82       |      24.94      
    8160     |      72.74       |      40.94      
    8161     |      76.46       |      31.46      
    8162     |      76.09       |      18.47      
    8163     |      69.78       |      30.48      
    8164     |      79.07       |      12.87      
    8165     |      69.06       |      23.58      
    8166     |      75.85       |      22.90      
    8167     |      87.52       |       3.10      
    8168     |      87.23       |      10.78      
    8169     |      77.51       |      19.97      
    8170     |      78.75       |      16.32      
    8171     |      80.29       |      24.10      
    8206     |      77.99       |      27.49      
    8207     |      76.72       |      32.04      
    8208     |      76.13       |      39.77      
    8209     |      73.64       |      37.25      
    8210     |      78.47       |      22.90      
    8211     |      76.32       |      17.57      
    8212     |      70.20       |      23.80      
    8213     |      88.77       |       3.72      
    8214     |      79.87       |      10.83      
    8215     |      78.95       |      18.83      
    8216     |      69.41       |      28.73      
    8217     |      61.18       |      36.96      
    8218     |      74.18       |      16.58      
    8219     |      70.53       |      25.23      
    8220     |      73.13       |      20.41      
    8221     |      79.36       |      12.27      
    8222     |      81.33       |      32.22      
    8273     |      87.53       |      27.90      
    8274     |      72.44       |      40.34      
    8275     |      75.13       |      38.62      
    8276     |      77.42       |      34.05      
    8277     |      87.94       |      17.77      
    8278     |      68.13       |      27.28      
    8279     |      55.07       |      40.84      
    8280     |      58.48       |      32.30      
    8281     |      88.02       |       4.39      
    8282     |      74.57       |      22.21      
    8283     |      74.06       |      26.03      
    8284     |      73.74       |      16.80      
    8285     |      68.61       |      23.51      
    8286     |      78.81       |      13.23      
    8287     |      89.03       |       4.87      
    8288     |      86.70       |      11.21      
    8289     |      74.06       |      24.34      
    8291     |      84.93       |      17.52      
    8292     |      78.15       |      23.05      
    8334     |      62.17       |      42.20      
    8335     |      78.76       |      25.54      
    8336     |      85.48       |      16.90      
    8337     |      75.08       |      32.81      
    8338     |      86.92       |      14.81      
    8339     |      71.49       |      27.00      
    8340     |      75.89       |      15.97      
    8341     |      61.95       |      29.11      
    8342     |      75.67       |      24.90      
    8343     |      78.67       |      22.95      
    8344     |      77.05       |      26.92      
    8345     |      74.24       |      17.36      
    8346     |      69.44       |      25.95      
    8347     |      69.37       |      22.73      
    8348     |      70.59       |      21.43      
    8349     |      81.19       |      13.65      
    8350     |      71.68       |      26.69      
    8351     |      72.77       |      26.47      
    8352     |      88.96       |      15.41      
    8353     |      87.13       |       5.36      
    8354     |      83.49       |       8.13      
    8355     |      78.38       |      23.91      
    8356     |      81.53       |       8.79      
   13933     |      89.26       |      16.10      
   13934     |      89.50       |       4.32      
   14338     |      87.26       |      11.62      
   14466     |      89.43       |      12.98      
   14467     |      87.96       |       6.56      
   14468     |      86.41       |       3.29      
   14469     |      87.96       |       6.58      
   14590     |      89.31       |      12.82      
   14669     |      83.62       |       8.06      
   14670     |      78.27       |      12.14      
   14671     |      85.71       |      16.91      
   14672     |      85.40       |      22.66      
   14814     |      88.85       |      12.83      
   15096     |      87.43       |      11.03      
   15099     |      89.37       |       8.78      
   15164     |      87.77       |       9.87      
   15220     |      85.67       |      12.16      
   15221     |      86.84       |      15.85      
   15238     |      87.82       |      19.65      
   15280     |      88.89       |       1.89      
   15283     |      87.90       |       5.62      
   15284     |      87.77       |       5.47      
   15290     |      85.45       |       8.71      
   15301     |      87.81       |      15.60      
   15302     |      84.34       |      11.88      
   15303     |      84.58       |      10.90      
   15353     |      87.05       |      30.53      
   15354     |      83.66       |      18.90      
   15724     |      89.37       |      15.25      
   15786     |      85.28       |      10.43      
   15787     |      87.60       |      14.11      
   15836     |      86.57       |      14.25      
   15837     |      88.17       |      19.12      
   15852     |      86.63       |       7.96      
   15853     |      88.48       |       2.08      
   15893     |      82.86       |      21.39      
   15897     |      89.24       |       7.77      
   15907     |      88.75       |       3.16      
   15974     |      88.38       |      19.45      
   15980     |      88.29       |      17.75      
   15981     |      88.22       |      15.25      
   15986     |      90.00       |      17.79      
   15989     |      89.74       |      21.53      
   16026     |      85.73       |      22.25      
   16027     |      83.84       |      18.02      
   16029     |      88.82       |      20.20      
   16044     |      89.44       |      18.02      
   16049     |      81.50       |       8.48      
   16050     |      86.25       |      23.11      
   16051     |      87.04       |      21.26      
   16162     |      88.10       |       3.97      
   16166     |      74.16       |      17.25      
   16167     |      73.93       |      18.22      
   16168     |      76.74       |      19.96      
   16169     |      82.19       |       9.20      
   16170     |      82.42       |       7.57      
   16171     |      84.03       |      12.41      
   16172     |      78.30       |      11.83      
   16212     |      87.30       |      22.32      
   16219     |      86.86       |       3.77      
   16220     |      81.11       |      12.76      
   16221     |      87.86       |       6.10      
   16222     |      89.51       |       1.85      
   16223     |      83.80       |       8.65      
   16224     |      86.74       |       7.61      
   16225     |      82.17       |       9.30      
   16226     |      79.84       |      11.04      
   16227     |      85.56       |       9.12      
   16228     |      86.73       |      13.00      
   16232     |      88.60       |       3.34      
   16279     |      85.41       |       7.39      
   16280     |      85.06       |       7.34      
   16281     |      86.34       |       4.39      
   16283     |      84.48       |       6.92      
   16285     |      85.92       |       4.16      
   16286     |      84.35       |       9.85      
   16295     |      89.04       |       1.20      
   16296     |      83.07       |      10.31      
   16335     |      87.41       |      14.29      
   16336     |      87.25       |      15.27      
   16338     |      86.94       |       3.76      
   16341     |      86.43       |      14.33      
   16346     |      79.26       |      10.86      
   16347     |      84.99       |      11.49      
   16348     |      89.69       |       4.44      
   16389     |      87.68       |       5.33      
   16391     |      85.66       |      15.08      
   16392     |      84.14       |       6.45      
   16393     |      83.34       |       7.45      
   16394     |      88.91       |      15.29      
   16395     |      75.61       |      15.62      
   16396     |      86.82       |       7.71      
   16397     |      86.80       |       3.51      
   16398     |      80.90       |      11.04      
   16399     |      81.34       |      11.67      
   16434     |      88.49       |      22.57      
   16436     |      88.39       |      12.43      
   16439     |      87.42       |       4.05      
   16442     |      81.26       |       9.75      
   16443     |      78.17       |      15.87      
   16446     |      87.91       |       5.14      
   16447     |      79.10       |      12.50      
   16448     |      83.33       |      18.84      
   16449     |      85.76       |       4.53      
   16453     |      89.02       |       5.17      
   16454     |      85.39       |      16.67      
   16455     |      82.74       |      16.27      
   16456     |      83.49       |      10.91      
   16457     |      84.30       |      33.81      
   16458     |      78.94       |      17.02      
   16505     |      80.99       |       9.51      
   16506     |      81.04       |       9.38      
   16510     |      86.64       |       3.54      
   16512     |      78.90       |      12.53      
   16513     |      76.09       |      18.24      
   16514     |      76.08       |      14.14      
   16515     |      71.27       |      23.61      
   16516     |      68.76       |      22.85      
   16517     |      72.52       |      27.54      
   16518     |      72.65       |      31.32      
   16519     |      87.34       |      13.99      
   16559     |      83.87       |      10.21      
   16560     |      83.78       |      18.10      
   16561     |      81.47       |      15.81      
   16562     |      82.84       |       7.67      
   16563     |      86.49       |       5.65      
   16564     |      86.25       |       6.60      
   16566     |      74.09       |      18.43      
   16567     |      80.80       |      10.31      
   16568     |      81.12       |      13.01      
   16569     |      79.58       |      12.76      
   16570     |      81.68       |       9.72      
   16571     |      83.54       |       8.66      
   16573     |      86.88       |      19.69      
   16574     |      80.41       |      10.02      
   16575     |      81.34       |      18.38      
   16576     |      75.69       |      14.71      
   16577     |      79.10       |      11.72      
   16578     |      77.95       |      12.29      
   16579     |      62.05       |      28.14      
   16581     |      89.55       |      23.02      
   16623     |      81.56       |      22.18      
   16624     |      77.49       |      17.19      
   16625     |      78.70       |      13.91      
   16626     |      74.95       |      15.36      
   16627     |      69.70       |      25.10      
   16628     |      67.69       |      24.05      
   16630     |      85.28       |       4.93      
   16631     |      88.29       |       9.79      
   16632     |      89.32       |       8.72      
   16634     |      82.08       |       9.55      
   16635     |      89.72       |       9.17      
   16636     |      88.85       |       8.16      
   16639     |      88.54       |       1.72      
   16640     |      75.06       |      15.30      
   16641     |      72.31       |      19.51      
   16642     |      69.29       |      20.95      
   16643     |      78.80       |      15.22      
   16644     |      76.99       |      13.35      
   16645     |      83.34       |       7.90      
   16646     |      83.59       |      25.44      
   16647     |      88.78       |      13.43      
   16648     |      88.38       |      19.76      
   16683     |      85.13       |       5.29      
   16684     |      79.38       |      16.24      
   16685     |      84.84       |      13.50      
   16686     |      87.01       |       8.26      
   16687     |      85.86       |      18.02      
   16688     |      80.83       |       9.42      
   16693     |      87.43       |      10.18      
   16694     |      83.82       |       6.54      
   16695     |      83.47       |       7.39      
   16696     |      84.21       |       7.18      
   16697     |      86.43       |      10.11      
   16698     |      89.45       |       2.77      
   16699     |      82.19       |      13.64      
   16700     |      78.48       |      15.41      
   16728     |      78.84       |      16.22      
   16729     |      80.18       |      10.43      
   16730     |      87.04       |      20.48      
   16732     |      89.31       |       2.90      
   16733     |      88.57       |      17.08      
   16735     |      85.89       |       8.91      
   16736     |      83.73       |      11.36      
   16737     |      78.30       |      15.64      
   16738     |      78.75       |      12.60      
   16740     |      89.40       |       0.98      
   16743     |      88.62       |      16.45      
   16744     |      82.61       |      21.59      
   16745     |      79.48       |      13.55      
   16746     |      88.47       |       3.85      
   16747     |      88.47       |       3.61      
   16748     |      77.81       |      13.34      
   16749     |      76.00       |      19.21      
   16750     |      76.68       |      19.13      
   16751     |      76.22       |      16.53      
   16752     |      79.79       |      10.84      
   16753     |      85.00       |      20.22      
   16754     |      86.45       |       3.92      
   16797     |      76.94       |      15.43      
   16798     |      79.48       |      23.88      
   16799     |      76.20       |      18.95      
   16800     |      84.89       |       5.86      
   16801     |      86.87       |      17.14      
   16802     |      86.39       |      18.59      
   16803     |      76.92       |      13.37      
   16804     |      71.23       |      23.43      
   16805     |      84.94       |      11.88      
   16806     |      84.97       |      11.19      
   16809     |      82.38       |      13.09      
   16810     |      81.52       |      11.29      
   16811     |      76.57       |      18.89      
   16814     |      77.49       |      15.01      
   16815     |      69.26       |      26.58      
   16816     |      67.15       |      34.79      
   33578     |      87.95       |       8.09      
   33579     |      88.16       |       9.71      
   33580     |      71.52       |      23.52      
   33581     |      76.27       |      16.54      
   33582     |      81.07       |       9.58      
   33585     |      89.06       |       7.11      
   33586     |      80.74       |      14.00      
   33587     |      84.58       |      22.59      
   33588     |      78.27       |      21.95      
   33589     |      77.40       |      13.78      
   33590     |      60.27       |      43.98      
   33627     |      81.99       |      12.48      
   33628     |      81.15       |      20.24      
   33629     |      75.42       |      14.95      
   33630     |      76.75       |      14.35      
   33631     |      75.66       |      17.15      
   33632     |      69.38       |      20.96      
   33633     |      71.56       |      24.10      
   33634     |      71.79       |      23.30      
   33635     |      78.80       |      31.12      
   33636     |      82.86       |      14.20      
   33637     |      71.72       |      18.88      
   33638     |      63.50       |      28.82      
   33639     |      71.74       |      26.32      
   33641     |      79.79       |      15.85      
   33642     |      84.19       |       8.63      
   33643     |      82.20       |      11.77      
   33644     |      74.16       |      17.34      
   33645     |      73.36       |      17.04      
   33646     |      87.75       |       5.33      
   33647     |      78.74       |      21.96      
   33648     |      81.74       |       8.64      
   33649     |      80.65       |      15.21      
   33650     |      86.68       |       4.17      
   33651     |      88.07       |      24.04      
   33652     |      63.86       |      26.54      
   33653     |      60.29       |      35.59      
   33654     |      56.63       |      42.66      
   33686     |      78.73       |      17.64      
   33687     |      76.52       |      15.43      
   33688     |      81.28       |      16.28      
   33689     |      83.24       |      23.67      
   33690     |      84.74       |      19.21      
   33691     |      86.04       |       4.37      
   33693     |      70.64       |      33.57      
   33694     |      63.40       |      26.96      
   33695     |      71.84       |      25.63      
   33696     |      73.52       |      18.35      
   33697     |      79.74       |      10.67      
   33698     |      70.02       |      21.35      
   33699     |      74.87       |      20.15      
   33700     |      77.47       |      16.79      
   33701     |      80.23       |      20.18      
   33702     |      84.83       |       5.99      
   33703     |      70.66       |      19.83      
   33704     |      70.20       |      24.55      
   33705     |      64.85       |      26.09      
   33706     |      66.96       |      31.61      
   33742     |      82.22       |       8.27      
   33743     |      76.51       |      20.30      
   33744     |      78.63       |      16.16      
   33745     |      81.08       |       9.94      
   33746     |      76.43       |      28.56      
   33747     |      83.70       |      22.02      
   33748     |      82.88       |      12.51      
   33749     |      79.68       |      12.90      
   33750     |      79.71       |      15.64      
   33751     |      64.98       |      27.03      
   33752     |      62.35       |      28.35      
   33753     |      56.57       |      33.93      
   33754     |      61.80       |      29.33      
   33755     |      76.59       |      17.44      
   33756     |      73.74       |      20.53      
   33757     |      69.04       |      21.43      
   33758     |      69.15       |      30.51      
   33793     |      82.82       |       7.73      
   33794     |      83.75       |      14.29      
   33795     |      80.90       |      14.20      
   33796     |      80.71       |      10.21      
   33797     |      82.32       |      21.60      
   33798     |      75.35       |      27.92      
   33799     |      68.11       |      22.57      
   33800     |      86.64       |       8.37      
   33801     |      86.51       |       8.03      
   33802     |      75.32       |      17.93      
   33803     |      85.55       |      13.44      
   33804     |      70.62       |      26.08      
   33805     |      67.32       |      25.06      
   33806     |      55.05       |      36.27      
   33807     |      52.50       |      38.05      
   33808     |      59.07       |      31.44      
   33809     |      49.20       |      41.61      
   33810     |      56.98       |      38.31      
   33811     |      60.16       |      30.68      
   33812     |      65.72       |      27.50      
   33813     |      70.68       |      19.80      
   33814     |      76.96       |      14.31      
   33815     |      76.05       |      16.50      
   33816     |      81.08       |      19.29      
   33817     |      79.62       |      22.76      
   33848     |      81.24       |      16.82      
   33849     |      63.01       |      28.71      
   33850     |      69.27       |      21.56      
   33851     |      76.59       |      15.67      
   33852     |      80.85       |      15.77      
   33853     |      86.45       |       6.14      
   33854     |      81.28       |      18.86      
   33855     |      80.73       |       9.98      
   33856     |      66.59       |      25.61      
   33857     |      59.10       |      31.39      
   33858     |      53.95       |      37.14      
   33859     |      50.30       |      40.33      
   33860     |      64.90       |      25.60      
   33861     |      67.16       |      24.73      
   33889     |      76.77       |      15.26      
   33890     |      71.61       |      19.10      
   33891     |      71.04       |      22.04      
   33892     |      77.12       |      23.16      
   33893     |      77.93       |      16.28      
   33894     |      76.39       |      16.39      
   33895     |      80.26       |      21.09      
   33896     |      79.56       |      19.88      
   33897     |      82.95       |       7.80      
   33898     |      83.24       |      11.94      
   33899     |      88.73       |      16.70      
   33900     |      67.74       |      23.64      
   33901     |      60.25       |      30.70      
   33902     |      60.96       |      30.20      
   33903     |      64.46       |      26.42      
   33904     |      66.72       |      24.33      
   33905     |      60.95       |      29.61      
   33906     |      70.94       |      19.63      
   33907     |      70.79       |      19.74      
   33908     |      74.21       |      21.11      
   33909     |      80.06       |      18.82      
   33910     |      71.28       |      31.05      
   33911     |      68.81       |      29.36      
   33912     |      70.69       |      24.81      
   33951     |      76.53       |      21.81      
   33952     |      84.97       |      12.95      
   33953     |      82.81       |      11.15      
   33954     |      70.12       |      22.33      
   33955     |      72.06       |      19.06      
   33956     |      72.56       |      21.26      
   33957     |      72.90       |      21.43      
   33960     |      77.51       |      13.52      
   33961     |      77.21       |      13.53      
   33962     |      73.77       |      23.98      
   33963     |      74.38       |      23.47      
   33964     |      60.05       |      31.36      
   33965     |      69.97       |      20.55      
   33966     |      66.13       |      27.29      
   33967     |      66.12       |      26.39      
   33968     |      74.43       |      18.91      
   33969     |      73.40       |      17.77      
   33970     |      63.93       |      26.71      
   33971     |      65.93       |      32.22      
   33998     |      73.96       |      17.95      
   33999     |      72.89       |      21.25      
   34000     |      84.13       |      20.79      
   34001     |      84.16       |      12.05      
   34002     |      69.60       |      20.94      
   34003     |      68.31       |      22.80      
   34004     |      79.44       |      11.87      
   34005     |      85.72       |      20.54      
   34006     |      74.04       |      25.24      
   34007     |      67.57       |      25.76      
   34008     |      65.23       |      25.38      
   34009     |      62.88       |      27.78      
   34010     |      69.73       |      25.46      
   34011     |      70.90       |      23.07      
   34012     |      69.81       |      20.87      
   34013     |      78.17       |      13.21      
   34014     |      77.50       |      13.44      
   34015     |      71.04       |      24.64      
   34016     |      73.66       |      29.34      
   34052     |      87.39       |       5.38      
   34053     |      86.16       |      18.95      
   34054     |      82.34       |       8.14      
   34055     |      81.39       |      21.84      
   34056     |      81.64       |      22.81      
   34057     |      78.74       |      12.91      
   34058     |      77.55       |      12.96      
   34059     |      86.30       |      15.68      
   34060     |      85.56       |      19.71      
   34061     |      80.26       |      13.66      
   34062     |      85.12       |      10.14      
   34063     |      72.01       |      18.58      
   34064     |      73.98       |      17.10      
   34065     |      69.05       |      35.25      
   34066     |      71.10       |      20.03      
   34067     |      81.45       |      23.07      
   34068     |      83.45       |       7.53      
   34069     |      76.21       |      23.36      
   34070     |      71.35       |      20.41      
   34071     |      77.48       |      14.38      
   34072     |      84.11       |       6.98      
   34073     |      74.28       |      21.27      
   34074     |      71.04       |      20.23      
   34075     |      72.23       |      18.76      
   34076     |      67.54       |      26.26      
   34107     |      82.81       |      15.39      
   34108     |      85.88       |      14.36      
   34109     |      74.58       |      24.34      
   34110     |      72.35       |      23.12      
   34111     |      82.68       |       8.14      
   34112     |      81.53       |      13.37      
   34113     |      81.39       |      22.44      
   34114     |      73.20       |      19.96      
   34115     |      72.10       |      18.52      
   34116     |      59.06       |      33.88      
   34117     |      82.33       |       8.50      
   34118     |      80.39       |      14.43      
   34119     |      84.66       |      11.03      
   34120     |      83.85       |       9.67      
   34121     |      75.07       |      20.32      
   34122     |      69.76       |      21.31      
   34123     |      67.91       |      23.66      
   34163     |      86.06       |       6.68      
   34164     |      76.20       |      16.63      
   34165     |      84.14       |      10.45      
   34166     |      69.22       |      27.63      
   34167     |      68.33       |      27.06      
   34168     |      70.78       |      22.59      
   34169     |      66.07       |      25.64      
   34170     |      68.15       |      28.54      
   34171     |      80.15       |      10.68      
   34172     |      80.14       |      10.71      
   34173     |      78.18       |      12.93      
   34174     |      76.13       |      14.65      
   34175     |      62.85       |      31.01      
   34176     |      73.69       |      17.47      
   34177     |      71.49       |      21.87      
   34178     |      76.09       |      23.44      
   34179     |      88.28       |       2.66      
   34180     |      88.19       |       7.79      
   34181     |      85.07       |      12.08      
   34182     |      84.88       |      10.68      
   34183     |      72.45       |      25.51      
   34184     |      64.03       |      30.14      
   34185     |      66.67       |      42.92      
   34212     |      74.72       |      16.99      
   34213     |      82.09       |      16.70      
   34214     |      66.45       |      27.94      
   34215     |      79.39       |      11.64      
   34216     |      80.04       |      13.24      
   34217     |      75.10       |      16.28      
   34218     |      59.01       |      34.39      
   34219     |      59.09       |      34.94      
   34220     |      66.22       |      26.65      
   34221     |      65.92       |      26.70      
   34222     |      64.39       |      31.21      
   34223     |      76.42       |      14.71      
   34224     |      75.84       |      16.05      
   34225     |      87.92       |       4.47      
   34226     |      85.58       |       6.53      
   34227     |      72.23       |      18.78      
   34228     |      68.17       |      22.70      
   34229     |      71.23       |      26.49      
   34230     |      62.86       |      28.79      
   34231     |      63.01       |      28.33      
   34232     |      64.87       |      29.69      
   34273     |      70.54       |      25.14      
   34274     |      77.16       |      22.38      
   34275     |      80.74       |      25.78      
   34276     |      81.89       |      14.81      
   34277     |      76.01       |      21.22      
   34278     |      82.17       |       9.71      
   34279     |      79.45       |      11.22      
   34280     |      75.09       |      17.82      
   34281     |      73.34       |      17.65      
   34282     |      68.12       |      28.26      
   34283     |      65.44       |      30.51      
   34284     |      67.44       |      23.76      
   34285     |      67.80       |      23.34      
   34286     |      69.59       |      22.36      
   34287     |      72.75       |      18.01      
   34288     |      58.89       |      35.04      
   34289     |      59.75       |      37.75      
   34290     |      57.75       |      33.66      
   34291     |      77.60       |      18.74      
   34292     |      76.22       |      14.92      
   34293     |      82.23       |      11.61      
   34294     |      88.46       |       6.26      
   34295     |      84.79       |      17.60      
   34296     |      84.43       |      15.74      
   34297     |      87.19       |       8.02      
   34298     |      84.36       |       6.65      
   34299     |      76.04       |      14.72      
   34300     |      72.07       |      21.74      
   34301     |      77.55       |      21.31      
   34302     |      73.68       |      17.19      
   34303     |      71.72       |      18.99      
   34304     |      65.54       |      25.21      
   34305     |      69.42       |      32.00      
   34306     |      67.47       |      27.08      
   34307     |      72.95       |      20.66      
   34308     |      72.11       |      41.77      
   34309     |      69.77       |      45.38      
   34333     |      79.30       |      17.57      
   34334     |      68.31       |      25.79      
   34335     |      87.40       |      21.54      
   34336     |      88.67       |       4.94      
   34338     |      77.55       |      15.60      
   34339     |      75.71       |      21.04      
   34340     |      66.35       |      24.38      
   34341     |      55.57       |      38.96      
   34342     |      70.24       |      21.21      
   34343     |      72.92       |      19.87      
   34344     |      83.60       |       9.11      
   34345     |      85.30       |      10.02      
   34347     |      70.64       |      25.67      
   34348     |      64.49       |      26.25      
   34349     |      69.94       |      20.86      
   34350     |      69.85       |      21.56      
   34389     |      83.39       |       7.37      
   34390     |      77.62       |      20.30      
   34391     |      77.49       |      20.33      
   34392     |      71.55       |      19.51      
   34393     |      73.29       |      18.25      
   34394     |      70.19       |      21.13      
   34395     |      71.80       |      21.64      
   34396     |      70.02       |      26.70      
   34397     |      66.47       |      24.85      
   34398     |      65.04       |      31.04      
   34399     |      65.77       |      30.62      
   34400     |      63.35       |      28.38      
   34401     |      64.19       |      27.64      
   34402     |      66.25       |      26.11      
   34403     |      87.77       |       7.79      
   34404     |      89.98       |       1.98      
   34407     |      86.87       |       5.55      
   34408     |      82.75       |      13.32      
   34409     |      76.88       |      14.72      
   34410     |      57.26       |      34.26      
   34411     |      71.01       |      21.22      
   34412     |      71.25       |      20.32      
   34413     |      57.09       |      35.58      
   34414     |      54.61       |      45.94      
   34450     |      73.05       |      24.56      
   34451     |      74.65       |      21.32      
   34452     |      76.90       |      25.78      
   34453     |      76.07       |      28.14      
   34454     |      75.58       |      20.93      
   34455     |      79.14       |      13.83      
   34456     |      82.56       |      27.78      
   34457     |      55.32       |      38.76      
   34458     |      64.21       |      26.44      
   34459     |      64.03       |      29.85      
   34460     |      73.02       |      20.94      
   34461     |      71.77       |      23.23      
   34462     |      69.71       |      21.81      
   34463     |      69.58       |      23.88      
   34464     |      67.82       |      28.34      
   34465     |      67.18       |      26.29      
   34466     |      61.14       |      29.99      
   34467     |      62.59       |      28.94      
   34468     |      60.72       |      30.02      
   34469     |      63.84       |      27.78      
   34470     |      63.80       |      27.77      
   34471     |      67.53       |      24.99      
   34472     |      69.52       |      21.25      
   34473     |      66.61       |      24.24      
   34474     |      72.19       |      19.67      
   34475     |      77.32       |      13.51      
   34476     |      73.95       |      19.56      
   34477     |      71.99       |      19.81      
   34478     |      70.03       |      26.75      
   34479     |      65.18       |      27.33      
   34480     |      68.74       |      29.90      
   34481     |      64.89       |      30.85      
   34482     |      61.72       |      30.41      
   34483     |      66.51       |      24.36      
   34521     |      63.13       |      36.53      
   34522     |      55.88       |      35.11      
   34523     |      49.39       |      41.48      
   34524     |      75.79       |      19.71      
   34525     |      67.32       |      23.98      
   34526     |      62.03       |      29.36      
   34527     |      60.78       |      32.42      
   34528     |      59.17       |      31.61      
   34529     |      71.75       |      19.03      
   34530     |      69.47       |      25.23      
   34531     |      66.18       |      25.20      
   34532     |      52.77       |      39.44      
   34533     |      53.99       |      38.68      
   34534     |      52.11       |      38.87      
   34535     |      64.36       |      28.44      
   34536     |      61.54       |      35.32      
   34537     |      61.40       |      34.88      
   34538     |      62.41       |      31.41      
   34539     |      68.15       |      32.70      
   34540     |      66.79       |      37.32      
   34565     |      70.83       |      25.87      
   34566     |      71.44       |      26.48      
   34567     |      70.90       |      31.40      
   34568     |      68.96       |      26.52      
   34569     |      66.21       |      24.72      
   34570     |      68.35       |      22.35      
   34571     |      73.17       |      18.86      
   34572     |      71.88       |      22.38      
   34573     |      77.56       |      19.65      
   34574     |      75.01       |      15.72      
   34575     |      57.45       |      34.40      
   34576     |      67.04       |      25.16      
   34577     |      68.06       |      23.52      
   34578     |      65.20       |      25.99      
   34579     |      63.37       |      27.42      
   34580     |      65.58       |      26.06      
   34581     |      66.49       |      25.27      
   34582     |      58.12       |      34.13      
   34583     |      55.41       |      35.49      
   34584     |      58.21       |      33.16      
   34585     |      59.64       |      32.16      
   34586     |      64.99       |      32.72      
   34587     |      65.80       |      25.13      
   34588     |      64.64       |      26.45      
   34589     |      63.72       |      30.14      
   34590     |      64.09       |      41.03      
   34632     |      69.47       |      30.00      
   34633     |      71.85       |      23.10      
   34634     |      64.06       |      26.65      
   34635     |      76.41       |      16.62      
   34636     |      75.56       |      21.54      
   34637     |      61.08       |      30.78      
   34638     |      56.04       |      35.23      
   34639     |      56.48       |      34.40      
   34640     |      75.88       |      15.90      
   34641     |      54.87       |      36.01      
   34642     |      62.63       |      28.97      
   34643     |      61.87       |      33.51      
   34644     |      56.57       |      35.03      
   34645     |      66.20       |      24.84      
   34646     |      63.02       |      29.28      
   34647     |      66.22       |      32.18      
   34648     |      66.43       |      31.61      
   34649     |      59.11       |      40.24      
   34685     |      87.47       |       9.43      
   34686     |      88.10       |      11.23      
   34688     |      84.49       |       6.89      
   34689     |      67.86       |      22.96      
   34690     |      64.61       |      26.12      
   34691     |      72.00       |      21.23      
   34692     |      72.19       |      22.16      
   34693     |      76.71       |      16.02      
   34694     |      67.69       |      23.09      
   34695     |      67.65       |      23.14      
   34696     |      64.40       |      27.32      
   34697     |      67.65       |      25.64      
   34698     |      64.54       |      26.33      
   34699     |      64.92       |      25.87      
   34700     |      65.71       |      26.93      
   34701     |      67.85       |      29.87      
   34702     |      66.38       |      25.39      
   34703     |      53.40       |      37.51      
   34704     |      61.32       |      32.13      
   34705     |      61.68       |      31.00      
   34706     |      60.21       |      30.95      
   34707     |      58.74       |      32.29      
   34708     |      61.24       |      30.13      
   34709     |      50.66       |      42.46      
   34710     |      53.31       |      37.82      
   34711     |      60.26       |      39.30      
   34712     |      68.03       |      26.76      
   34743     |      77.74       |      18.70      
   34744     |      66.07       |      24.86      
   34745     |      64.23       |      26.47      
   34746     |      79.86       |      24.21      
   34747     |      82.14       |      18.29      
   34748     |      62.44       |      31.17      
   34749     |      72.24       |      21.64      
   34750     |      73.17       |      19.62      
   34751     |      64.41       |      27.34      
   34752     |      71.06       |      20.04      
   34753     |      63.93       |      27.98      
   34754     |      62.15       |      28.75      
   34755     |      60.66       |      30.36      
   34756     |      67.92       |      31.55      
   34757     |      62.32       |      32.32      
   34758     |      48.74       |      42.71      
   34759     |      55.98       |      39.82      
   34760     |      56.82       |      41.08      
   34761     |      55.79       |      35.20      
   34762     |      55.88       |      35.41      
   34763     |      56.30       |      42.11      
   34764     |      58.41       |      37.04      
   34765     |      71.30       |      20.43      
   34806     |      77.91       |      29.51      
   34807     |      69.28       |      21.94      
   34808     |      72.74       |      27.15      
   34809     |      64.53       |      29.08      
   34810     |      81.55       |       9.30      
   34811     |      81.09       |       9.86      
   34812     |      59.86       |      33.76      
   34813     |      60.72       |      30.27      
   34814     |      62.26       |      29.21      
   34815     |      69.80       |      23.59      
   34816     |      71.29       |      20.74      
   34817     |      61.16       |      29.84      
   34818     |      61.59       |      29.48      
   34819     |      60.23       |      30.84      
   34820     |      61.49       |      30.28      
   34821     |      56.99       |      38.89      
   34822     |      51.75       |      40.40      
   34823     |      57.41       |      35.77      
   34824     |      58.35       |      38.46      
   34825     |      51.04       |      42.87      
   34826     |      53.21       |      37.73      
   34827     |      50.97       |      42.67      
   34828     |      51.84       |      42.08      
   34829     |      53.17       |      40.78      
   34830     |      59.83       |      31.75      
   34831     |      58.77       |      34.31      
   34832     |      65.77       |      35.44      
   34833     |      68.09       |      31.85      
   34834     |      54.06       |      36.93      
   34835     |      55.34       |      35.91      
   34837     |      77.18       |      22.67      
   34862     |      74.23       |      27.91      
   34863     |      75.15       |      15.67      
   34864     |      74.65       |      23.66      
   34865     |      71.41       |      19.36      
   34866     |      67.98       |      29.69      
   34867     |      70.45       |      21.00      
   34868     |      63.04       |      28.03      
   34869     |      63.35       |      29.53      
   34870     |      66.48       |      26.74      
   34871     |      68.39       |      22.67      
   34872     |      60.76       |      30.19      
   34873     |      61.68       |      29.58      
   34874     |      65.21       |      25.95      
   34875     |      65.53       |      25.67      
   34876     |      69.52       |      22.02      
   34877     |      67.33       |      23.87      
   34878     |      64.68       |      28.06      
   34879     |      55.13       |      41.15      
   34880     |      60.52       |      30.89      
   34881     |      57.80       |      33.14      
   34882     |      60.16       |      33.15      
   34883     |      58.84       |      33.62      
   34884     |      56.64       |      35.23      
   34888     |      63.98       |      28.43      
   34927     |      72.93       |      28.53      
   34928     |      67.31       |      27.46      
   34929     |      68.63       |      24.90      
   34930     |      68.12       |      25.05      
   34931     |      69.99       |      21.21      
   34932     |      73.46       |      19.30      
   34933     |      54.11       |      36.76      
   34934     |      55.73       |      35.36      
   34935     |      64.66       |      26.58      
   34936     |      72.93       |      17.98      
   34937     |      68.20       |      23.05      
   34938     |      68.95       |      22.87      
   34939     |      53.65       |      39.29      
   34940     |      60.41       |      31.15      
   34941     |      53.50       |      38.09      
   34942     |      55.10       |      38.16      
   34943     |      50.31       |      41.83      
   34944     |      49.52       |      42.46      
   34945     |      59.17       |      33.97      
   34998     |      73.03       |      25.96      
   34999     |      71.86       |      24.90      
   35000     |      68.76       |      22.11      
   35001     |      77.18       |      21.24      
   35002     |      77.06       |      13.84      
   35003     |      75.04       |      18.67      
   35004     |      76.08       |      15.17      
   35005     |      70.34       |      21.81      
   35006     |      71.43       |      21.46      
   35007     |      64.01       |      27.05      
   35008     |      57.67       |      34.13      
   35009     |      56.82       |      34.69      
   35010     |      50.78       |      41.29      
   35012     |      64.85       |      26.69      
   35055     |      66.20       |      35.35      
   35056     |      70.87       |      20.24      
   35057     |      76.74       |      22.37      
   35058     |      73.94       |      17.48      
   35059     |      73.96       |      19.23      
   35060     |      73.08       |      17.84      
   35061     |      67.73       |      25.55      
   35062     |      69.10       |      24.99      
   35063     |      71.01       |      20.27      
   35064     |      70.39       |      20.79      
   35065     |      71.55       |      19.47      
   35066     |      65.89       |      25.05      
   35067     |      69.15       |      23.48      
   35068     |      61.67       |      30.41      
   35069     |      60.76       |      30.21      
   35070     |      67.81       |      23.17      
   35073     |      56.74       |      34.86      
   35075     |      59.57       |      31.95      
   35121     |      80.98       |      16.79      
   35122     |      72.73       |      18.70      
   35123     |      74.29       |      18.41      
   35124     |      66.98       |      24.18      
   35125     |      65.72       |      25.27      
   35126     |      67.23       |      25.10      
   35127     |      67.72       |      23.60      
   35128     |      68.57       |      23.93      
   35129     |      68.79       |      22.22      
   35130     |      67.10       |      23.89      
   35164     |      76.61       |      16.04      
   35165     |      74.55       |      27.17      
   35166     |      71.34       |      19.60      
   35167     |      63.90       |      27.08      
   35168     |      63.48       |      27.69      
   35169     |      70.75       |      21.41      
   35219     |      79.44       |      27.17      
   35220     |      64.08       |      26.90      
   35221     |      70.08       |      24.32      
   35222     |      67.50       |      23.45      
   35223     |      72.54       |      22.84      
   35224     |      72.14       |      21.48      
   35225     |      66.58       |      24.83      
   35226     |      71.04       |      20.06      
   35270     |      81.48       |      25.57      
   35271     |      69.84       |      27.33      
   35272     |      64.24       |      26.70      
   35273     |      74.16       |      20.49      
   35274     |      73.28       |      23.80      
   35275     |      70.17       |      22.73      
   35276     |      66.81       |      24.90      
   35277     |      78.48       |      14.98      
   35323     |      87.00       |      18.81      
   35324     |      88.71       |      11.53      
   35325     |      86.46       |       6.38      
   35326     |      86.37       |      17.05      
   35327     |      80.29       |      13.21      
   35328     |      83.01       |       7.97      
   35329     |      83.74       |       8.19      
   35330     |      75.23       |      17.64      
   35333     |      70.25       |      21.14      
   35384     |      80.16       |      10.91      
   35385     |      83.06       |       8.16      
   35386     |      78.68       |      15.41      
   35387     |      80.25       |      16.53      
   35388     |      76.70       |      14.61      
   35436     |      80.90       |      27.51      
   35437     |      81.86       |      21.47      
   35438     |      80.19       |      15.45      
   35439     |      85.15       |       6.36      
   35440     |      88.79       |       8.17      
   35441     |      74.13       |      18.96      
   35442     |      70.44       |      21.39      
   35443     |      68.50       |      27.35      
   35444     |      73.48       |      17.83      
   35501     |      85.70       |      17.76      
   35502     |      76.75       |      14.50      
   35563     |      71.56       |      27.75      
   35564     |      74.41       |      30.77      
   35565     |      76.72       |      19.37      
   35566     |      68.72       |      24.06      
   35625     |      73.25       |      24.89      
   35684     |      59.44       |      39.87      
