=== Visibility Analysis Summary ===
Total patches: 49152
Geometric visible: 2760 (5.6%)
Light illuminated: 1343 (48.7% of geometric)
Reflection conditions met: 2760 (100.0% of geometric)
Light unoccluded: 1343 (48.7% of geometric)
Final visible: 1343 (2.7% of total)
Visible area: 213.88 (2.7% of total area)

=== Detailed Visibility Information ===
Patch Index  | Incidence Angle  |  Viewing Angle  
-------------+------------------+-----------------
    6821     |      59.32       |      53.99      
    6944     |      62.70       |      51.03      
    6945     |      56.87       |      51.50      
    6946     |      59.47       |      48.18      
    6947     |      57.89       |      48.88      
    6948     |      65.78       |      36.24      
    6949     |      60.02       |      40.20      
    7007     |      65.99       |      34.08      
    7008     |      65.85       |      31.01      
    7009     |      58.27       |      37.47      
    7010     |      77.42       |      28.64      
    7012     |      69.29       |      35.96      
    7085     |      69.92       |      30.57      
    7086     |      63.25       |      31.88      
    7087     |      74.93       |      24.15      
    7088     |      73.12       |      25.99      
    7089     |      67.15       |      29.07      
    7090     |      69.03       |      30.54      
    7091     |      71.24       |      25.65      
    7092     |      79.62       |      25.75      
    7093     |      73.50       |      31.32      
    7096     |      80.08       |      34.38      
    7110     |      85.53       |      14.01      
    7133     |      70.69       |      29.92      
    7134     |      61.65       |      35.88      
    7135     |      58.85       |      40.05      
    7136     |      75.51       |      33.10      
    7137     |      59.88       |      34.17      
    7138     |      69.82       |      22.18      
    7139     |      71.67       |      34.97      
    7140     |      71.60       |      43.12      
    7141     |      76.73       |      43.03      
    7142     |      77.85       |      42.37      
    7143     |      68.78       |      45.43      
    7144     |      77.84       |      35.26      
    7148     |      85.87       |      18.04      
    7160     |      89.04       |      11.50      
    7161     |      84.44       |      18.00      
    7191     |      70.40       |      30.36      
    7192     |      70.30       |      30.36      
    7193     |      63.36       |      35.81      
    7194     |      70.02       |      30.34      
    7195     |      75.79       |      32.52      
    7196     |      76.25       |      32.20      
    7197     |      68.53       |      33.16      
    7198     |      77.13       |      29.30      
    7199     |      85.09       |      25.48      
    7200     |      77.35       |      33.33      
    7201     |      67.26       |      39.83      
    7202     |      66.17       |      42.49      
    7203     |      60.32       |      48.56      
    7204     |      77.04       |      43.56      
    7205     |      73.98       |      36.98      
    7206     |      70.22       |      37.81      
    7207     |      76.41       |      32.66      
    7208     |      89.54       |      14.40      
    7217     |      86.25       |      23.11      
    7220     |      85.54       |      20.55      
    7221     |      84.50       |      19.82      
    7222     |      86.83       |      15.27      
    7252     |      68.02       |      38.51      
    7253     |      62.46       |      40.26      
    7254     |      68.45       |      28.57      
    7255     |      61.31       |      32.42      
    7256     |      70.88       |      32.65      
    7257     |      73.19       |      25.77      
    7258     |      68.53       |      31.85      
    7259     |      58.37       |      37.67      
    7260     |      64.93       |      37.96      
    7261     |      76.06       |      38.94      
    7262     |      68.52       |      44.61      
    7263     |      78.72       |      39.20      
    7264     |      76.57       |      40.92      
    7265     |      71.80       |      41.05      
    7266     |      85.23       |      38.05      
    7267     |      79.66       |      22.28      
    7273     |      86.11       |      30.68      
    7276     |      86.11       |      26.01      
    7277     |      89.21       |      22.77      
    7301     |      69.50       |      31.22      
    7302     |      77.04       |      26.21      
    7303     |      59.95       |      35.75      
    7304     |      69.09       |      30.24      
    7305     |      76.55       |      33.48      
    7306     |      74.87       |      33.74      
    7307     |      65.80       |      31.45      
    7308     |      63.00       |      34.06      
    7309     |      77.53       |      27.62      
    7310     |      57.01       |      41.43      
    7311     |      61.19       |      36.86      
    7312     |      68.77       |      37.83      
    7313     |      82.59       |      17.54      
    7314     |      76.54       |      19.52      
    7315     |      88.92       |      27.10      
    7316     |      84.74       |      30.09      
    7318     |      88.00       |      25.53      
    7319     |      80.29       |      23.42      
    7321     |      87.61       |      31.58      
    7322     |      88.08       |      31.56      
    7323     |      88.60       |      31.96      
    7328     |      88.89       |      25.51      
    7361     |      65.79       |      31.68      
    7362     |      63.23       |      34.23      
    7363     |      62.07       |      38.60      
    7364     |      74.85       |      33.64      
    7365     |      74.84       |      33.63      
    7366     |      68.45       |      31.41      
    7367     |      62.05       |      35.70      
    7368     |      61.30       |      36.06      
    7369     |      58.98       |      39.27      
    7370     |      73.83       |      30.79      
    7371     |      76.22       |      28.10      
    7372     |      71.08       |      30.18      
    7373     |      54.81       |      46.08      
    7374     |      64.61       |      45.24      
    7375     |      73.33       |      38.66      
    7376     |      83.81       |      26.02      
    7377     |      75.67       |      30.97      
    7378     |      77.41       |      29.05      
    7379     |      64.72       |      38.96      
    7380     |      61.52       |      36.17      
    7381     |      78.93       |      29.80      
    7382     |      82.53       |      32.80      
    7383     |      76.79       |      24.08      
    7384     |      83.65       |      20.57      
    7387     |      70.99       |      25.05      
    7388     |      79.98       |      20.39      
    7389     |      85.73       |      26.91      
    7392     |      80.53       |      20.50      
    7393     |      89.96       |      25.20      
    7394     |      89.55       |      25.80      
    7395     |      87.79       |      25.10      
    7402     |      85.73       |      27.22      
    7403     |      89.35       |      30.74      
    7443     |      68.29       |      34.14      
    7444     |      64.42       |      37.55      
    7445     |      65.26       |      35.09      
    7446     |      75.38       |      44.99      
    7447     |      66.96       |      36.72      
    7448     |      54.62       |      45.46      
    7449     |      83.80       |      19.21      
    7450     |      76.96       |      26.78      
    7451     |      67.59       |      32.00      
    7452     |      75.75       |      36.37      
    7453     |      72.07       |      39.57      
    7454     |      78.55       |      30.58      
    7455     |      79.04       |      30.83      
    7457     |      77.60       |      27.48      
    7458     |      86.06       |      13.98      
    7459     |      82.91       |      13.94      
    7461     |      84.24       |      14.54      
    7462     |      75.70       |      15.73      
    7463     |      75.38       |      15.99      
    7464     |      83.74       |      13.56      
    7509     |      65.91       |      27.96      
    7510     |      66.28       |      28.25      
    7511     |      59.33       |      33.92      
    7512     |      66.43       |      30.83      
    7513     |      63.74       |      32.98      
    7514     |      76.11       |      42.85      
    7515     |      67.39       |      38.77      
    7516     |      54.81       |      45.75      
    7517     |      63.01       |      38.28      
    7518     |      76.44       |      24.51      
    7519     |      71.32       |      30.04      
    7520     |      63.97       |      34.32      
    7521     |      62.76       |      33.09      
    7522     |      63.97       |      43.29      
    7523     |      58.66       |      46.37      
    7524     |      71.89       |      43.59      
    7525     |      78.31       |      30.18      
    7526     |      88.85       |      28.48      
    7527     |      83.34       |      25.07      
    7528     |      81.67       |      22.94      
    7529     |      89.12       |      23.07      
    7530     |      88.18       |      25.77      
    7531     |      89.31       |      25.83      
    7534     |      88.15       |      31.42      
    7537     |      85.04       |      31.87      
    7572     |      69.30       |      22.10      
    7573     |      62.18       |      29.37      
    7574     |      59.84       |      31.66      
    7575     |      50.08       |      44.45      
    7576     |      64.89       |      36.50      
    7577     |      70.84       |      32.92      
    7578     |      62.82       |      42.23      
    7579     |      58.37       |      45.11      
    7580     |      52.45       |      52.13      
    7581     |      81.42       |      38.31      
    7582     |      71.48       |      26.30      
    7583     |      61.72       |      38.14      
    7584     |      62.02       |      37.99      
    7585     |      77.22       |      21.36      
    7586     |      71.35       |      30.14      
    7587     |      54.77       |      44.08      
    7588     |      77.55       |      25.85      
    7589     |      86.27       |      28.48      
    7590     |      65.48       |      33.40      
    7591     |      74.55       |      29.15      
    7592     |      75.37       |      35.76      
    7595     |      88.28       |      23.96      
    7596     |      87.40       |      24.09      
    7598     |      84.17       |      18.88      
    7600     |      84.64       |      31.22      
    7634     |      82.15       |      28.07      
    7635     |      78.28       |      34.20      
    7636     |      72.28       |      31.95      
    7637     |      66.93       |      43.15      
    7638     |      67.84       |      42.54      
    7639     |      84.13       |      16.23      
    7640     |      71.98       |      22.83      
    7641     |      77.86       |      12.85      
    7642     |      59.05       |      31.52      
    7643     |      59.42       |      31.28      
    7644     |      77.21       |      25.35      
    7645     |      76.34       |      32.21      
    7646     |      77.43       |      26.19      
    7647     |      66.90       |      30.39      
    7648     |      73.23       |      31.03      
    7649     |      85.43       |      20.63      
    7653     |      82.85       |      26.04      
    7654     |      88.29       |      21.42      
    7655     |      88.34       |      16.01      
    7658     |      84.36       |      22.84      
    7660     |      83.88       |      21.98      
    7661     |      89.83       |      11.83      
    7663     |      88.18       |      22.31      
    7699     |      73.44       |      21.65      
    7700     |      51.89       |      43.57      
    7701     |      51.42       |      43.93      
    7702     |      54.28       |      40.40      
    7703     |      54.99       |      44.80      
    7704     |      77.10       |      41.42      
    7705     |      75.46       |      43.40      
    7706     |      65.53       |      42.28      
    7707     |      63.56       |      43.54      
    7708     |      72.84       |      39.39      
    7710     |      80.24       |      15.20      
    7711     |      65.93       |      30.18      
    7712     |      59.46       |      32.55      
    7713     |      67.32       |      30.00      
    7714     |      73.79       |      27.89      
    7715     |      87.09       |      16.82      
    7716     |      75.09       |      18.14      
    7717     |      86.14       |       4.31      
    7722     |      80.34       |      17.36      
    7723     |      88.08       |      21.38      
    7725     |      85.72       |      23.57      
    7728     |      89.59       |      26.36      
    7768     |      70.13       |      31.47      
    7769     |      64.45       |      38.43      
    7770     |      52.76       |      45.41      
    7771     |      62.61       |      43.39      
    7772     |      58.83       |      47.47      
    7773     |      58.08       |      50.23      
    7774     |      76.19       |      36.60      
    7775     |      75.42       |      36.38      
    7776     |      65.43       |      35.82      
    7778     |      56.39       |      39.65      
    7779     |      59.16       |      36.54      
    7780     |      71.01       |      29.08      
    7782     |      79.51       |      12.81      
    7783     |      81.25       |      11.28      
    7786     |      86.67       |       3.56      
    7787     |      76.10       |      14.00      
    7788     |      81.01       |      14.89      
    7789     |      78.12       |      16.21      
    7790     |      87.50       |      23.75      
    7793     |      85.09       |      22.22      
    7795     |      86.95       |      21.90      
    7796     |      86.43       |      21.86      
    7832     |      62.76       |      42.36      
    7833     |      58.14       |      45.67      
    7834     |      51.00       |      47.16      
    7835     |      51.59       |      47.08      
    7836     |      48.67       |      50.30      
    7837     |      59.12       |      56.82      
    7838     |      68.96       |      45.31      
    7839     |      78.24       |      41.31      
    7840     |      78.15       |      30.61      
    7841     |      75.07       |      30.95      
    7842     |      72.75       |      34.09      
    7843     |      65.66       |      36.94      
    7844     |      71.32       |      28.92      
    7845     |      84.71       |      33.14      
    7846     |      67.73       |      35.64      
    7847     |      64.44       |      39.41      
    7848     |      79.36       |      12.54      
    7850     |      81.61       |       9.17      
    7852     |      77.39       |      20.66      
    7853     |      78.13       |      19.37      
    7855     |      64.11       |      30.32      
    7856     |      80.43       |      18.53      
    7858     |      88.96       |      17.46      
    7892     |      47.89       |      54.78      
    7893     |      46.99       |      55.44      
    7894     |      82.01       |      36.35      
    7895     |      81.35       |      36.65      
    7896     |      80.61       |      36.29      
    7897     |      73.99       |      39.44      
    7898     |      74.11       |      27.11      
    7900     |      67.64       |      26.00      
    7901     |      71.58       |      20.46      
    7902     |      59.44       |      31.86      
    7903     |      70.27       |      20.14      
    7904     |      88.18       |       3.31      
    7905     |      77.90       |      28.68      
    7907     |      82.53       |      21.13      
    7908     |      71.04       |      33.46      
    7909     |      71.03       |      33.45      
    7910     |      84.34       |      12.37      
    7912     |      86.75       |      14.66      
    7913     |      89.14       |      20.07      
    7914     |      89.30       |      20.19      
    7915     |      82.76       |      25.20      
    7951     |      68.23       |      43.28      
    7952     |      56.31       |      50.53      
    7953     |      51.51       |      54.54      
    7954     |      48.42       |      48.56      
    7955     |      48.39       |      48.59      
    7956     |      67.27       |      37.35      
    7957     |      70.72       |      32.16      
    7958     |      72.70       |      31.56      
    7959     |      81.37       |      44.74      
    7960     |      78.66       |      29.96      
    7961     |      74.79       |      30.82      
    7962     |      82.06       |      20.71      
    7963     |      73.84       |      22.41      
    7964     |      74.82       |      20.88      
    7966     |      72.95       |      28.15      
    7967     |      71.41       |      29.22      
    7968     |      87.19       |      14.21      
    7969     |      79.19       |      16.19      
    7970     |      73.69       |      24.11      
    7971     |      86.93       |      20.51      
    7973     |      89.86       |      40.52      
    7974     |      88.92       |      14.50      
    7975     |      85.55       |      14.56      
    7976     |      84.01       |      20.49      
    7977     |      88.45       |      18.97      
    7979     |      89.32       |      30.63      
    8004     |      68.94       |      38.71      
    8005     |      53.84       |      51.39      
    8006     |      53.75       |      51.39      
    8007     |      53.69       |      51.42      
    8008     |      52.72       |      46.19      
    8009     |      50.64       |      44.23      
    8010     |      66.91       |      28.28      
    8011     |      64.41       |      42.71      
    8012     |      71.51       |      40.36      
    8014     |      79.33       |      31.76      
    8015     |      80.03       |      31.61      
    8016     |      75.40       |      33.91      
    8017     |      73.11       |      31.44      
    8018     |      88.07       |      28.87      
    8019     |      82.30       |      20.11      
    8020     |      83.64       |      19.62      
    8021     |      87.65       |      22.22      
    8023     |      80.99       |      22.72      
    8024     |      89.78       |      27.23      
    8025     |      89.06       |      27.26      
    8068     |      55.00       |      45.91      
    8069     |      57.54       |      43.83      
    8070     |      56.24       |      43.65      
    8071     |      50.89       |      47.13      
    8072     |      53.64       |      47.15      
    8073     |      58.97       |      43.74      
    8074     |      62.55       |      36.32      
    8075     |      55.02       |      41.93      
    8076     |      74.61       |      23.10      
    8077     |      88.26       |      20.00      
    8078     |      77.00       |      37.86      
    8079     |      74.40       |      39.25      
    8080     |      86.04       |      41.95      
    8082     |      76.98       |      24.83      
    8083     |      70.29       |      34.28      
    8084     |      80.15       |      37.88      
    8085     |      82.87       |      35.38      
    8086     |      69.76       |      31.85      
    8087     |      80.77       |      25.36      
    8089     |      83.88       |      32.92      
    8090     |      74.29       |      44.63      
    8091     |      86.69       |      23.51      
    8092     |      82.75       |      29.06      
    8093     |      88.68       |      28.10      
    8094     |      88.61       |      28.08      
    8096     |      81.09       |      23.35      
    8097     |      86.55       |      21.86      
    8098     |      77.73       |      34.97      
    8099     |      88.01       |      36.21      
    8129     |      52.61       |      51.50      
    8130     |      69.64       |      25.99      
    8131     |      73.84       |      23.29      
    8132     |      80.09       |      26.76      
    8133     |      73.75       |      27.89      
    8135     |      66.62       |      28.04      
    8136     |      83.15       |      30.23      
    8137     |      81.02       |      23.49      
    8138     |      83.13       |      25.07      
    8139     |      71.70       |      28.02      
    8140     |      80.01       |      16.79      
    8141     |      86.13       |      20.86      
    8142     |      82.76       |      21.14      
    8143     |      82.44       |      21.66      
    8145     |      86.18       |      15.08      
    8146     |      82.86       |      24.00      
    8147     |      82.83       |      31.84      
    8148     |      74.40       |      29.13      
    8149     |      75.59       |      30.21      
    8181     |      54.15       |      51.94      
    8182     |      61.90       |      48.03      
    8183     |      56.34       |      51.33      
    8184     |      57.51       |      49.95      
    8185     |      60.30       |      40.19      
    8186     |      60.53       |      40.06      
    8187     |      56.88       |      43.21      
    8188     |      66.57       |      39.08      
    8189     |      77.05       |      17.50      
    8190     |      88.45       |       7.12      
    8191     |      77.08       |      24.92      
    8192     |      63.11       |      33.75      
    8193     |      76.07       |      17.63      
    8194     |      81.77       |       8.52      
    8195     |      81.58       |      22.42      
    8198     |      82.95       |      24.48      
    8199     |      80.01       |      22.74      
    8201     |      89.39       |      33.75      
    8234     |      62.65       |      51.17      
    8235     |      54.14       |      51.90      
    8236     |      53.66       |      52.47      
    8237     |      61.12       |      50.34      
    8238     |      60.87       |      50.51      
    8239     |      57.02       |      43.51      
    8240     |      65.26       |      34.51      
    8241     |      59.12       |      36.43      
    8242     |      65.37       |      30.86      
    8243     |      54.57       |      39.51      
    8244     |      81.74       |      21.29      
    8245     |      75.39       |      25.41      
    8246     |      80.82       |      17.98      
    8247     |      76.40       |      19.30      
    8248     |      80.51       |      16.26      
    8249     |      74.21       |      23.87      
    8250     |      75.81       |      23.09      
    8251     |      85.99       |      13.31      
    8252     |      82.72       |      33.01      
    8253     |      78.68       |      33.25      
    8256     |      86.23       |       5.68      
    8257     |      72.47       |      19.21      
    8258     |      81.39       |      10.21      
    8259     |      80.89       |      10.23      
    8261     |      82.43       |      31.09      
    8262     |      79.20       |      24.11      
    8263     |      85.94       |      22.92      
    8264     |      74.56       |      21.38      
    8266     |      75.03       |      27.99      
    8267     |      85.16       |      28.09      
    8298     |      64.69       |      45.13      
    8299     |      63.19       |      29.28      
    8300     |      79.88       |      25.64      
    8301     |      71.57       |      33.85      
    8302     |      73.76       |      34.60      
    8303     |      81.32       |      29.32      
    8304     |      80.17       |      28.57      
    8305     |      78.33       |      29.56      
    8306     |      73.96       |      38.28      
    8307     |      68.87       |      39.03      
    8308     |      79.41       |      15.61      
    8310     |      86.75       |      24.76      
    8312     |      86.85       |      19.55      
    8313     |      77.12       |      25.16      
    8314     |      84.05       |      15.55      
    8315     |      80.75       |      14.17      
    8316     |      76.66       |      22.63      
    8317     |      71.57       |      25.78      
    8318     |      89.28       |      28.00      
    8321     |      83.65       |      19.85      
    8323     |      79.11       |      15.82      
    8324     |      84.41       |      16.45      
    8326     |      68.95       |      24.42      
    8327     |      88.40       |      18.52      
   35809     |      83.63       |      18.17      
   35879     |      84.07       |      18.04      
   36068     |      82.78       |      14.15      
   36666     |      89.93       |      15.15      
   36670     |      89.43       |      19.99      
   36728     |      79.47       |      15.37      
   36729     |      82.81       |      10.89      
   36732     |      83.15       |      16.55      
   36805     |      76.91       |      13.42      
   36806     |      78.82       |      15.92      
   36863     |      74.47       |      21.22      
   36864     |      77.92       |      15.62      
   36865     |      72.85       |      21.25      
   36866     |      82.45       |      17.90      
   36867     |      83.83       |      31.57      
   36869     |      88.53       |      14.97      
   36937     |      88.55       |       8.99      
   36938     |      77.97       |      22.31      
   37007     |      70.89       |      18.96      
   37008     |      73.54       |      17.51      
   37009     |      72.44       |      19.73      
   37010     |      84.17       |      22.09      
   37011     |      86.71       |      29.82      
   37012     |      84.70       |      31.70      
   37013     |      81.54       |      23.21      
   37072     |      83.94       |      12.45      
   37073     |      78.61       |      27.12      
   37139     |      87.78       |      23.04      
   37194     |      87.13       |       8.91      
   37195     |      81.83       |      25.69      
   37196     |      89.72       |      32.94      
   37200     |      89.91       |      15.55      
   37201     |      88.02       |      12.07      
   37250     |      80.77       |      13.25      
   37252     |      87.74       |      19.77      
   37258     |      86.37       |      12.07      
   37265     |      87.09       |       6.43      
   37323     |      86.50       |      26.62      
   37324     |      88.20       |      33.55      
   37325     |      81.40       |      19.01      
   37326     |      80.83       |      18.52      
   37327     |      79.47       |      26.43      
   37328     |      86.89       |      20.69      
   37329     |      84.99       |      29.79      
   37330     |      86.69       |       9.58      
   37331     |      83.48       |       6.84      
   37332     |      87.19       |       3.39      
   37385     |      88.02       |      21.75      
   37386     |      88.57       |      23.64      
   37388     |      78.12       |      24.26      
   37389     |      80.43       |      11.51      
   37390     |      87.76       |      14.51      
   37391     |      88.97       |      10.44      
   37393     |      83.04       |      11.47      
   37394     |      84.60       |      16.17      
   37395     |      86.59       |       6.07      
   37454     |      77.72       |      30.01      
   37455     |      87.98       |      20.68      
   37457     |      84.50       |      14.05      
   37458     |      84.90       |      14.57      
   37462     |      88.91       |       3.99      
   37463     |      87.91       |       3.31      
   37472     |      85.29       |      17.59      
   37523     |      89.52       |      26.56      
   37524     |      82.19       |      24.28      
   37525     |      82.96       |      29.39      
   37526     |      84.65       |      21.56      
   37527     |      84.39       |      22.98      
   37528     |      85.23       |      13.03      
   37529     |      84.66       |       7.67      
   37530     |      87.04       |       4.82      
   37534     |      82.48       |       7.66      
   37535     |      85.33       |       8.22      
   37536     |      86.86       |      10.89      
   37586     |      82.11       |      20.20      
   37587     |      88.65       |      13.45      
   37588     |      87.21       |      12.09      
   37589     |      81.70       |      20.63      
   37590     |      87.85       |      23.48      
   37591     |      89.23       |      23.66      
   37592     |      84.87       |      17.29      
   37593     |      88.32       |      11.33      
   37594     |      88.42       |      11.86      
   37595     |      86.46       |      14.80      
   37596     |      85.96       |      13.41      
   37597     |      88.85       |       4.35      
   37598     |      87.34       |      16.46      
   37599     |      85.41       |       6.51      
   37602     |      89.40       |      10.40      
   37603     |      86.22       |       6.48      
   37604     |      86.18       |       6.51      
   37605     |      86.50       |      11.42      
   37606     |      89.38       |       1.31      
   37607     |      89.16       |       3.40      
   37611     |      81.24       |      10.39      
   37612     |      82.11       |      11.58      
   37613     |      85.54       |      13.43      
   37614     |      87.88       |       4.97      
   37615     |      89.29       |       5.82      
   37616     |      88.38       |      12.58      
   37660     |      71.82       |      26.39      
   37661     |      69.10       |      26.34      
   37662     |      69.16       |      26.35      
   37663     |      87.74       |      20.46      
   37664     |      86.02       |      29.48      
   37665     |      88.01       |      20.79      
   37666     |      89.91       |      22.20      
   37670     |      85.00       |       6.96      
   37671     |      85.63       |       6.29      
   37672     |      82.17       |       8.04      
   37673     |      87.15       |      13.60      
   37676     |      88.37       |      13.07      
   37727     |      79.54       |      20.39      
   37728     |      79.67       |      20.21      
   37729     |      79.82       |      14.65      
   37730     |      79.21       |      19.09      
   37731     |      89.06       |      12.05      
   37732     |      89.98       |       7.51      
   37733     |      89.36       |       6.46      
   37734     |      88.64       |      19.48      
   37738     |      87.72       |       6.00      
   37739     |      87.77       |       6.38      
   37742     |      86.37       |       3.86      
   37743     |      78.14       |      12.64      
   37744     |      77.38       |      12.93      
   37747     |      87.10       |       5.34      
   37790     |      81.53       |      31.41      
   37791     |      87.85       |      20.54      
   37792     |      87.16       |      28.25      
   37793     |      81.56       |      23.43      
   37794     |      79.42       |      21.61      
   37795     |      78.20       |      17.01      
   37796     |      82.39       |      19.50      
   37797     |      82.67       |      18.46      
   37800     |      87.08       |       6.17      
   37801     |      86.85       |       6.82      
   37802     |      86.23       |       4.05      
   37803     |      81.95       |      11.48      
   37804     |      86.45       |       9.65      
   37805     |      88.41       |       4.47      
   37806     |      89.42       |      12.57      
   37808     |      89.18       |       5.54      
   37809     |      88.71       |      12.49      
   37860     |      79.94       |      24.51      
   37861     |      80.78       |      24.46      
   37862     |      84.37       |      18.25      
   37863     |      84.70       |      11.99      
   37864     |      86.09       |      17.15      
   37865     |      76.97       |      16.00      
   37872     |      84.25       |      10.40      
   37873     |      71.90       |      26.28      
   37874     |      73.77       |      26.27      
   37875     |      80.35       |      13.53      
   37876     |      80.23       |      12.78      
   37877     |      82.95       |       7.35      
   37930     |      80.36       |      30.68      
   37931     |      80.01       |      27.92      
   37932     |      81.12       |      28.12      
   37933     |      81.69       |      24.06      
   37935     |      85.64       |      16.29      
   37936     |      85.77       |      18.18      
   37937     |      82.07       |      14.37      
   37938     |      80.49       |      21.29      
   37940     |      87.40       |       6.70      
   37941     |      81.67       |      17.58      
   37942     |      78.33       |      19.56      
   37943     |      88.39       |      19.08      
   37946     |      89.73       |       7.76      
   37949     |      86.79       |       6.56      
   37950     |      77.50       |      15.76      
   37951     |      69.38       |      21.67      
   37952     |      74.43       |      19.67      
   37953     |      71.08       |      28.11      
   37954     |      77.89       |      27.75      
   37955     |      77.29       |      16.27      
   37956     |      87.76       |       4.93      
   38014     |      76.95       |      27.75      
   38015     |      83.82       |      26.70      
   38016     |      82.20       |      21.29      
   38017     |      86.51       |      27.26      
   38018     |      68.19       |      22.63      
   38019     |      77.36       |      24.91      
   38020     |      79.77       |      16.53      
   38021     |      83.53       |      28.23      
   38022     |      82.35       |      26.30      
   38023     |      72.27       |      27.42      
   38024     |      72.56       |      21.73      
   38025     |      71.26       |      23.10      
   38026     |      78.74       |      21.42      
   38027     |      89.23       |      10.63      
   38028     |      86.64       |       3.80      
   38029     |      78.22       |      12.25      
   38030     |      72.85       |      20.82      
   38031     |      82.73       |       9.32      
   38032     |      86.75       |       9.55      
   38033     |      87.31       |       3.80      
   38076     |      74.03       |      27.86      
   38077     |      77.99       |      32.75      
   38078     |      83.95       |      33.50      
   38079     |      83.31       |      32.55      
   38080     |      76.21       |      34.10      
   38081     |      73.11       |      33.20      
   38082     |      83.72       |      13.85      
   38083     |      84.18       |      14.01      
   38084     |      64.58       |      27.81      
   38085     |      72.21       |      22.26      
   38086     |      71.72       |      27.45      
   38087     |      74.28       |      34.67      
   38088     |      80.77       |      35.24      
   38089     |      59.79       |      31.22      
   38090     |      66.03       |      25.27      
   38091     |      77.04       |      13.70      
   38092     |      76.24       |      14.85      
   38093     |      80.05       |      14.10      
   38094     |      81.94       |      11.48      
   38095     |      78.16       |      15.18      
   38096     |      83.25       |      12.82      
   38097     |      87.29       |      19.82      
   38098     |      81.17       |      18.16      
   38099     |      84.99       |       5.47      
   38100     |      89.42       |      11.67      
   38140     |      83.82       |      19.66      
   38142     |      74.96       |      23.95      
   38143     |      71.78       |      33.45      
   38144     |      80.72       |      16.65      
   38145     |      79.47       |      15.68      
   38146     |      66.64       |      30.52      
   38147     |      66.65       |      30.51      
   38148     |      73.25       |      23.29      
   38149     |      78.46       |      29.93      
   38150     |      81.68       |      16.31      
   38151     |      70.95       |      19.76      
   38152     |      69.25       |      21.66      
   38153     |      65.58       |      24.83      
   38154     |      63.52       |      27.50      
   38155     |      73.68       |      17.42      
   38156     |      73.69       |      18.28      
   38157     |      89.79       |       0.83      
   38158     |      89.63       |       1.29      
   38159     |      84.12       |      17.04      
   38160     |      80.89       |      15.69      
   38161     |      81.17       |      17.48      
   38162     |      85.76       |       6.12      
   38163     |      85.86       |       5.88      
   38164     |      81.85       |       8.76      
   38215     |      83.86       |      32.37      
   38216     |      80.26       |      30.49      
   38217     |      79.90       |      25.30      
   38218     |      84.04       |      18.08      
   38219     |      86.13       |      18.91      
   38220     |      86.59       |      24.78      
   38221     |      82.20       |      29.74      
   38222     |      77.88       |      23.47      
   38223     |      79.34       |      15.93      
   38224     |      71.51       |      19.04      
   38225     |      71.17       |      20.51      
   38226     |      67.15       |      24.51      
   38227     |      66.42       |      24.16      
   38228     |      83.46       |      19.23      
   38229     |      85.70       |      20.63      
   38230     |      75.16       |      21.38      
   38231     |      75.42       |      21.38      
   38232     |      81.54       |      11.39      
   38233     |      82.12       |       8.65      
   38234     |      82.13       |       8.39      
   38276     |      83.99       |      26.38      
   38277     |      72.76       |      21.48      
   38278     |      79.99       |      20.37      
   38279     |      78.43       |      22.97      
   38280     |      78.59       |      23.09      
   38281     |      78.18       |      18.64      
   38282     |      79.76       |      35.60      
   38283     |      73.32       |      33.34      
   38284     |      72.56       |      36.83      
   38285     |      66.51       |      28.50      
   38286     |      74.13       |      16.60      
   38287     |      81.80       |      14.59      
   38288     |      78.96       |      11.98      
   38289     |      69.01       |      21.50      
   38290     |      72.70       |      18.08      
   38291     |      73.99       |      21.06      
   38292     |      73.48       |      21.10      
   38293     |      77.32       |      13.28      
   38294     |      87.96       |      11.20      
   38295     |      77.81       |      22.87      
   38296     |      75.58       |      21.30      
   38297     |      77.67       |      17.13      
   38298     |      76.82       |      16.76      
   38299     |      70.57       |      25.05      
   38300     |      71.12       |      25.20      
   38301     |      72.49       |      18.07      
   38302     |      79.36       |      11.23      
   38303     |      78.45       |      14.68      
   38357     |      89.54       |      13.73      
   38358     |      85.59       |      24.89      
   38359     |      71.16       |      26.66      
   38360     |      70.39       |      25.40      
   38361     |      77.53       |      23.81      
   38362     |      81.64       |       8.73      
   38363     |      80.71       |       9.72      
   38364     |      81.56       |      19.94      
   38365     |      70.16       |      22.37      
   38366     |      72.74       |      18.47      
   38367     |      68.51       |      22.10      
   38368     |      80.76       |      13.24      
   38369     |      83.38       |      13.77      
   38370     |      73.93       |      22.62      
   38371     |      70.96       |      20.66      
   38372     |      74.72       |      15.95      
   38373     |      73.97       |      16.59      
   38374     |      77.70       |      12.86      
   38438     |      78.97       |      23.85      
   38439     |      80.05       |      17.98      
   38440     |      87.03       |      18.26      
   38441     |      78.01       |      21.02      
   38442     |      78.65       |      15.46      
   38443     |      74.65       |      25.80      
   38444     |      74.16       |      26.90      
   38445     |      79.93       |      20.70      
   38446     |      80.37       |      29.52      
   38447     |      88.93       |      32.30      
   38448     |      80.49       |      18.88      
   38449     |      81.11       |      12.50      
   38450     |      67.41       |      23.09      
   38451     |      64.69       |      27.92      
   38452     |      61.70       |      28.99      
   38453     |      75.38       |      15.17      
   38454     |      76.25       |      17.64      
   38455     |      73.98       |      17.82      
   38456     |      67.94       |      25.09      
   38457     |      65.77       |      27.76      
   38458     |      67.26       |      23.91      
   38459     |      71.37       |      19.29      
   38460     |      72.88       |      18.22      
   38494     |      89.24       |      14.75      
   38495     |      69.42       |      21.21      
   38496     |      65.79       |      28.93      
   38497     |      74.62       |      30.91      
   38498     |      73.62       |      25.07      
   38499     |      74.02       |      16.44      
   38500     |      83.00       |      19.98      
   38501     |      86.53       |      25.38      
   38502     |      71.76       |      37.85      
   38503     |      59.34       |      31.61      
   38504     |      75.95       |      16.68      
   38505     |      74.14       |      16.69      
   38506     |      75.56       |      15.72      
   38507     |      73.73       |      20.99      
   38508     |      76.21       |      22.41      
   38509     |      64.89       |      28.37      
   38510     |      68.44       |      24.08      
   38511     |      77.50       |      13.77      
   38561     |      88.01       |      30.29      
   38562     |      76.00       |      16.18      
   38563     |      77.05       |      25.37      
   38564     |      72.23       |      23.49      
   38565     |      72.45       |      29.60      
   38566     |      76.34       |      29.10      
   38567     |      82.50       |      11.86      
   38568     |      83.30       |       7.70      
   38569     |      80.80       |      11.73      
   38570     |      81.98       |      24.18      
   38571     |      83.17       |      25.16      
   38572     |      85.97       |      18.64      
   38573     |      87.77       |      10.80      
   38574     |      77.59       |      13.07      
   38575     |      64.53       |      38.83      
   38576     |      63.30       |      34.40      
   38577     |      58.42       |      34.65      
   38578     |      63.47       |      27.47      
   38579     |      73.86       |      17.50      
   38580     |      72.96       |      22.61      
   38581     |      67.07       |      23.75      
   38582     |      67.42       |      23.82      
   38583     |      64.62       |      28.60      
   38584     |      69.30       |      27.84      
   38585     |      68.81       |      24.68      
   38586     |      75.06       |      22.00      
   38587     |      72.33       |      20.23      
   38588     |      74.85       |      17.11      
   38589     |      71.45       |      19.72      
   38630     |      76.42       |      29.33      
   38631     |      73.24       |      20.83      
   38632     |      87.88       |      25.51      
   38633     |      89.31       |       1.16      
   38634     |      87.26       |      22.69      
   38635     |      78.33       |      16.72      
   38636     |      77.89       |      22.01      
   38637     |      73.57       |      19.20      
   38638     |      73.66       |      19.04      
   38639     |      80.72       |      21.67      
   38640     |      77.66       |      28.30      
   38641     |      81.24       |      30.02      
   38642     |      64.76       |      29.74      
   38643     |      59.29       |      31.23      
   38644     |      77.01       |      25.00      
   38645     |      61.22       |      32.17      
   38646     |      64.69       |      26.40      
   38647     |      74.52       |      21.55      
   38648     |      70.97       |      19.80      
   38649     |      66.44       |      25.74      
   38650     |      73.88       |      17.68      
   38651     |      70.54       |      24.28      
   38652     |      66.00       |      25.50      
   38653     |      68.06       |      23.30      
   38654     |      75.22       |      19.13      
   38710     |      81.70       |      21.60      
   38711     |      87.91       |      21.06      
   38712     |      88.16       |      14.34      
   38714     |      82.29       |      23.26      
   38715     |      77.61       |      18.54      
   38716     |      85.06       |      17.99      
   38717     |      85.42       |       5.75      
   38718     |      77.10       |      21.24      
   38719     |      74.42       |      16.71      
   38720     |      78.62       |      12.04      
   38721     |      72.49       |      18.37      
   38722     |      71.81       |      19.56      
   38723     |      71.50       |      19.81      
   38724     |      72.27       |      20.00      
   38725     |      75.27       |      16.86      
   38726     |      76.86       |      13.97      
   38727     |      82.08       |      18.80      
   38728     |      80.57       |      17.36      
   38729     |      74.87       |      18.79      
   38730     |      75.09       |      19.34      
   38731     |      75.08       |      16.49      
   38732     |      71.16       |      19.52      
   38733     |      80.71       |      10.09      
   38734     |      78.18       |      12.62      
   38735     |      80.07       |      12.05      
   38771     |      73.54       |      17.03      
   38772     |      72.27       |      22.86      
   38773     |      86.34       |      12.60      
   38774     |      81.05       |       9.73      
   38775     |      77.33       |      24.35      
   38776     |      71.61       |      22.57      
   38777     |      73.06       |      32.19      
   38778     |      64.83       |      31.94      
   38779     |      79.66       |      19.44      
   38780     |      70.72       |      24.96      
   38781     |      80.40       |      13.35      
   38782     |      81.88       |      15.01      
   38783     |      79.35       |      14.65      
   38784     |      74.42       |      17.17      
   38785     |      76.16       |      16.37      
   38786     |      77.30       |      14.91      
   38787     |      79.60       |      15.09      
   38788     |      79.75       |      13.75      
   38789     |      76.66       |      17.12      
   38790     |      82.24       |       9.81      
   38791     |      79.01       |      14.76      
   38792     |      70.93       |      21.26      
   38793     |      73.54       |      17.22      
   38794     |      65.53       |      26.50      
   38835     |      75.75       |      15.56      
   38836     |      78.37       |      25.16      
   38837     |      70.93       |      31.78      
   38838     |      72.15       |      31.62      
   38839     |      67.54       |      23.00      
   38840     |      75.70       |      26.11      
   38841     |      79.05       |      27.51      
   38842     |      75.24       |      20.64      
   38843     |      79.88       |      19.66      
   38844     |      85.18       |       6.65      
   38845     |      74.26       |      21.31      
   38846     |      72.35       |      18.76      
   38847     |      78.99       |      16.85      
   38848     |      77.36       |      13.78      
   38849     |      79.60       |      16.26      
   38850     |      81.11       |       9.80      
   38851     |      88.58       |       2.15      
   38852     |      77.07       |      16.68      
   38853     |      72.64       |      18.31      
   38892     |      81.04       |      21.61      
   38893     |      80.99       |      28.04      
   38894     |      87.47       |      32.26      
   38895     |      69.30       |      23.85      
   38896     |      81.50       |      12.75      
   38897     |      81.68       |      19.56      
   38898     |      83.06       |      21.27      
   38899     |      75.52       |      15.08      
   38900     |      78.13       |      13.77      
   38901     |      75.66       |      18.72      
   38902     |      78.58       |      19.24      
   38903     |      75.48       |      16.81      
   38904     |      86.15       |      14.59      
   38905     |      85.26       |      16.11      
   38906     |      80.91       |      15.89      
   38907     |      81.20       |      13.62      
   38908     |      78.69       |      13.10      
   38909     |      89.88       |       8.71      
   38910     |      89.82       |      10.19      
   38911     |      75.77       |      14.97      
   38912     |      79.13       |      16.50      
   38913     |      79.82       |      13.36      
   38914     |      85.18       |       5.77      
   38915     |      83.72       |      10.49      
   38916     |      88.03       |      12.17      
   38917     |      82.44       |      12.42      
   38918     |      86.54       |       4.23      
   38919     |      84.96       |       5.86      
   38920     |      80.86       |      13.09      
   38921     |      74.65       |      16.75      
   38922     |      75.48       |      15.54      
   38923     |      70.23       |      20.88      
   38924     |      69.76       |      22.23      
   38925     |      67.22       |      26.88      
   38963     |      72.82       |      31.32      
   38964     |      75.82       |      30.42      
   38965     |      76.24       |      32.31      
   38966     |      75.24       |      34.06      
   38967     |      62.04       |      32.90      
   38968     |      77.50       |      17.18      
   38969     |      86.70       |      20.93      
   38970     |      85.21       |      17.65      
   38971     |      89.56       |       5.60      
   38972     |      73.85       |      23.82      
   38973     |      70.12       |      32.75      
   38974     |      76.22       |      21.24      
   38975     |      76.50       |      22.24      
   38976     |      60.02       |      31.31      
   38977     |      81.32       |      16.00      
   38978     |      84.79       |      16.88      
   38979     |      86.47       |      12.46      
   38980     |      80.94       |      10.88      
   38981     |      82.20       |      10.08      
   38982     |      78.01       |      17.33      
   38983     |      82.84       |      22.48      
   38984     |      82.00       |       8.85      
   38985     |      78.76       |      15.89      
   38986     |      80.75       |      13.46      
   38987     |      69.12       |      21.76      
   39025     |      67.93       |      28.53      
   39026     |      76.09       |      29.71      
   39027     |      74.43       |      23.50      
   39028     |      86.40       |      28.12      
   39029     |      82.30       |       8.32      
   39030     |      73.40       |      23.75      
   39031     |      76.78       |      14.91      
   39032     |      79.83       |      13.94      
   39033     |      71.42       |      32.78      
   39034     |      73.99       |      25.50      
   39035     |      69.55       |      21.56      
   39036     |      74.46       |      16.26      
   39037     |      80.35       |      10.84      
   39038     |      69.97       |      25.88      
   39039     |      75.55       |      23.24      
   39040     |      74.42       |      16.76      
   39041     |      89.88       |      12.31      
   39042     |      88.57       |       4.60      
   39043     |      73.73       |      17.51      
   39044     |      76.59       |      16.51      
   39045     |      77.19       |      15.46      
   39046     |      69.43       |      21.50      
   39047     |      72.06       |      26.35      
   39048     |      69.73       |      25.39      
   39049     |      68.77       |      24.15      
   39050     |      77.01       |      25.02      
   39051     |      74.16       |      16.91      
   39052     |      77.99       |      13.36      
   39053     |      77.20       |      13.98      
   39054     |      74.57       |      19.94      
   39055     |      65.14       |      26.91      
   39056     |      65.62       |      25.56      
   39057     |      72.97       |      19.86      
   39058     |      71.91       |      22.13      
   39105     |      70.67       |      31.03      
   39106     |      68.22       |      28.08      
   39107     |      77.89       |      12.78      
   39108     |      62.35       |      33.53      
   39109     |      63.07       |      33.52      
   39110     |      79.79       |      13.99      
   39111     |      88.92       |      18.15      
   39112     |      87.97       |      22.28      
   39113     |      72.78       |      21.23      
   39114     |      72.62       |      23.75      
   39115     |      73.39       |      23.75      
   39116     |      65.78       |      28.25      
   39117     |      60.10       |      30.75      
   39118     |      67.67       |      23.62      
   39119     |      67.81       |      23.23      
   39120     |      69.09       |      26.88      
   39121     |      75.38       |      15.95      
   39122     |      77.28       |      13.52      
   39123     |      77.82       |      13.04      
   39124     |      79.77       |      17.59      
   39125     |      84.35       |       9.50      
   39126     |      73.93       |      16.98      
   39127     |      72.56       |      18.75      
   39128     |      64.74       |      31.74      
   39129     |      61.46       |      32.03      
   39130     |      60.92       |      30.90      
   39131     |      58.10       |      32.95      
   39132     |      56.16       |      36.34      
   39133     |      63.85       |      27.06      
   39134     |      65.19       |      26.60      
   39135     |      65.61       |      26.02      
   39169     |      78.54       |      27.18      
   39170     |      71.69       |      27.70      
   39171     |      69.78       |      32.53      
   39172     |      70.27       |      28.69      
   39173     |      78.26       |      31.63      
   39174     |      75.86       |      21.28      
   39175     |      77.91       |      22.26      
   39176     |      70.05       |      21.60      
   39177     |      71.04       |      19.64      
   39178     |      71.25       |      28.85      
   39179     |      70.74       |      28.64      
   39180     |      69.37       |      21.97      
   39181     |      70.72       |      22.87      
   39182     |      69.46       |      29.96      
   39183     |      71.82       |      30.00      
   39184     |      65.79       |      32.53      
   39185     |      62.67       |      28.17      
   39186     |      75.95       |      21.32      
   39187     |      74.58       |      18.82      
   39188     |      74.95       |      17.85      
   39189     |      64.35       |      27.97      
   39190     |      63.60       |      30.68      
   39191     |      60.27       |      31.82      
   39192     |      61.77       |      32.78      
   39193     |      61.16       |      31.23      
   39194     |      63.23       |      30.22      
   39195     |      59.99       |      31.20      
   39236     |      82.13       |      21.71      
   39237     |      71.52       |      26.35      
   39238     |      72.11       |      29.07      
   39239     |      73.70       |      31.70      
   39240     |      70.21       |      44.13      
   39241     |      64.93       |      34.20      
   39242     |      73.17       |      17.61      
   39243     |      75.22       |      25.54      
   39244     |      66.62       |      26.89      
   39245     |      72.23       |      30.63      
   39246     |      75.86       |      24.32      
   39247     |      77.28       |      26.73      
   39248     |      75.02       |      27.57      
   39249     |      72.38       |      21.59      
   39250     |      67.81       |      24.51      
   39251     |      69.12       |      26.22      
   39252     |      67.79       |      29.27      
   39253     |      66.38       |      27.62      
   39254     |      72.77       |      27.15      
   39255     |      75.13       |      15.80      
   39256     |      59.70       |      31.35      
   39257     |      64.88       |      26.41      
   39258     |      73.10       |      18.14      
   39259     |      71.39       |      21.86      
   39260     |      66.54       |      24.46      
   39261     |      60.06       |      31.29      
   39262     |      64.06       |      26.89      
   39263     |      61.31       |      33.43      
   39264     |      64.84       |      26.73      
   39265     |      61.40       |      30.25      
   39266     |      73.34       |      17.94      
   39305     |      75.38       |      19.87      
   39306     |      75.23       |      21.00      
   39307     |      74.57       |      30.69      
   39308     |      60.60       |      35.48      
   39309     |      60.34       |      30.37      
   39310     |      69.16       |      22.09      
   39311     |      66.76       |      35.67      
   39312     |      68.15       |      22.66      
   39313     |      71.22       |      19.92      
   39314     |      60.53       |      32.59      
   39315     |      67.02       |      29.45      
   39316     |      68.89       |      30.65      
   39317     |      69.19       |      29.54      
   39318     |      70.77       |      29.71      
   39319     |      70.42       |      22.32      
   39320     |      68.90       |      22.02      
   39321     |      71.82       |      21.29      
   39322     |      52.45       |      39.38      
   39323     |      53.61       |      38.67      
   39379     |      78.62       |      20.51      
   39380     |      78.36       |      25.21      
   39381     |      71.61       |      25.98      
   39382     |      73.08       |      31.33      
   39383     |      70.07       |      25.45      
   39384     |      54.91       |      36.15      
   39385     |      53.79       |      37.63      
   39386     |      54.73       |      36.74      
   39387     |      58.42       |      34.61      
   39388     |      58.23       |      34.17      
   39389     |      66.15       |      34.90      
   39390     |      61.75       |      36.14      
   39391     |      66.56       |      36.81      
   39392     |      60.78       |      36.81      
   39393     |      63.00       |      29.90      
   39394     |      77.45       |      24.10      
   39395     |      78.86       |      17.55      
   39396     |      73.23       |      18.55      
   39397     |      71.74       |      27.98      
   39398     |      61.05       |      32.12      
   39399     |      56.80       |      34.05      
   39400     |      67.40       |      31.02      
   39401     |      71.69       |      32.44      
   39402     |      69.34       |      25.41      
   39403     |      66.83       |      24.25      
   39404     |      66.97       |      24.02      
   39405     |      68.68       |      22.63      
   39406     |      71.17       |      22.64      
   39407     |      71.92       |      22.51      
   39408     |      51.87       |      40.20      
   39409     |      49.08       |      42.00      
   39410     |      50.84       |      40.80      
   39411     |      50.87       |      40.76      
   39412     |      45.24       |      45.86      
   39413     |      46.33       |      44.64      
   39414     |      52.23       |      46.98      
   39415     |      45.93       |      48.71      
   39453     |      83.34       |      12.44      
   39454     |      85.46       |      13.92      
   39455     |      64.88       |      32.03      
   39456     |      64.78       |      26.89      
   39457     |      61.82       |      28.97      
   39458     |      61.32       |      36.29      
   39459     |      68.25       |      34.20      
   39460     |      52.49       |      38.49      
   39461     |      56.55       |      37.16      
   39462     |      62.95       |      30.34      
   39463     |      58.02       |      33.03      
   39464     |      59.24       |      31.69      
   39465     |      73.66       |      28.02      
   39466     |      73.22       |      27.96      
   39467     |      73.97       |      23.89      
   39468     |      75.03       |      24.39      
   39469     |      66.26       |      28.55      
   39470     |      57.27       |      38.36      
   39471     |      55.77       |      35.69      
   39473     |      51.17       |      39.85      
   39523     |      71.11       |      29.45      
   39524     |      84.67       |      14.27      
   39525     |      75.23       |      16.15      
   39526     |      75.14       |      16.07      
   39527     |      67.64       |      36.81      
   39528     |      62.33       |      39.40      
   39529     |      61.11       |      31.23      
   39530     |      55.90       |      43.30      
   39531     |      60.09       |      44.64      
   39532     |      77.68       |      28.61      
   39533     |      60.63       |      34.53      
   39534     |      57.15       |      34.20      
   39535     |      71.09       |      20.08      
   39536     |      77.80       |      18.01      
   39537     |      74.01       |      20.38      
   39538     |      62.04       |      28.96      
   39539     |      63.65       |      27.35      
   39540     |      63.79       |      28.07      
   39541     |      74.35       |      22.77      
   39542     |      75.13       |      20.34      
   39543     |      65.74       |      25.37      
   39585     |      75.80       |      28.75      
   39586     |      59.66       |      40.63      
   39587     |      57.08       |      36.17      
   39588     |      68.24       |      23.43      
   39589     |      67.32       |      26.03      
   39590     |      70.94       |      19.87      
   39591     |      72.43       |      18.48      
   39592     |      72.12       |      28.09      
   39593     |      62.54       |      31.10      
   39594     |      64.47       |      31.58      
   39595     |      51.45       |      40.20      
   39596     |      67.43       |      27.36      
   39597     |      63.09       |      28.76      
   39598     |      69.19       |      24.65      
   39599     |      71.68       |      29.04      
   39600     |      67.82       |      29.95      
   39601     |      63.56       |      32.62      
   39602     |      61.41       |      30.45      
   39603     |      61.81       |      30.29      
   39662     |      68.95       |      23.11      
   39663     |      64.08       |      34.12      
   39664     |      76.73       |      27.45      
   39665     |      71.05       |      25.63      
   39666     |      62.41       |      28.99      
   39667     |      70.29       |      29.35      
   39668     |      73.98       |      31.12      
   39669     |      72.43       |      37.16      
   39670     |      72.81       |      37.77      
   39671     |      53.00       |      46.03      
   39672     |      54.64       |      36.96      
   39673     |      74.61       |      22.50      
   39674     |      67.90       |      24.83      
   39675     |      70.70       |      25.31      
   39676     |      72.53       |      21.92      
   39677     |      76.01       |      22.40      
   39678     |      74.05       |      23.33      
   39722     |      64.77       |      34.26      
   39723     |      76.95       |      26.01      
   39724     |      68.49       |      27.85      
   39725     |      65.34       |      31.71      
   39726     |      82.48       |      10.53      
   39727     |      70.50       |      20.55      
   39728     |      81.31       |      15.40      
   39783     |      61.89       |      35.64      
   39784     |      72.80       |      19.05      
   39785     |      75.62       |      28.05      
   39786     |      67.87       |      27.32      
   39787     |      67.45       |      30.86      
   39788     |      79.87       |      23.44      
   39789     |      81.55       |      25.24      
   39790     |      84.05       |      15.36      
   39791     |      85.11       |      16.08      
   39792     |      74.77       |      19.19      
   39793     |      67.72       |      23.82      
   39794     |      74.41       |      16.86      
   39795     |      78.23       |      21.63      
   39796     |      80.20       |      22.96      
   39797     |      73.67       |      31.30      
   39798     |      86.07       |      19.33      
   39799     |      75.11       |      22.14      
   39800     |      75.92       |      22.65      
   39801     |      69.45       |      21.63      
   39802     |      74.49       |      16.78      
   39803     |      74.93       |      19.73      
   39860     |      65.19       |      32.43      
   39861     |      69.86       |      28.84      
   39862     |      73.07       |      22.33      
   39863     |      76.02       |      28.39      
   39864     |      79.10       |      30.09      
   39865     |      68.11       |      23.00      
   39866     |      78.75       |      13.71      
   39867     |      74.65       |      24.22      
   39868     |      80.26       |      31.72      
   39869     |      75.39       |      18.89      
   39870     |      80.47       |      20.41      
   39924     |      79.27       |      13.28      
   39925     |      65.16       |      37.47      
   39926     |      65.31       |      29.28      
   39987     |      65.61       |      34.76      
   39988     |      70.49       |      31.29      
   39989     |      66.92       |      32.56      
   39990     |      64.72       |      28.47      
   39991     |      67.14       |      27.42      
   39992     |      65.37       |      26.56      
   39993     |      83.68       |      14.14      
   39994     |      78.45       |      16.64      
   39995     |      78.75       |      18.78      
   40045     |      72.52       |      31.62      
   40046     |      72.07       |      33.97      
   40047     |      81.36       |      39.68      
   40048     |      71.49       |      24.62      
   40049     |      61.29       |      32.97      
   40050     |      68.51       |      24.39      
   40051     |      65.06       |      30.07      
   40117     |      59.56       |      43.31      
   40118     |      58.18       |      39.24      
   40119     |      63.22       |      33.31      
   40120     |      56.51       |      37.73      
   40121     |      53.65       |      38.36      
   40122     |      50.92       |      42.37      
   40125     |      75.31       |      24.46      
   40187     |      64.67       |      46.28      
   40253     |      54.10       |      52.60      
   40254     |      53.22       |      46.59      
   40255     |      67.39       |      30.78      
   40325     |      54.07       |      52.71      
   40326     |      61.12       |      43.97      
   40399     |      61.55       |      47.76      
   40459     |      61.03       |      48.35      
