=== Visibility Analysis Summary ===
Total patches: 49152
Geometric visible: 2918 (5.9%)
Light illuminated: 1492 (51.1% of geometric)
Reflection conditions met: 2918 (100.0% of geometric)
Light unoccluded: 1492 (51.1% of geometric)
Final visible: 1492 (3.0% of total)
Visible area: 226.80 (2.9% of total area)

=== Detailed Visibility Information ===
Patch Index  | Incidence Angle  |  Viewing Angle  
-------------+------------------+-----------------
    5865     |      82.21       |      19.26      
    5866     |      82.05       |      25.20      
    5936     |      79.46       |      21.19      
    6271     |      65.10       |      25.64      
    6272     |      75.02       |      15.13      
    6273     |      78.15       |      12.06      
    6338     |      85.42       |      17.25      
    6400     |      74.26       |      24.89      
    6401     |      73.35       |      23.56      
    6402     |      82.46       |      36.49      
    6403     |      83.91       |      35.54      
    6467     |      83.51       |      28.69      
    6468     |      80.85       |      28.22      
    6469     |      79.96       |      35.94      
    6472     |      89.23       |      14.65      
    6541     |      89.36       |      37.17      
    6542     |      87.40       |      41.43      
    6544     |      82.18       |      38.53      
    6545     |      88.34       |      24.21      
    6546     |      82.70       |      27.82      
    6616     |      82.17       |      23.82      
    6658     |      80.44       |      30.23      
    6659     |      88.88       |      27.12      
    6660     |      83.85       |      25.51      
    6661     |      82.91       |      31.91      
    6663     |      84.27       |      33.79      
    6665     |      81.66       |      27.80      
    6715     |      80.77       |      30.37      
    6716     |      81.86       |      33.49      
    6719     |      84.28       |      31.59      
    6720     |      87.76       |      27.75      
    6721     |      86.88       |      12.60      
    6722     |      77.61       |      19.63      
    6723     |      74.72       |      24.68      
    6724     |      77.19       |      22.65      
    6725     |      77.71       |      21.29      
    6782     |      84.05       |      36.99      
    6783     |      82.59       |      42.60      
    6785     |      80.59       |      35.10      
    6786     |      88.58       |      32.41      
    6790     |      87.25       |      26.56      
    6791     |      77.25       |      26.36      
    6792     |      82.87       |      21.67      
    6793     |      79.34       |      21.95      
    6795     |      89.75       |      12.30      
    6855     |      85.10       |      21.95      
    6856     |      75.05       |      31.57      
    6858     |      76.50       |      26.94      
    6860     |      79.00       |      32.03      
    6861     |      84.90       |      25.14      
    6862     |      86.60       |      23.79      
    6914     |      89.18       |      28.07      
    6916     |      79.26       |      31.85      
    6917     |      85.18       |      20.18      
    6918     |      82.75       |      22.00      
    6919     |      77.06       |      23.32      
    6920     |      75.60       |      24.70      
    6921     |      75.18       |      17.28      
    6922     |      80.82       |      11.70      
    6924     |      86.23       |      22.92      
    6974     |      89.30       |      35.70      
    6977     |      86.51       |      27.75      
    6978     |      83.94       |      18.28      
    6979     |      88.57       |       5.00      
    6980     |      71.80       |      19.66      
    6981     |      74.59       |      27.74      
    6982     |      83.99       |      21.69      
    6983     |      87.29       |      21.68      
    6984     |      88.22       |      20.63      
    6985     |      80.76       |      20.43      
    7047     |      80.12       |      33.79      
    7048     |      82.38       |      32.55      
    7049     |      85.18       |      25.69      
    7054     |      81.94       |      28.67      
    7055     |      87.30       |      26.52      
    7056     |      80.43       |      31.21      
    7057     |      85.19       |      26.12      
    7058     |      77.85       |      28.12      
    7059     |      86.17       |      14.42      
    7060     |      84.94       |      15.15      
    7061     |      78.76       |      17.65      
    7062     |      88.08       |       7.80      
    7063     |      87.10       |      12.67      
    7064     |      89.78       |      10.40      
    7112     |      89.93       |      24.28      
    7114     |      77.40       |      28.74      
    7116     |      79.72       |      23.38      
    7118     |      89.28       |      29.46      
    7119     |      84.37       |      22.01      
    7120     |      87.97       |      13.71      
    7161     |      58.93       |      41.39      
    7162     |      77.05       |      21.98      
    7163     |      72.99       |      32.22      
    7164     |      85.33       |      25.84      
    7165     |      89.90       |      19.31      
    7166     |      83.95       |      18.11      
    7167     |      81.44       |      23.16      
    7169     |      73.42       |      26.63      
    7170     |      87.76       |      27.38      
    7171     |      84.73       |      20.67      
    7173     |      86.03       |      12.28      
    7219     |      66.34       |      31.00      
    7220     |      61.43       |      41.08      
    7221     |      60.02       |      41.79      
    7222     |      59.79       |      38.59      
    7223     |      69.15       |      30.30      
    7224     |      77.76       |      27.16      
    7225     |      72.50       |      32.41      
    7226     |      82.46       |      17.51      
    7227     |      88.03       |      17.39      
    7228     |      89.36       |      24.85      
    7229     |      88.30       |      25.24      
    7230     |      78.40       |      16.55      
    7231     |      84.84       |      11.04      
    7232     |      80.67       |      26.73      
    7233     |      78.21       |      29.64      
    7234     |      88.97       |      25.70      
    7235     |      82.29       |      24.91      
    7236     |      86.46       |      21.48      
    7237     |      89.43       |      21.45      
    7274     |      68.90       |      36.51      
    7275     |      71.01       |      32.12      
    7276     |      65.10       |      42.44      
    7277     |      65.96       |      38.43      
    7278     |      69.41       |      34.46      
    7279     |      76.48       |      22.08      
    7280     |      85.39       |      23.12      
    7281     |      87.58       |      23.65      
    7282     |      88.61       |      23.18      
    7283     |      74.21       |      27.41      
    7284     |      83.70       |      18.86      
    7285     |      83.58       |      20.71      
    7286     |      86.07       |      18.76      
    7287     |      83.99       |      17.76      
    7290     |      78.32       |      27.94      
    7291     |      89.76       |      22.19      
    7327     |      70.83       |      26.47      
    7328     |      67.22       |      39.80      
    7329     |      67.98       |      27.13      
    7330     |      83.38       |      26.80      
    7331     |      86.57       |      25.04      
    7332     |      86.39       |      25.00      
    7334     |      83.50       |      17.25      
    7335     |      79.83       |      23.40      
    7336     |      84.32       |      30.93      
    7337     |      84.85       |      25.52      
    7339     |      76.29       |      22.80      
    7340     |      72.65       |      23.01      
    7341     |      79.04       |      13.95      
    7343     |      79.86       |      17.25      
    7344     |      81.24       |      10.09      
    7396     |      78.01       |      21.98      
    7397     |      83.16       |      19.84      
    7398     |      69.73       |      36.17      
    7399     |      69.43       |      33.44      
    7400     |      73.36       |      26.44      
    7401     |      71.54       |      36.05      
    7402     |      65.51       |      43.29      
    7403     |      70.65       |      41.75      
    7404     |      73.73       |      39.44      
    7405     |      71.50       |      36.23      
    7406     |      72.85       |      31.05      
    7407     |      78.99       |      23.86      
    7408     |      69.94       |      22.70      
    7409     |      68.97       |      23.47      
    7410     |      84.98       |      11.10      
    7411     |      89.26       |       7.73      
    7412     |      82.76       |      26.97      
    7413     |      83.15       |      26.76      
    7414     |      82.34       |      21.24      
    7415     |      79.14       |      22.98      
    7417     |      86.21       |      31.97      
    7419     |      83.13       |      22.92      
    7420     |      86.08       |      22.68      
    7421     |      87.66       |       2.71      
    7422     |      80.24       |      10.77      
    7423     |      85.05       |       6.62      
    7424     |      76.82       |      19.33      
    7425     |      78.96       |      14.54      
    7463     |      45.78       |      49.62      
    7464     |      55.67       |      41.51      
    7465     |      77.69       |      31.23      
    7466     |      73.85       |      38.83      
    7467     |      79.11       |      32.43      
    7468     |      71.68       |      24.68      
    7469     |      83.83       |       6.95      
    7470     |      83.30       |       7.42      
    7471     |      68.45       |      23.53      
    7472     |      69.47       |      28.40      
    7473     |      63.39       |      32.33      
    7474     |      60.95       |      34.71      
    7475     |      66.51       |      30.18      
    7476     |      77.29       |      14.49      
    7477     |      79.51       |      30.68      
    7478     |      87.79       |      29.48      
    7479     |      90.00       |      18.69      
    7484     |      80.62       |      23.43      
    7486     |      85.23       |      26.69      
    7532     |      65.43       |      30.48      
    7533     |      80.50       |      22.55      
    7534     |      70.09       |      43.20      
    7535     |      83.07       |      39.34      
    7536     |      82.97       |      39.41      
    7537     |      67.73       |      45.92      
    7538     |      74.46       |      38.53      
    7539     |      78.72       |      25.38      
    7540     |      84.35       |      19.24      
    7541     |      85.60       |      15.17      
    7542     |      66.97       |      33.32      
    7543     |      74.73       |      30.08      
    7544     |      61.04       |      33.21      
    7545     |      85.76       |      22.36      
    7546     |      85.49       |      22.86      
    7547     |      81.59       |      24.78      
    7548     |      83.84       |      22.54      
    7549     |      84.01       |      21.38      
    7550     |      75.20       |      28.36      
    7551     |      89.53       |       3.90      
    7552     |      65.65       |      24.92      
    7553     |      84.64       |      29.20      
    7596     |      65.16       |      40.86      
    7597     |      68.33       |      34.61      
    7598     |      59.19       |      42.09      
    7599     |      83.77       |      33.32      
    7600     |      66.98       |      45.96      
    7601     |      84.10       |      24.80      
    7602     |      82.07       |      26.51      
    7604     |      86.61       |      37.99      
    7605     |      76.62       |      35.20      
    7606     |      84.38       |      32.32      
    7607     |      83.33       |      22.64      
    7608     |      74.98       |      30.12      
    7609     |      84.73       |      16.94      
    7610     |      87.03       |      15.56      
    7613     |      83.99       |      16.89      
    7614     |      63.83       |      29.09      
    7615     |      78.27       |      12.10      
    7616     |      74.76       |      20.59      
    7618     |      83.80       |      28.73      
    7619     |      83.76       |      28.74      
    7620     |      86.51       |      18.65      
    7621     |      86.13       |      18.44      
    7625     |      87.91       |      14.86      
    7655     |      61.61       |      37.65      
    7656     |      63.39       |      34.51      
    7657     |      64.57       |      33.81      
    7658     |      61.69       |      43.02      
    7659     |      67.48       |      36.32      
    7660     |      60.73       |      43.12      
    7661     |      60.86       |      35.34      
    7662     |      73.25       |      27.29      
    7663     |      64.89       |      39.26      
    7664     |      70.93       |      33.71      
    7665     |      76.80       |      25.81      
    7666     |      76.87       |      39.27      
    7667     |      89.87       |      25.08      
    7668     |      82.26       |      27.38      
    7669     |      85.54       |      25.13      
    7670     |      85.08       |      25.01      
    7671     |      72.77       |      34.74      
    7672     |      88.54       |      27.66      
    7674     |      83.43       |      19.82      
    7675     |      80.79       |      20.10      
    7676     |      79.24       |      25.63      
    7677     |      69.36       |      27.76      
    7678     |      80.06       |      13.70      
    7679     |      81.62       |       8.74      
    7681     |      86.10       |      32.79      
    7682     |      88.88       |      27.91      
    7683     |      89.92       |      28.66      
    7684     |      84.25       |      21.76      
    7685     |      83.82       |      11.82      
    7724     |      69.29       |      36.03      
    7725     |      63.39       |      42.09      
    7726     |      67.32       |      36.38      
    7727     |      62.77       |      35.29      
    7728     |      68.37       |      39.55      
    7729     |      69.53       |      38.56      
    7730     |      68.88       |      31.48      
    7731     |      66.92       |      34.15      
    7732     |      82.18       |      14.95      
    7733     |      73.49       |      27.42      
    7734     |      67.45       |      31.39      
    7735     |      68.12       |      26.41      
    7736     |      78.39       |      19.07      
    7737     |      87.80       |       4.76      
    7738     |      72.82       |      23.42      
    7739     |      72.51       |      35.63      
    7742     |      67.13       |      24.16      
    7743     |      68.01       |      24.62      
    7745     |      82.78       |      33.13      
    7746     |      87.02       |      23.51      
    7747     |      86.24       |      24.07      
    7748     |      83.00       |      11.84      
    7749     |      85.64       |       7.23      
    7790     |      65.11       |      40.62      
    7791     |      69.14       |      38.47      
    7792     |      71.77       |      34.70      
    7793     |      62.05       |      42.20      
    7794     |      65.67       |      33.38      
    7795     |      63.61       |      40.31      
    7796     |      63.12       |      40.75      
    7797     |      70.60       |      23.36      
    7798     |      72.33       |      24.92      
    7799     |      67.83       |      36.61      
    7800     |      67.73       |      36.68      
    7801     |      77.38       |      34.91      
    7802     |      82.39       |      26.89      
    7803     |      85.98       |      27.24      
    7804     |      82.36       |      30.28      
    7805     |      64.41       |      26.42      
    7806     |      73.04       |      17.56      
    7807     |      88.63       |       4.33      
    7808     |      60.22       |      30.23      
    7809     |      88.26       |       8.73      
    7810     |      81.81       |      12.85      
    7811     |      81.85       |      12.78      
    7812     |      78.16       |      14.27      
    7813     |      76.31       |      18.45      
    7814     |      80.45       |      29.78      
    7815     |      78.07       |      31.02      
    7816     |      81.28       |      23.01      
    7817     |      82.39       |      22.40      
    7819     |      82.85       |      13.24      
    7822     |      85.58       |      29.60      
    7857     |      65.89       |      34.60      
    7858     |      62.97       |      37.28      
    7859     |      68.53       |      33.20      
    7860     |      70.32       |      38.82      
    7861     |      67.93       |      31.99      
    7862     |      81.12       |      28.66      
    7863     |      80.37       |      21.58      
    7864     |      81.13       |      17.94      
    7865     |      77.45       |      18.98      
    7866     |      79.92       |      15.90      
    7867     |      72.91       |      24.33      
    7868     |      86.65       |       8.25      
    7869     |      80.49       |      10.26      
    7871     |      79.19       |      29.11      
    7872     |      75.33       |      33.25      
    7873     |      85.29       |      30.90      
    7874     |      86.92       |      28.68      
    7875     |      79.53       |      19.78      
    7877     |      88.30       |      15.80      
    7880     |      87.69       |      16.01      
    7881     |      84.54       |      16.49      
    7882     |      80.17       |      20.55      
    7912     |      59.47       |      38.90      
    7913     |      64.54       |      37.84      
    7914     |      64.73       |      37.71      
    7915     |      61.64       |      45.18      
    7916     |      69.84       |      39.23      
    7917     |      70.10       |      39.97      
    7918     |      70.97       |      38.05      
    7919     |      78.71       |      31.96      
    7920     |      70.99       |      25.70      
    7921     |      74.56       |      22.21      
    7922     |      80.09       |      13.23      
    7923     |      75.09       |      16.98      
    7924     |      79.74       |      15.63      
    7925     |      74.96       |      23.23      
    7926     |      74.98       |      23.18      
    7927     |      87.05       |       4.35      
    7928     |      82.36       |      27.80      
    7931     |      84.89       |       7.51      
    7932     |      75.24       |      23.27      
    7933     |      89.88       |       8.43      
    7936     |      89.91       |      13.89      
    7937     |      85.28       |       9.37      
    7938     |      86.70       |       8.13      
    7976     |      60.04       |      42.69      
    7977     |      63.36       |      38.19      
    7978     |      69.58       |      39.30      
    7979     |      70.70       |      41.73      
    7980     |      81.53       |      25.98      
    7981     |      78.35       |      32.25      
    7982     |      73.07       |      22.28      
    7983     |      76.03       |      22.53      
    7984     |      73.53       |      20.73      
    7986     |      86.41       |      24.66      
    7987     |      74.46       |      30.97      
    7988     |      79.09       |      23.99      
    7989     |      79.69       |      23.56      
    7990     |      69.47       |      28.17      
    7991     |      69.49       |      27.86      
    7992     |      82.32       |      17.71      
    7993     |      86.53       |       7.65      
    7994     |      79.81       |      11.65      
    7995     |      87.78       |       2.39      
    7996     |      79.77       |      24.26      
    7999     |      79.40       |      13.50      
    8021     |      64.46       |      39.90      
    8022     |      66.27       |      36.37      
    8023     |      58.36       |      45.88      
    8024     |      69.11       |      39.79      
    8025     |      68.54       |      40.43      
    8026     |      78.23       |      30.79      
    8027     |      87.05       |      19.87      
    8028     |      79.46       |      21.51      
    8029     |      75.28       |      24.80      
    8030     |      78.71       |      18.65      
    8031     |      85.60       |      15.23      
    8032     |      84.24       |      19.11      
    8033     |      74.22       |      34.10      
    8034     |      87.49       |      19.55      
    8035     |      81.10       |      21.78      
    8036     |      73.65       |      30.73      
    8037     |      84.90       |      22.33      
    8038     |      86.74       |      17.14      
    8039     |      78.89       |      24.02      
    8040     |      80.50       |      19.98      
    8041     |      73.59       |      26.51      
    8042     |      79.94       |      11.12      
    8043     |      59.43       |      30.97      
    8044     |      75.64       |      25.60      
    8046     |      78.31       |      15.87      
    8047     |      86.87       |      30.94      
    8048     |      82.28       |      29.31      
    8050     |      89.40       |      13.00      
    8053     |      88.21       |       9.64      
    8054     |      86.50       |      11.89      
    8055     |      81.57       |      13.13      
    8056     |      80.83       |      21.22      
    8057     |      88.41       |      19.40      
    8098     |      63.06       |      53.21      
    8099     |      73.01       |      45.81      
    8100     |      78.00       |      34.43      
    8101     |      66.70       |      34.57      
    8102     |      66.42       |      35.45      
    8103     |      70.68       |      29.39      
    8104     |      70.40       |      31.97      
    8105     |      88.56       |      23.99      
    8106     |      85.81       |      24.89      
    8107     |      75.82       |      29.26      
    8108     |      83.25       |      19.56      
    8109     |      86.39       |       4.50      
    8110     |      83.05       |       7.28      
    8111     |      74.27       |      16.95      
    8112     |      60.53       |      30.00      
    8113     |      89.85       |       5.59      
    8114     |      78.12       |      31.48      
    8115     |      85.17       |      29.36      
    8116     |      87.39       |      26.86      
    8117     |      84.15       |      27.49      
    8118     |      85.05       |      16.39      
    8119     |      83.21       |      18.02      
    8122     |      87.36       |      25.43      
    8147     |      65.86       |      47.83      
    8148     |      55.54       |      53.33      
    8149     |      57.62       |      52.81      
    8150     |      75.53       |      25.57      
    8151     |      75.10       |      31.52      
    8152     |      71.84       |      38.79      
    8153     |      72.14       |      38.47      
    8154     |      77.91       |      36.92      
    8155     |      75.49       |      36.00      
    8157     |      89.22       |      16.71      
    8158     |      83.10       |      22.27      
    8159     |      87.01       |      22.28      
    8160     |      76.90       |      37.05      
    8161     |      81.90       |      27.89      
    8162     |      83.70       |      12.22      
    8163     |      76.06       |      24.62      
    8164     |      87.25       |       5.93      
    8165     |      76.87       |      15.53      
    8166     |      82.71       |      17.96      
    8169     |      84.61       |      15.31      
    8170     |      86.29       |      11.38      
    8171     |      86.52       |      21.40      
    8199     |      57.35       |      46.75      
    8200     |      73.68       |      29.29      
    8201     |      72.68       |      43.31      
    8202     |      77.90       |      36.26      
    8203     |      77.41       |      28.54      
    8204     |      88.90       |      18.68      
    8205     |      88.70       |      16.67      
    8206     |      83.99       |      23.98      
    8207     |      82.08       |      28.56      
    8208     |      80.24       |      36.64      
    8209     |      78.37       |      33.32      
    8210     |      85.13       |      19.02      
    8211     |      84.10       |      10.96      
    8212     |      77.78       |      16.29      
    8214     |      88.56       |       1.83      
    8215     |      86.15       |      14.50      
    8216     |      76.07       |      22.37      
    8217     |      67.46       |      29.74      
    8218     |      82.70       |       7.68      
    8219     |      77.69       |      18.45      
    8220     |      80.81       |      13.20      
    8221     |      87.58       |       5.27      
    8222     |      86.27       |      30.31      
    8262     |      57.40       |      47.82      
    8263     |      63.38       |      41.63      
    8264     |      49.85       |      50.97      
    8265     |      64.01       |      35.01      
    8266     |      55.48       |      52.41      
    8267     |      65.72       |      44.21      
    8268     |      74.02       |      26.17      
    8269     |      64.17       |      32.51      
    8270     |      66.36       |      27.64      
    8271     |      83.58       |      10.90      
    8272     |      79.69       |      37.23      
    8274     |      76.74       |      36.32      
    8275     |      79.51       |      35.17      
    8276     |      82.39       |      30.92      
    8278     |      75.33       |      20.02      
    8279     |      61.71       |      32.84      
    8280     |      67.17       |      23.30      
    8282     |      81.73       |      16.37      
    8283     |      80.61       |      20.90      
    8284     |      82.37       |       7.80      
    8285     |      76.53       |      15.23      
    8286     |      86.93       |       6.43      
    8289     |      80.84       |      18.96      
    8292     |      84.70       |      19.29      
    8327     |      63.17       |      38.01      
    8328     |      70.17       |      28.90      
    8329     |      75.62       |      26.75      
    8330     |      65.28       |      26.44      
    8331     |      75.92       |      33.74      
    8332     |      88.96       |      19.25      
    8333     |      89.05       |      17.41      
    8334     |      67.24       |      35.94      
    8335     |      84.99       |      22.11      
    8337     |      80.43       |      28.90      
    8339     |      78.22       |      20.98      
    8340     |      84.09       |       7.95      
    8341     |      70.37       |      20.17      
    8342     |      82.24       |      20.18      
    8343     |      85.27       |      19.23      
    8344     |      83.16       |      23.08      
    8345     |      82.44       |       9.11      
    8346     |      76.63       |      18.90      
    8347     |      77.34       |      14.43      
    8348     |      78.59       |      13.18      
    8349     |      88.92       |       9.50      
    8350     |      78.37       |      20.77      
    8351     |      79.36       |      20.96      
    8355     |      84.80       |      20.32      
   14670     |      87.33       |       5.57      
   15893     |      89.32       |      19.74      
   16166     |      82.17       |       9.34      
   16167     |      81.75       |      10.74      
   16168     |      83.81       |      14.98      
   16172     |      87.07       |       3.42      
   16220     |      88.84       |       8.64      
   16226     |      88.07       |       4.02      
   16346     |      88.00       |       2.29      
   16395     |      83.74       |       7.66      
   16398     |      88.95       |       5.62      
   16399     |      89.22       |       7.24      
   16443     |      85.78       |      10.36      
   16447     |      87.18       |       5.76      
   16455     |      89.80       |      14.06      
   16458     |      88.46       |      13.29      
   16459     |      87.07       |      16.52      
   16505     |      89.44       |       2.12      
   16506     |      89.51       |       1.84      
   16512     |      87.97       |       6.25      
   16513     |      85.56       |      12.89      
   16514     |      84.60       |       5.13      
   16515     |      78.44       |      16.78      
   16516     |      78.03       |      14.90      
   16517     |      82.39       |      22.97      
   16518     |      82.62       |      27.40      
   16561     |      88.78       |      12.69      
   16566     |      83.43       |      11.67      
   16567     |      89.06       |       3.84      
   16568     |      88.84       |       8.87      
   16569     |      87.55       |       6.82      
   16574     |      89.22       |       2.61      
   16575     |      88.23       |      15.58      
   16576     |      84.11       |       5.85      
   16577     |      87.37       |       3.93      
   16578     |      86.65       |       3.50      
   16579     |      70.70       |      19.11      
   16623     |      87.98       |      19.88      
   16624     |      85.03       |      11.68      
   16625     |      86.64       |       7.79      
   16626     |      83.81       |       6.63      
   16627     |      76.92       |      18.05      
   16628     |      75.60       |      15.67      
   16640     |      83.87       |       6.60      
   16641     |      81.55       |      11.98      
   16642     |      77.85       |      11.93      
   16643     |      86.40       |       9.86      
   16644     |      85.44       |       4.43      
   16684     |      86.84       |      11.74      
   16688     |      89.47       |       0.50      
   16700     |      86.10       |       9.84      
   16728     |      86.38       |      11.29      
   16729     |      88.62       |       2.56      
   16737     |      85.97       |      10.04      
   16738     |      86.94       |       5.30      
   16745     |      88.74       |       8.70      
   16748     |      86.83       |       6.16      
   16749     |      85.53       |      14.12      
   16750     |      86.25       |      14.47      
   16751     |      85.51       |      10.32      
   16752     |      88.63       |       3.41      
   16797     |      84.90       |       8.50      
   16798     |      85.78       |      20.80      
   16799     |      83.61       |      13.18      
   16803     |      85.63       |       4.42      
   16804     |      78.52       |      16.50      
   16811     |      86.11       |      14.04      
   16814     |      86.71       |       8.96      
   16815     |      78.97       |      20.33      
   33580     |      78.75       |      16.74      
   33581     |      84.08       |       9.65      
   33582     |      89.49       |       2.07      
   33588     |      88.04       |      18.81      
   33589     |      85.58       |       5.80      
   33627     |      89.75       |       8.88      
   33628     |      87.88       |      17.52      
   33629     |      84.24       |       6.15      
   33630     |      85.81       |       6.81      
   33631     |      85.00       |      10.79      
   33632     |      77.98       |      11.93      
   33633     |      78.68       |      17.51      
   33634     |      79.02       |      16.57      
   33635     |      83.99       |      28.36      
   33637     |      80.67       |      10.22      
   33638     |      71.18       |      20.41      
   33639     |      78.40       |      20.38      
   33641     |      87.23       |      11.42      
   33644     |      82.24       |       9.18      
   33645     |      82.12       |       8.13      
   33647     |      88.52       |      19.04      
   33649     |      88.06       |      11.22      
   33652     |      72.45       |      17.51      
   33653     |      70.12       |      28.41      
   33654     |      66.61       |      35.85      
   33686     |      86.06       |      13.05      
   33687     |      84.56       |       8.03      
   33688     |      88.55       |      13.04      
   33689     |      89.33       |      22.11      
   33693     |      76.13       |      28.51      
   33694     |      72.12       |      17.95      
   33695     |      78.61       |      19.57      
   33696     |      82.74       |      10.88      
   33697     |      88.33       |       1.64      
   33698     |      78.08       |      12.79      
   33699     |      84.42       |      14.63      
   33700     |      86.89       |      11.69      
   33701     |      89.97       |      17.71      
   33703     |      79.17       |      10.81      
   33704     |      77.39       |      17.44      
   33705     |      73.93       |      17.43      
   33706     |      76.84       |      25.71      
   33743     |      83.67       |      15.12      
   33744     |      86.21       |      10.97      
   33745     |      89.43       |       3.20      
   33746     |      82.24       |      24.79      
   33749     |      87.64       |       6.94      
   33750     |      87.20       |      11.05      
   33751     |      74.35       |      18.91      
   33752     |      70.69       |      19.38      
   33753     |      65.10       |      24.90      
   33754     |      69.90       |      20.48      
   33755     |      86.00       |      11.92      
   33756     |      83.24       |      14.43      
   33757     |      77.62       |      12.41      
   33758     |      79.05       |      25.15      
   33795     |      88.53       |      10.12      
   33796     |      89.09       |       2.94      
   33797     |      88.77       |      19.53      
   33798     |      81.36       |      23.67      
   33799     |      77.12       |      13.84      
   33802     |      83.04       |      11.00      
   33804     |      77.48       |      19.61      
   33805     |      75.06       |      16.82      
   33806     |      64.40       |      27.61      
   33807     |      61.50       |      29.10      
   33808     |      67.63       |      22.42      
   33809     |      57.45       |      32.62      
   33810     |      63.64       |      30.30      
   33811     |      69.24       |      21.88      
   33812     |      75.24       |      19.92      
   33813     |      79.26       |      10.78      
   33814     |      85.98       |       6.82      
   33815     |      85.30       |       9.96      
   33817     |      89.44       |      20.32      
   33848     |      88.46       |      13.63      
   33849     |      70.92       |      20.07      
   33850     |      78.32       |      12.96      
   33851     |      84.57       |       8.40      
   33854     |      88.16       |      15.96      
   33855     |      89.57       |       2.78      
   33856     |      75.97       |      17.64      
   33857     |      67.70       |      22.37      
   33858     |      63.21       |      28.38      
   33859     |      58.73       |      31.31      
   33860     |      73.62       |      16.61      
   33861     |      76.45       |      16.65      
   33889     |      84.82       |       7.92      
   33890     |      80.04       |      10.21      
   33891     |      78.73       |      14.40      
   33892     |      83.75       |      18.88      
   33893     |      85.58       |      10.56      
   33894     |      84.27       |       9.46      
   33895     |      86.92       |      17.97      
   33896     |      86.46       |      16.22      
   33900     |      76.93       |      15.30      
   33901     |      69.38       |      21.95      
   33902     |      70.16       |      21.56      
   33903     |      72.75       |      17.48      
   33904     |      75.79       |      15.73      
   33905     |      69.50       |      20.59      
   33906     |      79.70       |      10.71      
   33907     |      79.37       |      10.71      
   33908     |      81.45       |      14.78      
   33909     |      89.72       |      15.99      
   33910     |      81.23       |      26.52      
   33911     |      78.64       |      23.60      
   33951     |      83.45       |      16.99      
   33954     |      77.93       |      14.30      
   33955     |      80.30       |      10.42      
   33956     |      80.11       |      14.10      
   33957     |      80.35       |      14.53      
   33960     |      86.47       |       5.73      
   33961     |      86.10       |       5.23      
   33962     |      83.52       |      19.02      
   33963     |      84.12       |      18.66      
   33964     |      69.34       |      22.79      
   33965     |      78.63       |      11.54      
   33966     |      73.56       |      19.31      
   33967     |      73.80       |      18.10      
   33968     |      82.08       |      11.76      
   33969     |      82.42       |       9.55      
   33970     |      72.43       |      17.70      
   33971     |      75.80       |      26.06      
   33998     |      82.00       |       9.96      
   33999     |      80.38       |      14.25      
   34002     |      78.34       |      11.95      
   34003     |      76.54       |      14.00      
   34004     |      88.43       |       5.02      
   34006     |      83.86       |      20.69      
   34007     |      77.08       |      18.34      
   34008     |      74.08       |      16.45      
   34009     |      71.35       |      18.78      
   34010     |      76.87       |      18.36      
   34011     |      78.33       |      15.70      
   34012     |      78.66       |      12.02      
   34013     |      86.36       |       5.34      
   34014     |      85.84       |       4.88      
   34015     |      80.68       |      18.50      
   34055     |      87.88       |      19.33      
   34056     |      87.97       |      20.48      
   34057     |      86.93       |       5.62      
   34058     |      86.21       |       3.94      
   34061     |      89.59       |       9.41      
   34063     |      80.80       |       9.65      
   34064     |      82.27       |       8.43      
   34065     |      79.05       |      30.60      
   34066     |      80.14       |      11.59      
   34069     |      86.00       |      19.38      
   34070     |      80.55       |      12.47      
   34071     |      85.55       |       6.83      
   34073     |      83.86       |      15.68      
   34074     |      80.11       |      11.91      
   34075     |      81.18       |      10.24      
   34076     |      77.07       |      18.98      
   34109     |      81.30       |      19.12      
   34110     |      79.59       |      16.51      
   34112     |      89.21       |       9.42      
   34113     |      87.77       |      19.93      
   34114     |      80.92       |      12.54      
   34115     |      80.91       |       9.62      
   34116     |      68.64       |      25.79      
   34118     |      87.99       |       9.78      
   34121     |      84.61       |      14.84      
   34122     |      78.76       |      12.73      
   34123     |      77.08       |      15.34      
   34164     |      84.09       |       9.59      
   34166     |      76.05       |      20.94      
   34167     |      75.43       |      19.86      
   34168     |      78.40       |      14.95      
   34169     |      74.07       |      17.02      
   34170     |      74.96       |      21.67      
   34171     |      88.99       |       2.98      
   34172     |      88.99       |       3.02      
   34173     |      86.51       |       4.69      
   34174     |      84.99       |       6.08      
   34175     |      72.49       |      23.38      
   34176     |      82.70       |       9.18      
   34177     |      80.93       |      14.84      
   34178     |      85.88       |      19.40      
   34183     |      82.22       |      20.26      
   34184     |      73.65       |      22.69      
   34212     |      82.85       |       8.97      
   34213     |      89.28       |      13.94      
   34214     |      73.74       |      20.28      
   34215     |      87.77       |       3.57      
   34216     |      87.94       |       7.71      
   34217     |      83.32       |       7.93      
   34218     |      66.36       |      26.03      
   34219     |      66.25       |      26.73      
   34220     |      75.69       |      18.88      
   34221     |      75.36       |      18.80      
   34222     |      74.15       |      24.22      
   34223     |      85.39       |       6.65      
   34224     |      84.99       |       8.74      
   34227     |      80.56       |       9.92      
   34228     |      76.56       |      13.73      
   34229     |      81.00       |      20.94      
   34230     |      72.10       |      20.31      
   34231     |      72.16       |      19.72      
   34232     |      74.52       |      22.41      
   34273     |      77.69       |      18.34      
   34274     |      83.95       |      17.93      
   34275     |      86.72       |      23.28      
   34276     |      89.37       |      11.54      
   34277     |      83.11       |      15.91      
   34279     |      88.00       |       2.43      
   34280     |      82.94       |      10.57      
   34281     |      81.71       |       8.89      
   34282     |      75.01       |      21.31      
   34283     |      72.33       |      23.16      
   34284     |      75.68       |      14.95      
   34285     |      76.06       |      14.52      
   34286     |      77.58       |      13.96      
   34287     |      81.25       |       9.04      
   34288     |      66.08       |      26.81      
   34289     |      66.04       |      30.28      
   34290     |      67.03       |      24.99      
   34291     |      87.18       |      14.29      
   34292     |      85.19       |       6.81      
   34299     |      84.80       |       5.93      
   34300     |      79.59       |      14.39      
   34301     |      84.38       |      16.74      
   34302     |      82.11       |       8.26      
   34303     |      80.28       |       9.98      
   34304     |      74.34       |      16.27      
   34305     |      79.36       |      26.93      
   34306     |      77.08       |      20.03      
   34333     |      86.62       |      13.19      
   34334     |      75.73       |      18.20      
   34338     |      85.40       |       8.98      
   34339     |      85.37       |      16.17      
   34340     |      74.89       |      15.38      
   34341     |      62.50       |      30.71      
   34342     |      78.40       |      12.56      
   34343     |      82.26       |      12.69      
   34347     |      80.33       |      19.60      
   34348     |      73.24       |      17.27      
   34349     |      78.70       |      11.94      
   34350     |      78.92       |      13.15      
   34390     |      87.32       |      16.33      
   34391     |      87.19       |      16.31      
   34392     |      79.89       |      10.73      
   34393     |      81.47       |       9.85      
   34394     |      78.42       |      12.43      
   34395     |      79.46       |      14.10      
   34396     |      76.93       |      20.04      
   34397     |      75.63       |      16.32      
   34398     |      71.88       |      23.67      
   34399     |      72.57       |      23.38      
   34400     |      71.35       |      19.66      
   34401     |      73.49       |      19.27      
   34402     |      74.06       |      17.68      
   34409     |      85.05       |       6.63      
   34410     |      66.52       |      25.60      
   34411     |      80.24       |      13.42      
   34412     |      80.34       |      12.09      
   34413     |      66.60       |      27.28      
   34450     |      79.96       |      18.68      
   34451     |      81.92       |      15.30      
   34452     |      83.18       |      21.76      
   34453     |      82.04       |      24.12      
   34454     |      82.79       |      15.28      
   34455     |      87.10       |       7.70      
   34456     |      88.12       |      26.03      
   34457     |      65.09       |      30.80      
   34458     |      72.97       |      17.45      
   34459     |      71.39       |      21.85      
   34460     |      80.60       |      13.81      
   34461     |      79.09       |      16.31      
   34462     |      77.86       |      13.19      
   34463     |      77.18       |      16.10      
   34464     |      77.57       |      21.85      
   34465     |      76.70       |      18.81      
   34466     |      70.28       |      21.25      
   34467     |      70.68       |      20.14      
   34468     |      69.52       |      21.04      
   34469     |      71.89       |      19.01      
   34470     |      71.87       |      19.00      
   34471     |      75.32       |      16.67      
   34472     |      78.27       |      12.29      
   34473     |      75.45       |      15.32      
   34474     |      80.24       |      11.29      
   34475     |      85.86       |       4.52      
   34476     |      83.34       |      12.89      
   34477     |      81.14       |      11.80      
   34478     |      79.76       |      20.70      
   34479     |      74.57       |      19.28      
   34480     |      78.59       |      24.13      
   34481     |      74.64       |      23.90      
   34482     |      71.07       |      22.06      
   34483     |      75.31       |      15.43      
   34521     |      69.14       |      29.73      
   34522     |      64.22       |      26.14      
   34523     |      58.54       |      32.57      
   34524     |      83.18       |      13.72      
   34525     |      75.55       |      15.17      
   34526     |      70.19       |      20.51      
   34527     |      68.26       |      24.06      
   34528     |      68.07       |      22.66      
   34529     |      80.35       |      10.02      
   34530     |      76.78       |      17.87      
   34531     |      74.38       |      16.38      
   34532     |      60.47       |      30.65      
   34533     |      61.53       |      30.00      
   34534     |      61.15       |      29.95      
   34535     |      73.79       |      20.45      
   34536     |      71.39       |      28.34      
   34537     |      71.22       |      27.76      
   34565     |      77.81       |      19.36      
   34566     |      78.22       |      20.37      
   34567     |      76.85       |      26.05      
   34568     |      76.11       |      19.41      
   34569     |      75.23       |      15.94      
   34570     |      77.01       |      13.34      
   34571     |      81.22       |      10.71      
   34572     |      79.37       |      15.18      
   34573     |      84.73       |      14.67      
   34574     |      83.66       |       6.71      
   34575     |      65.38       |      25.61      
   34576     |      74.94       |      16.69      
   34577     |      76.18       |      14.82      
   34578     |      74.27       |      17.29      
   34579     |      72.17       |      18.45      
   34580     |      73.66       |      17.33      
   34581     |      75.72       |      16.90      
   34582     |      65.87       |      25.43      
   34583     |      63.92       |      26.48      
   34584     |      66.38       |      24.24      
   34585     |      68.94       |      23.61      
   34586     |      74.84       |      26.26      
   34587     |      74.63       |      16.22      
   34588     |      73.60       |      17.64      
   34632     |      75.86       |      23.92      
   34633     |      79.22       |      16.18      
   34634     |      72.86       |      17.66      
   34635     |      84.29       |       9.60      
   34636     |      82.66       |      15.97      
   34637     |      69.05       |      22.03      
   34638     |      65.22       |      26.43      
   34639     |      65.38       |      25.44      
   34640     |      84.04       |       7.74      
   34641     |      63.44       |      27.00      
   34642     |      71.83       |      20.39      
   34643     |      71.62       |      26.18      
   34644     |      65.82       |      26.34      
   34645     |      74.64       |      15.86      
   34646     |      72.37       |      21.00      
   34647     |      76.09       |      26.01      
   34648     |      76.28       |      25.38      
   34689     |      76.76       |      14.06      
   34690     |      73.40       |      17.14      
   34691     |      79.74       |      13.58      
   34692     |      79.69       |      15.01      
   34693     |      84.67       |       8.83      
   34694     |      76.44       |      14.10      
   34695     |      76.48       |      14.20      
   34696     |      73.67       |      18.89      
   34697     |      75.26       |      17.62      
   34698     |      73.11       |      17.32      
   34699     |      73.60       |      16.86      
   34700     |      73.46       |      18.56      
   34701     |      77.68       |      23.75      
   34702     |      75.60       |      17.01      
   34703     |      61.98       |      28.50      
   34704     |      68.74       |      23.81      
   34705     |      69.34       |      22.48      
   34706     |      68.54       |      21.98      
   34707     |      67.19       |      23.30      
   34708     |      70.36       |      21.41      
   34709     |      60.32       |      34.08      
   34710     |      62.36       |      28.93      
   34743     |      85.08       |      13.57      
   34744     |      75.09       |      16.06      
   34745     |      72.97       |      17.47      
   34746     |      86.15       |      21.16      
   34747     |      89.12       |      15.65      
   34748     |      69.88       |      22.99      
   34749     |      79.85       |      14.32      
   34750     |      81.05       |      11.87      
   34751     |      73.69       |      18.90      
   34752     |      79.46       |      11.16      
   34753     |      71.92       |      19.29      
   34754     |      70.73       |      19.75      
   34755     |      69.10       |      21.38      
   34756     |      74.18       |      25.19      
   34757     |      72.01       |      24.81      
   34758     |      56.87       |      33.76      
   34759     |      65.83       |      32.22      
   34760     |      66.76       |      33.95      
   34761     |      64.62       |      26.24      
   34762     |      64.14       |      26.45      
   34763     |      66.25       |      35.03      
   34764     |      68.20       |      29.49      
   34806     |      83.53       |      26.24      
   34807     |      78.39       |      13.39      
   34808     |      79.24       |      21.66      
   34809     |      72.02       |      21.00      
   34811     |      89.61       |       1.59      
   34812     |      67.24       |      25.46      
   34813     |      69.18       |      21.29      
   34814     |      70.44       |      20.36      
   34815     |      79.27       |      16.27      
   34816     |      80.52       |      12.79      
   34817     |      69.62       |      20.86      
   34818     |      70.00       |      20.51      
   34819     |      68.66       |      21.86      
   34820     |      69.53       |      21.49      
   34821     |      63.62       |      30.93      
   34822     |      59.52       |      31.58      
   34823     |      64.86       |      27.25      
   34824     |      68.23       |      31.21      
   34825     |      60.80       |      34.68      
   34826     |      61.84       |      28.73      
   34827     |      58.13       |      34.11      
   34828     |      58.92       |      33.58      
   34829     |      62.90       |      32.65      
   34830     |      69.02       |      23.07      
   34831     |      68.30       |      26.13      
   34832     |      75.74       |      29.75      
   34833     |      78.00       |      26.23      
   34834     |      62.72       |      27.94      
   34835     |      64.42       |      27.06      
   34836     |      69.01       |      28.59      
   34862     |      80.44       |      23.15      
   34863     |      83.76       |       6.69      
   34864     |      81.53       |      18.21      
   34865     |      80.12       |      10.37      
   34866     |      74.66       |      22.99      
   34867     |      78.71       |      12.30      
   34868     |      71.44       |      19.08      
   34869     |      71.03       |      21.15      
   34870     |      74.12       |      18.60      
   34871     |      76.83       |      13.73      
   34872     |      69.69       |      21.26      
   34873     |      70.80       |      20.83      
   34874     |      73.58       |      17.01      
   34875     |      73.88       |      16.75      
   34876     |      77.73       |      13.30      
   34877     |      76.35       |      15.15      
   34878     |      74.11       |      20.03      
   34879     |      65.02       |      33.60      
   34880     |      69.66       |      22.16      
   34881     |      66.54       |      24.16      
   34882     |      67.62       |      24.74      
   34883     |      66.57       |      24.96      
   34884     |      64.60       |      26.39      
   34885     |      83.61       |       8.60      
   34886     |      79.62       |      20.21      
   34887     |      87.26       |      29.37      
   34888     |      73.32       |      20.21      
   34889     |      66.77       |      28.62      
   34890     |      68.34       |      22.43      
   34891     |      69.83       |      20.85      
   34892     |      77.98       |      15.58      
   34927     |      79.18       |      23.38      
   34928     |      74.60       |      19.92      
   34929     |      76.23       |      17.05      
   34930     |      75.82       |      17.00      
   34931     |      79.03       |      12.59      
   34932     |      81.36       |      11.52      
   34933     |      62.92       |      27.77      
   34934     |      64.16       |      26.38      
   34935     |      72.99       |      17.67      
   34936     |      81.62       |       9.00      
   34937     |      76.55       |      14.16      
   34938     |      77.06       |      14.25      
   34939     |      63.25       |      30.93      
   34940     |      69.61       |      22.48      
   34941     |      61.59       |      29.18      
   34942     |      62.50       |      29.61      
   34943     |      58.10       |      33.00      
   34944     |      58.97       |      33.79      
   34945     |      66.68       |      25.48      
   34946     |      62.46       |      28.42      
   34947     |      62.83       |      28.12      
   34948     |      66.53       |      28.77      
   34949     |      65.76       |      34.56      
   34950     |      68.92       |      38.55      
   34951     |      70.09       |      27.76      
   34952     |      76.55       |      19.19      
   34953     |      76.10       |      14.55      
   34954     |      74.12       |      17.01      
   34955     |      75.23       |      17.10      
   34998     |      79.73       |      20.35      
   34999     |      78.91       |      18.51      
   35000     |      77.34       |      13.12      
   35001     |      84.18       |      16.42      
   35002     |      85.63       |       4.90      
   35003     |      82.78       |      11.67      
   35004     |      84.47       |       6.52      
   35005     |      78.36       |      13.42      
   35006     |      79.25       |      13.50      
   35007     |      72.94       |      18.17      
   35008     |      65.69       |      25.30      
   35009     |      66.04       |      25.96      
   35010     |      58.62       |      32.44      
   35011     |      71.78       |      19.73      
   35012     |      73.05       |      17.85      
   35013     |      72.09       |      18.55      
   35014     |      66.40       |      24.32      
   35015     |      64.18       |      27.73      
   35016     |      76.90       |      14.03      
   35055     |      72.04       |      29.18      
   35056     |      79.30       |      11.36      
   35057     |      83.61       |      17.58      
   35058     |      82.25       |       8.89      
   35059     |      81.79       |      11.76      
   35060     |      81.68       |       8.85      
   35061     |      75.40       |      17.51      
   35062     |      76.61       |      17.33      
   35063     |      79.37       |      11.45      
   35064     |      78.81       |      11.89      
   35065     |      80.44       |      10.67      
   35066     |      74.69       |      16.09      
   35067     |      77.02       |      15.24      
   35068     |      69.62       |      21.70      
   35069     |      69.59       |      21.25      
   35070     |      76.52       |      14.19      
   35071     |      72.91       |      18.42      
   35072     |      73.55       |      21.31      
   35073     |      65.99       |      26.15      
   35074     |      68.46       |      22.34      
   35075     |      68.74       |      23.24      
   35076     |      70.08       |      21.15      
   35077     |      69.13       |      21.80      
   35078     |      67.80       |      23.57      
   35079     |      72.79       |      17.89      
   35080     |      72.70       |      18.64      
   35081     |      66.89       |      23.91      
   35082     |      66.17       |      25.49      
   35083     |      67.51       |      33.25      
   35084     |      73.49       |      17.74      
   35085     |      77.66       |      19.21      
   35086     |      79.78       |      11.30      
   35087     |      61.53       |      29.78      
   35121     |      88.30       |      13.15      
   35122     |      81.04       |      10.03      
   35123     |      82.25       |      10.69      
   35124     |      75.42       |      15.24      
   35125     |      74.35       |      16.28      
   35126     |      76.57       |      17.00      
   35127     |      76.77       |      14.93      
   35128     |      76.47       |      15.58      
   35129     |      77.38       |      13.22      
   35130     |      75.78       |      14.89      
   35131     |      69.92       |      25.55      
   35132     |      73.57       |      18.02      
   35133     |      70.30       |      21.01      
   35134     |      66.65       |      24.00      
   35135     |      66.39       |      24.44      
   35136     |      70.34       |      20.37      
   35137     |      66.76       |      25.16      
   35138     |      71.89       |      24.82      
   35139     |      68.46       |      26.16      
   35140     |      66.22       |      25.92      
   35141     |      66.65       |      25.46      
   35164     |      84.63       |       8.74      
   35165     |      80.87       |      22.38      
   35166     |      79.91       |      10.63      
   35167     |      72.49       |      18.08      
   35168     |      71.90       |      18.74      
   35169     |      78.80       |      13.01      
   35170     |      82.48       |       8.24      
   35171     |      76.57       |      15.27      
   35172     |      77.17       |      15.57      
   35173     |      81.03       |      10.23      
   35174     |      78.94       |      11.74      
   35175     |      77.56       |      16.18      
   35176     |      75.71       |      15.06      
   35177     |      80.01       |      11.17      
   35178     |      82.61       |       9.55      
   35179     |      70.72       |      21.23      
   35180     |      70.76       |      20.35      
   35181     |      68.73       |      22.92      
   35219     |      85.33       |      24.19      
   35220     |      72.64       |      17.91      
   35221     |      77.55       |      16.87      
   35222     |      76.23       |      14.46      
   35223     |      79.88       |      16.05      
   35224     |      79.83       |      13.93      
   35225     |      74.89       |      15.97      
   35226     |      79.92       |      11.24      
   35227     |      81.03       |      11.86      
   35228     |      77.57       |      15.19      
   35229     |      77.53       |      16.94      
   35230     |      79.55       |      16.00      
   35231     |      78.92       |      14.38      
   35232     |      76.15       |      18.55      
   35233     |      81.69       |       9.58      
   35234     |      81.19       |      12.06      
   35235     |      82.78       |      20.23      
   35236     |      71.59       |      20.05      
   35237     |      79.27       |      19.41      
   35238     |      79.62       |      16.79      
   35239     |      78.00       |      14.65      
   35240     |      77.95       |      14.85      
   35270     |      87.48       |      23.23      
   35271     |      76.74       |      20.71      
   35272     |      72.86       |      17.71      
   35273     |      81.71       |      13.71      
   35274     |      80.33       |      17.70      
   35275     |      78.01       |      14.69      
   35276     |      74.99       |      16.18      
   35277     |      86.39       |       8.57      
   35278     |      87.32       |       4.93      
   35279     |      86.69       |       4.71      
   35280     |      77.97       |      16.32      
   35281     |      79.94       |      12.60      
   35282     |      78.65       |      12.27      
   35283     |      78.15       |      26.48      
   35284     |      78.00       |      21.92      
   35285     |      75.69       |      15.13      
   35286     |      75.06       |      16.55      
   35327     |      88.25       |       7.56      
   35330     |      83.19       |      10.08      
   35331     |      79.35       |      11.63      
   35332     |      79.68       |      11.05      
   35333     |      78.61       |      12.30      
   35334     |      81.22       |      13.05      
   35335     |      82.52       |      18.82      
   35336     |      79.80       |      11.39      
   35337     |      86.62       |       7.25      
   35338     |      76.82       |      17.82      
   35339     |      74.00       |      19.55      
   35340     |      74.77       |      16.52      
   35341     |      72.33       |      21.05      
   35342     |      79.61       |      13.07      
   35343     |      76.84       |      14.39      
   35344     |      77.29       |      13.53      
   35345     |      69.14       |      23.40      
   35346     |      70.08       |      27.82      
   35347     |      81.79       |      16.57      
   35348     |      75.40       |      16.98      
   35384     |      89.05       |       3.01      
   35386     |      86.49       |       9.46      
   35387     |      87.68       |      12.22      
   35388     |      85.66       |       6.33      
   35389     |      78.10       |      15.64      
   35390     |      75.46       |      15.25      
   35391     |      72.04       |      22.04      
   35392     |      66.44       |      25.80      
   35393     |      64.48       |      26.26      
   35394     |      69.69       |      22.24      
   35395     |      77.22       |      14.04      
   35396     |      76.95       |      15.57      
   35397     |      75.31       |      17.67      
   35398     |      81.91       |       9.88      
   35399     |      81.61       |      11.83      
   35400     |      78.04       |      14.06      
   35401     |      76.97       |      17.47      
   35402     |      75.11       |      16.54      
   35403     |      72.35       |      22.40      
   35404     |      72.26       |      22.35      
   35405     |      74.06       |      17.08      
   35406     |      74.11       |      20.61      
   35436     |      86.67       |      25.07      
   35437     |      88.46       |      18.95      
   35438     |      87.81       |      10.78      
   35441     |      82.03       |      11.39      
   35442     |      78.64       |      12.80      
   35443     |      75.63       |      20.17      
   35444     |      82.48       |       9.30      
   35445     |      83.87       |       7.13      
   35446     |      69.36       |      22.58      
   35447     |      67.71       |      23.58      
   35448     |      70.94       |      19.97      
   35449     |      74.64       |      19.97      
   35450     |      73.99       |      16.80      
   35451     |      83.96       |      11.27      
   35452     |      80.28       |      13.96      
   35453     |      79.97       |      15.46      
   35454     |      86.50       |       5.82      
   35455     |      87.21       |      11.09      
   35456     |      81.38       |      15.18      
   35457     |      88.75       |       9.65      
   35459     |      87.15       |       9.03      
   35460     |      84.02       |      12.14      
   35461     |      84.29       |      15.51      
   35462     |      68.72       |      26.02      
   35463     |      70.89       |      21.20      
   35464     |      71.15       |      19.82      
   35465     |      72.10       |      19.01      
   35466     |      70.91       |      22.60      
   35502     |      85.23       |       5.77      
   35503     |      79.95       |      11.15      
   35504     |      74.50       |      18.61      
   35505     |      74.27       |      16.58      
   35506     |      72.31       |      18.98      
   35507     |      70.73       |      20.10      
   35508     |      60.47       |      30.41      
   35509     |      62.82       |      30.97      
   35510     |      77.42       |      13.36      
   35511     |      74.14       |      16.68      
   35512     |      73.71       |      18.05      
   35513     |      74.90       |      18.06      
   35514     |      79.73       |      11.61      
   35515     |      79.23       |      13.55      
   35516     |      79.12       |      13.24      
   35521     |      88.20       |      12.55      
   35522     |      83.42       |      24.36      
   35523     |      81.37       |      14.02      
   35524     |      77.85       |      18.90      
   35525     |      82.16       |      15.36      
   35526     |      74.54       |      27.32      
   35527     |      69.80       |      24.60      
   35563     |      78.17       |      21.87      
   35564     |      80.17       |      26.39      
   35565     |      84.12       |      13.68      
   35566     |      76.61       |      15.83      
   35567     |      80.11       |      10.65      
   35568     |      73.23       |      19.49      
   35569     |      71.20       |      19.56      
   35570     |      62.79       |      28.03      
   35571     |      63.26       |      27.51      
   35572     |      67.03       |      29.51      
   35573     |      82.52       |       9.21      
   35574     |      76.36       |      16.90      
   35575     |      75.82       |      16.48      
   35576     |      85.96       |      10.03      
   35577     |      86.76       |       6.35      
   35578     |      89.12       |       2.14      
   35579     |      85.71       |      15.44      
   35583     |      86.08       |      14.80      
   35584     |      84.57       |      11.87      
   35585     |      75.04       |      19.26      
   35587     |      79.00       |      25.53      
   35625     |      80.16       |      19.04      
   35626     |      74.74       |      17.81      
   35627     |      81.13       |      10.18      
   35628     |      76.31       |      14.69      
   35629     |      67.33       |      24.37      
   35630     |      72.97       |      24.87      
   35631     |      76.13       |      24.95      
   35632     |      79.43       |      12.34      
   35633     |      78.02       |      14.05      
   35634     |      87.09       |       9.15      
   35635     |      82.60       |       8.36      
   35636     |      79.33       |      13.50      
   35637     |      75.87       |      16.99      
   35638     |      84.94       |       9.48      
   35639     |      80.30       |      13.59      
   35640     |      86.44       |       7.60      
   35641     |      72.77       |      31.21      
   35643     |      78.45       |      16.08      
   35684     |      65.46       |      32.65      
   35685     |      69.90       |      28.73      
   35686     |      74.72       |      17.79      
   35687     |      73.92       |      18.42      
   35688     |      67.87       |      23.05      
   35689     |      68.32       |      23.49      
   35690     |      69.11       |      21.71      
   35691     |      73.53       |      17.36      
   35692     |      78.42       |      16.61      
   35693     |      78.22       |      17.47      
   35694     |      86.07       |      20.81      
   35695     |      87.28       |      17.84      
   35696     |      84.29       |       7.43      
   35697     |      83.10       |      10.21      
   35698     |      81.51       |      10.28      
   35699     |      80.89       |      10.06      
   35700     |      78.15       |      12.96      
   35701     |      78.47       |      14.05      
   35702     |      86.12       |       9.39      
   35703     |      87.21       |       7.39      
   35704     |      83.46       |       7.58      
   35705     |      83.59       |       7.40      
   35706     |      86.27       |       7.68      
   35707     |      74.04       |      20.70      
   35753     |      83.58       |      28.00      
   35754     |      75.98       |      16.44      
   35755     |      69.94       |      28.11      
   35756     |      76.20       |      15.92      
   35757     |      70.00       |      22.11      
   35758     |      67.13       |      23.73      
   35759     |      70.66       |      20.22      
   35760     |      70.15       |      20.89      
   35761     |      71.43       |      22.34      
   35762     |      89.04       |      17.91      
   35763     |      80.27       |      11.97      
   35764     |      80.37       |      12.54      
   35765     |      81.60       |       9.46      
   35766     |      78.60       |      14.63      
   35767     |      88.19       |       3.63      
   35807     |      82.77       |      11.02      
   35808     |      70.38       |      38.15      
   35809     |      58.58       |      42.10      
   35810     |      63.15       |      29.37      
   35811     |      69.40       |      28.79      
   35812     |      71.81       |      19.34      
   35813     |      69.91       |      21.17      
   35814     |      77.58       |      14.82      
   35815     |      78.79       |      12.10      
   35816     |      78.58       |      12.30      
   35817     |      82.79       |      12.74      
   35818     |      76.43       |      14.55      
   35819     |      77.63       |      13.42      
   35820     |      86.04       |       4.94      
   35821     |      80.61       |      13.40      
   35823     |      82.17       |       9.03      
   35878     |      58.76       |      32.01      
   35879     |      58.94       |      41.69      
   35880     |      69.47       |      27.58      
   35881     |      59.79       |      32.84      
   35882     |      59.66       |      33.65      
   35883     |      71.81       |      19.26      
   35884     |      76.54       |      16.11      
   35885     |      74.52       |      17.07      
   35886     |      89.13       |      13.99      
   35889     |      73.48       |      17.85      
   35890     |      75.48       |      16.32      
   35891     |      73.14       |      17.89      
   35892     |      89.49       |       2.87      
   35951     |      83.16       |       7.98      
   35952     |      81.70       |      17.91      
   35953     |      78.14       |      13.42      
   35954     |      78.11       |      13.37      
   35955     |      78.68       |      12.68      
   36003     |      64.33       |      26.49      
   36004     |      67.55       |      35.56      
   36005     |      67.36       |      27.96      
   36006     |      66.40       |      25.98      
   36007     |      64.03       |      28.00      
   36008     |      64.18       |      27.98      
   36009     |      77.78       |      21.10      
   36010     |      80.34       |      10.62      
   36011     |      88.21       |      12.47      
   36012     |      85.89       |       5.29      
   36014     |      81.44       |      22.06      
   36015     |      75.05       |      19.52      
   36068     |      55.27       |      42.24      
   36069     |      70.73       |      23.89      
   36070     |      67.23       |      35.55      
   36071     |      66.77       |      31.00      
   36072     |      67.60       |      23.84      
   36073     |      68.68       |      26.03      
   36074     |      75.39       |      15.72      
   36075     |      75.13       |      16.31      
   36076     |      80.99       |      11.84      
   36077     |      85.33       |      14.70      
   36135     |      65.63       |      29.28      
   36136     |      64.33       |      30.00      
   36137     |      66.86       |      27.50      
   36138     |      67.26       |      24.77      
   36139     |      71.13       |      22.90      
   36140     |      67.41       |      34.42      
   36141     |      59.78       |      34.06      
   36200     |      71.96       |      19.24      
   36201     |      67.43       |      28.06      
   36202     |      67.69       |      26.29      
   36203     |      71.30       |      27.69      
   36204     |      68.20       |      26.37      
   36205     |      69.30       |      25.97      
   36206     |      69.93       |      23.62      
   36207     |      73.34       |      20.51      
   36265     |      65.15       |      26.63      
   36266     |      73.05       |      20.15      
   36267     |      68.96       |      24.69      
   36268     |      79.17       |      14.71      
   36269     |      74.12       |      17.89      
   36335     |      72.95       |      21.59      
   36336     |      73.62       |      26.13      
   36337     |      70.29       |      26.04      
   36338     |      79.18       |      19.61      
   36407     |      71.41       |      25.37      
   36408     |      74.16       |      20.95      
   36409     |      72.82       |      26.65      
   36471     |      75.83       |      17.58      
   36472     |      78.60       |      13.52      
   36473     |      79.00       |      12.53      
   36474     |      74.47       |      20.21      
   36539     |      71.21       |      25.35      
   36603     |      67.72       |      27.06      
   36604     |      64.96       |      26.88      
   36665     |      58.74       |      34.80      
   36666     |      62.79       |      35.76      
   36668     |      73.00       |      21.58      
   36728     |      51.93       |      45.64      
   36729     |      53.24       |      42.14      
   36863     |      49.63       |      51.01      
   36864     |      49.96       |      47.13      
   36865     |      47.31       |      52.39      
   36937     |      58.48       |      36.47      
