=== Visibility Analysis Summary ===
Total patches: 49152
Geometric visible: 2876 (5.9%)
Light illuminated: 1404 (48.8% of geometric)
Reflection conditions met: 2876 (100.0% of geometric)
Light unoccluded: 1404 (48.8% of geometric)
Final visible: 1404 (2.9% of total)
Visible area: 203.85 (2.6% of total area)

=== Detailed Visibility Information ===
Patch Index  | Incidence Angle  |  Viewing Angle  
-------------+------------------+-----------------
    4883     |      88.85       |      29.25      
    4884     |      86.92       |       4.01      
    5318     |      85.27       |      11.50      
    5319     |      83.49       |      23.66      
    5320     |      85.23       |      22.07      
    5325     |      89.17       |       6.49      
    5385     |      87.42       |      17.75      
    5455     |      83.43       |      15.04      
    5457     |      88.28       |       9.20      
    5458     |      87.09       |       9.44      
    5459     |      84.19       |      18.23      
    5460     |      89.50       |      11.07      
    5517     |      80.17       |      11.80      
    5518     |      76.62       |      16.11      
    5519     |      85.13       |      24.65      
    5520     |      84.34       |      24.61      
    5522     |      89.12       |      15.70      
    5586     |      81.71       |      10.87      
    5588     |      85.92       |      25.76      
    5594     |      87.43       |      12.21      
    5657     |      84.90       |      12.59      
    5658     |      83.53       |      18.39      
    5659     |      89.12       |      15.83      
    5660     |      89.78       |      15.23      
    5661     |      85.65       |      31.38      
    5669     |      84.09       |       7.23      
    5670     |      85.03       |       4.95      
    5730     |      77.19       |      28.23      
    5737     |      77.91       |      11.82      
    5738     |      77.39       |      12.35      
    5739     |      87.31       |       4.35      
    5864     |      80.30       |      14.56      
    5865     |      68.95       |      29.94      
    5866     |      70.55       |      33.80      
    5874     |      88.43       |       6.56      
    5875     |      85.54       |       9.69      
    5935     |      84.98       |      12.91      
    5936     |      66.55       |      32.74      
    5937     |      85.13       |      15.70      
    5938     |      89.52       |      33.48      
    6004     |      87.25       |      30.56      
    6059     |      89.97       |      33.75      
    6062     |      88.99       |      19.35      
    6063     |      89.96       |      17.45      
    6070     |      88.76       |       8.93      
    6142     |      85.18       |      19.65      
    6143     |      85.09       |      20.98      
    6144     |      84.91       |      17.98      
    6145     |      87.31       |       3.79      
    6146     |      85.73       |      10.08      
    6197     |      84.69       |       5.59      
    6202     |      82.64       |      19.17      
    6203     |      82.48       |      19.58      
    6204     |      85.58       |       8.34      
    6205     |      85.11       |       8.83      
    6206     |      77.73       |      14.55      
    6273     |      60.41       |      29.90      
    6274     |      83.64       |       6.70      
    6275     |      87.24       |      36.25      
    6279     |      83.52       |      19.47      
    6280     |      85.52       |      16.70      
    6338     |      71.77       |      26.82      
    6339     |      87.45       |      36.33      
    6342     |      87.02       |      14.99      
    6343     |      79.53       |      20.55      
    6344     |      85.36       |      24.28      
    6347     |      87.22       |      13.74      
    6348     |      84.01       |      12.06      
    6401     |      60.23       |      37.62      
    6402     |      74.52       |      42.22      
    6403     |      75.66       |      40.77      
    6404     |      84.85       |      16.40      
    6405     |      84.94       |      16.21      
    6408     |      79.05       |      24.30      
    6410     |      89.34       |      11.07      
    6411     |      86.02       |      13.87      
    6467     |      73.09       |      35.66      
    6468     |      70.20       |      36.71      
    6469     |      71.80       |      42.94      
    6471     |      83.04       |      15.94      
    6472     |      75.00       |      22.36      
    6473     |      78.07       |      16.64      
    6474     |      89.95       |       8.50      
    6475     |      86.82       |      18.87      
    6539     |      81.55       |      28.37      
    6540     |      86.02       |      26.05      
    6541     |      81.47       |      39.58      
    6542     |      80.98       |      44.19      
    6543     |      84.66       |      40.02      
    6544     |      74.91       |      44.03      
    6545     |      76.62       |      29.52      
    6546     |      72.02       |      35.42      
    6547     |      79.60       |      18.81      
    6548     |      84.26       |      15.19      
    6549     |      89.76       |      11.03      
    6550     |      78.99       |      21.36      
    6551     |      80.98       |      19.45      
    6552     |      75.92       |      15.21      
    6553     |      85.90       |       4.26      
    6554     |      84.81       |      10.29      
    6555     |      79.98       |      20.14      
    6556     |      89.03       |      20.87      
    6558     |      83.39       |      14.06      
    6617     |      84.84       |      15.05      
    6618     |      81.45       |      14.46      
    6619     |      85.42       |      10.19      
    6620     |      84.87       |       7.14      
    6621     |      82.53       |       9.85      
    6622     |      80.41       |      19.61      
    6623     |      79.85       |      20.01      
    6624     |      83.51       |      15.82      
    6625     |      83.70       |      15.46      
    6661     |      73.48       |      38.46      
    6662     |      79.30       |      28.22      
    6663     |      75.45       |      39.25      
    6664     |      83.34       |      37.95      
    6665     |      70.93       |      36.02      
    6667     |      88.04       |      10.12      
    6668     |      81.96       |      11.03      
    6669     |      82.67       |       9.07      
    6670     |      76.92       |      16.37      
    6671     |      75.67       |      14.93      
    6672     |      84.60       |      14.85      
    6717     |      85.77       |      33.74      
    6718     |      86.27       |      32.69      
    6719     |      74.78       |      37.51      
    6720     |      77.07       |      32.63      
    6721     |      72.10       |      23.43      
    6722     |      63.92       |      33.14      
    6723     |      62.31       |      37.59      
    6724     |      64.46       |      35.05      
    6725     |      64.61       |      33.97      
    6726     |      82.28       |      22.40      
    6727     |      83.77       |      16.26      
    6728     |      84.64       |      22.19      
    6729     |      88.63       |       9.54      
    6730     |      88.50       |       9.82      
    6732     |      89.77       |      21.45      
    6785     |      72.13       |      42.09      
    6786     |      79.24       |      35.98      
    6787     |      78.81       |      22.77      
    6788     |      83.05       |      17.54      
    6789     |      80.08       |      19.43      
    6790     |      76.24       |      31.99      
    6791     |      65.77       |      37.33      
    6792     |      70.38       |      31.18      
    6793     |      66.67       |      33.42      
    6794     |      78.59       |      18.10      
    6795     |      74.93       |      20.85      
    6796     |      77.84       |      16.25      
    6797     |      89.43       |      25.59      
    6804     |      81.74       |      22.77      
    6805     |      83.79       |      15.20      
    6806     |      85.26       |      18.62      
    6807     |      88.46       |      11.69      
    6808     |      83.14       |      15.84      
    6809     |      85.29       |       7.81      
    6810     |      82.39       |       7.74      
    6812     |      87.13       |      14.30      
    6855     |      72.71       |      30.12      
    6856     |      65.06       |      42.03      
    6857     |      78.03       |      22.18      
    6858     |      65.09       |      38.17      
    6859     |      78.28       |      28.17      
    6860     |      69.49       |      40.47      
    6861     |      73.49       |      32.32      
    6862     |      74.82       |      30.33      
    6866     |      82.97       |      14.66      
    6867     |      81.28       |      26.07      
    6868     |      87.87       |      18.28      
    6869     |      79.76       |      10.41      
    6870     |      82.15       |       7.99      
    6871     |      82.53       |       7.59      
    6917     |      72.29       |      28.97      
    6918     |      70.29       |      31.60      
    6919     |      64.47       |      35.63      
    6920     |      63.28       |      37.23      
    6921     |      59.95       |      33.54      
    6922     |      65.06       |      27.67      
    6923     |      81.73       |      28.52      
    6924     |      74.21       |      29.94      
    6925     |      87.33       |      17.80      
    6926     |      80.15       |      25.49      
    6927     |      79.72       |      25.98      
    6928     |      77.82       |      19.34      
    6929     |      89.28       |      11.79      
    6930     |      86.09       |      17.92      
    6931     |      86.73       |       4.10      
    6932     |      85.06       |       8.04      
    6933     |      86.51       |       6.40      
    6934     |      89.12       |      16.24      
    6935     |      88.29       |      16.86      
    6978     |      70.48       |      28.66      
    6979     |      72.12       |      19.66      
    6980     |      56.32       |      36.60      
    6981     |      63.25       |      39.62      
    6982     |      71.56       |      30.56      
    6983     |      74.90       |      28.45      
    6984     |      75.55       |      27.11      
    6985     |      67.77       |      31.73      
    6986     |      86.58       |      15.11      
    6987     |      77.90       |      25.97      
    6988     |      83.14       |      14.34      
    6989     |      86.24       |       4.58      
    6993     |      89.34       |       1.98      
    6994     |      87.81       |       5.67      
    6995     |      87.73       |      15.56      
    7054     |      71.48       |      36.59      
    7055     |      76.25       |      32.04      
    7056     |      70.75       |      39.18      
    7057     |      74.07       |      32.92      
    7058     |      67.02       |      38.26      
    7059     |      71.87       |      24.87      
    7060     |      70.78       |      26.12      
    7061     |      64.66       |      31.45      
    7062     |      72.26       |      20.59      
    7063     |      72.40       |      23.27      
    7064     |      74.55       |      19.97      
    7066     |      85.34       |      19.36      
    7067     |      89.21       |      14.80      
    7112     |      78.16       |      28.81      
    7113     |      80.74       |      21.56      
    7114     |      66.67       |      38.97      
    7115     |      80.22       |      24.16      
    7116     |      67.49       |      34.20      
    7117     |      81.68       |      20.02      
    7118     |      79.08       |      33.18      
    7119     |      72.05       |      30.54      
    7120     |      73.54       |      23.06      
    7121     |      75.77       |      20.02      
    7124     |      87.65       |      13.24      
    7125     |      82.32       |       8.06      
    7126     |      80.99       |       9.26      
    7166     |      70.43       |      28.62      
    7167     |      69.24       |      33.17      
    7168     |      79.93       |      21.29      
    7169     |      61.43       |      39.57      
    7170     |      77.00       |      32.41      
    7171     |      72.05       |      29.47      
    7172     |      80.17       |      19.44      
    7173     |      71.20       |      23.96      
    7174     |      75.93       |      19.50      
    7175     |      83.05       |       9.23      
    7176     |      83.86       |       6.58      
    7177     |      79.01       |      11.28      
    7178     |      81.44       |      11.44      
    7179     |      87.13       |      10.15      
    7180     |      86.50       |      11.05      
    7181     |      87.46       |      28.39      
    7182     |      88.73       |      27.31      
    7226     |      68.65       |      29.30      
    7227     |      74.44       |      25.41      
    7228     |      77.80       |      29.60      
    7229     |      76.88       |      30.53      
    7230     |      63.75       |      31.31      
    7231     |      69.54       |      24.56      
    7232     |      69.57       |      35.89      
    7233     |      67.89       |      39.17      
    7234     |      77.70       |      30.39      
    7235     |      70.75       |      33.72      
    7236     |      74.04       |      28.89      
    7237     |      77.00       |      26.78      
    7238     |      77.58       |      23.42      
    7239     |      75.04       |      15.49      
    7240     |      75.17       |      15.52      
    7241     |      80.76       |       9.73      
    7279     |      63.31       |      35.37      
    7280     |      73.36       |      30.83      
    7281     |      75.73       |      29.81      
    7282     |      76.62       |      28.81      
    7283     |      62.69       |      39.66      
    7284     |      70.46       |      29.09      
    7285     |      70.87       |      30.26      
    7286     |      72.91       |      27.43      
    7287     |      70.47       |      28.23      
    7288     |      75.15       |      18.90      
    7289     |      76.02       |      18.23      
    7290     |      67.52       |      37.87      
    7291     |      77.50       |      27.16      
    7292     |      77.68       |      23.92      
    7293     |      80.57       |      19.08      
    7294     |      74.10       |      16.99      
    7295     |      76.67       |      14.37      
    7296     |      77.15       |      15.00      
    7297     |      81.61       |       8.94      
    7298     |      82.07       |      10.75      
    7330     |      72.38       |      34.58      
    7331     |      75.11       |      31.48      
    7332     |      74.91       |      31.55      
    7333     |      81.88       |      18.44      
    7334     |      69.74       |      28.43      
    7335     |      67.61       |      34.23      
    7336     |      74.65       |      37.06      
    7337     |      73.55       |      32.75      
    7338     |      78.84       |      23.70      
    7339     |      63.46       |      35.77      
    7340     |      59.21       |      37.76      
    7341     |      63.72       |      29.69      
    7342     |      76.15       |      14.78      
    7343     |      65.85       |      30.55      
    7344     |      65.11       |      26.80      
    7345     |      77.68       |      14.73      
    7346     |      86.22       |       6.96      
    7347     |      84.37       |      10.80      
    7348     |      88.13       |      18.09      
    7349     |      84.70       |      27.00      
    7407     |      66.75       |      35.08      
    7408     |      55.10       |      39.24      
    7409     |      54.12       |      40.12      
    7410     |      69.68       |      24.62      
    7411     |      73.40       |      19.89      
    7412     |      71.82       |      35.02      
    7413     |      72.17       |      34.63      
    7414     |      69.67       |      31.44      
    7415     |      66.74       |      34.34      
    7416     |      80.99       |      34.76      
    7417     |      76.88       |      36.89      
    7418     |      77.20       |      23.62      
    7419     |      71.04       |      31.95      
    7420     |      74.00       |      29.99      
    7421     |      70.59       |      20.32      
    7422     |      63.96       |      27.86      
    7423     |      68.64       |      23.05      
    7424     |      62.94       |      33.52      
    7425     |      63.86       |      29.97      
    7426     |      76.85       |      14.26      
    7427     |      79.14       |      19.95      
    7428     |      76.43       |      21.97      
    7429     |      77.22       |      13.97      
    7430     |      80.81       |      11.03      
    7431     |      82.73       |      16.44      
    7432     |      82.98       |      17.02      
    7433     |      89.85       |       6.87      
    7434     |      86.60       |      14.98      
    7435     |      82.21       |      21.18      
    7436     |      84.96       |      27.72      
    7437     |      83.27       |      36.76      
    7470     |      66.32       |      25.08      
    7471     |      53.31       |      40.45      
    7472     |      57.25       |      42.65      
    7473     |      51.15       |      47.77      
    7474     |      49.07       |      50.29      
    7475     |      54.27       |      45.08      
    7476     |      61.39       |      31.32      
    7477     |      69.63       |      39.31      
    7478     |      77.67       |      34.08      
    7479     |      76.79       |      24.70      
    7480     |      77.46       |      23.56      
    7481     |      83.18       |       7.95      
    7482     |      83.17       |       7.95      
    7483     |      74.44       |      16.96      
    7484     |      68.57       |      33.70      
    7485     |      78.73       |      26.58      
    7486     |      74.35       |      33.30      
    7487     |      82.08       |      29.03      
    7488     |      89.49       |      25.11      
    7489     |      85.07       |      14.24      
    7490     |      84.32       |      16.54      
    7491     |      86.06       |      21.73      
    7492     |      88.68       |      18.79      
    7493     |      81.39       |      16.36      
    7494     |      83.49       |      29.23      
    7495     |      86.24       |      28.62      
    7543     |      64.14       |      41.29      
    7544     |      48.31       |      49.30      
    7545     |      73.53       |      30.12      
    7546     |      73.42       |      30.62      
    7547     |      69.94       |      34.17      
    7548     |      71.64       |      31.37      
    7549     |      71.48       |      30.52      
    7550     |      64.16       |      39.83      
    7551     |      71.57       |      19.32      
    7552     |      49.78       |      42.51      
    7553     |      74.52       |      35.49      
    7554     |      81.40       |      29.16      
    7555     |      89.80       |      13.02      
    7556     |      88.85       |      13.54      
    7557     |      84.32       |      21.50      
    7558     |      88.88       |       8.92      
    7559     |      86.23       |      12.80      
    7562     |      79.42       |      26.78      
    7563     |      79.86       |      25.04      
    7605     |      68.03       |      44.09      
    7606     |      75.13       |      38.21      
    7607     |      71.13       |      31.76      
    7608     |      64.54       |      41.12      
    7609     |      71.02       |      27.40      
    7610     |      73.04       |      25.01      
    7611     |      83.49       |       7.40      
    7612     |      85.21       |       5.61      
    7613     |      70.24       |      27.85      
    7614     |      50.08       |      45.55      
    7615     |      60.74       |      30.03      
    7616     |      60.85       |      35.41      
    7617     |      85.82       |       7.03      
    7618     |      73.52       |      35.62      
    7619     |      73.49       |      35.63      
    7620     |      73.37       |      27.04      
    7621     |      72.93       |      27.15      
    7622     |      86.32       |       5.38      
    7623     |      81.32       |      10.22      
    7624     |      81.45       |       9.53      
    7625     |      73.82       |      23.76      
    7626     |      88.79       |      13.40      
    7627     |      80.15       |      23.37      
    7672     |      77.84       |      32.33      
    7673     |      84.39       |      25.97      
    7674     |      70.43       |      29.96      
    7675     |      67.67       |      31.72      
    7676     |      67.71       |      35.98      
    7677     |      56.97       |      42.26      
    7678     |      64.82       |      29.08      
    7679     |      64.20       |      26.69      
    7680     |      76.13       |      14.76      
    7681     |      77.07       |      37.60      
    7682     |      78.31       |      32.19      
    7683     |      79.53       |      32.17      
    7684     |      71.92       |      30.49      
    7685     |      68.73       |      25.53      
    7686     |      84.86       |       7.20      
    7687     |      77.26       |      17.65      
    7688     |      77.90       |      15.79      
    7689     |      89.31       |      23.90      
    7736     |      64.57       |      32.68      
    7737     |      71.23       |      20.65      
    7738     |      59.44       |      38.08      
    7739     |      63.76       |      46.17      
    7740     |      80.75       |      23.95      
    7741     |      80.88       |      13.69      
    7742     |      51.76       |      41.41      
    7743     |      49.29       |      41.94      
    7744     |      77.64       |      18.50      
    7745     |      73.86       |      39.53      
    7746     |      75.23       |      30.00      
    7747     |      74.62       |      30.85      
    7748     |      67.79       |      26.18      
    7749     |      69.54       |      22.67      
    7750     |      82.20       |       8.79      
    7751     |      76.49       |      19.83      
    7752     |      86.15       |      12.73      
    7753     |      78.30       |      22.40      
    7754     |      78.49       |      12.85      
    7755     |      74.01       |      16.57      
    7756     |      80.45       |      22.37      
    7759     |      85.31       |      33.44      
    7761     |      85.16       |      27.54      
    7807     |      72.05       |      19.83      
    7808     |      43.93       |      48.05      
    7809     |      69.65       |      22.31      
    7810     |      66.63       |      27.59      
    7811     |      66.67       |      27.51      
    7812     |      62.61       |      30.59      
    7813     |      61.93       |      33.51      
    7814     |      70.38       |      38.19      
    7815     |      68.27       |      40.25      
    7816     |      69.15       |      33.12      
    7817     |      70.15       |      32.08      
    7818     |      77.81       |      15.47      
    7819     |      68.04       |      26.82      
    7820     |      77.05       |      19.32      
    7821     |      76.83       |      19.71      
    7822     |      75.68       |      35.19      
    7867     |      59.93       |      38.55      
    7868     |      70.83       |      22.37      
    7869     |      63.84       |      27.79      
    7870     |      77.85       |      26.62      
    7871     |      68.83       |      38.36      
    7872     |      66.07       |      43.16      
    7873     |      75.69       |      36.55      
    7874     |      76.64       |      33.93      
    7875     |      66.25       |      32.24      
    7876     |      72.82       |      18.03      
    7877     |      74.46       |      24.08      
    7878     |      76.47       |      14.14      
    7879     |      75.65       |      15.00      
    7880     |      73.93       |      24.56      
    7881     |      70.82       |      27.07      
    7882     |      67.29       |      32.12      
    7883     |      86.15       |      10.03      
    7884     |      80.43       |      18.57      
    7927     |      70.28       |      21.27      
    7928     |      71.74       |      35.81      
    7929     |      80.22       |      31.95      
    7930     |      83.30       |      19.05      
    7931     |      66.78       |      24.18      
    7932     |      62.50       |      36.59      
    7933     |      74.27       |      19.30      
    7934     |      75.14       |      18.43      
    7935     |      79.09       |      11.57      
    7936     |      75.59       |      21.64      
    7937     |      69.77       |      23.41      
    7938     |      71.00       |      21.85      
    7939     |      80.50       |      17.41      
    7985     |      75.58       |      20.08      
    7986     |      74.92       |      31.32      
    7987     |      64.27       |      41.99      
    7988     |      67.05       |      35.05      
    7989     |      67.58       |      34.44      
    7990     |      57.33       |      42.46      
    7991     |      57.23       |      42.26      
    7992     |      68.70       |      29.42      
    7993     |      68.20       |      23.10      
    7994     |      61.77       |      29.11      
    7995     |      70.51       |      20.37      
    7996     |      67.96       |      34.73      
    7997     |      79.37       |      19.99      
    7999     |      64.14       |      29.21      
    8039     |      66.84       |      35.19      
    8040     |      67.36       |      31.84      
    8041     |      61.68       |      39.46      
    8042     |      63.61       |      28.37      
    8043     |      42.21       |      48.94      
    8044     |      55.89       |      39.57      
    8045     |      76.83       |      20.45      
    8046     |      59.55       |      32.15      
    8047     |      77.31       |      35.72      
    8048     |      72.19       |      36.86      
    8049     |      81.83       |      16.87      
    8050     |      74.87       |      21.69      
    8052     |      80.90       |      19.55      
    8053     |      72.92       |      21.12      
    8054     |      71.70       |      23.41      
    8055     |      66.62       |      27.58      
    8056     |      68.26       |      32.12      
    8057     |      75.57       |      26.07      
    8058     |      77.96       |      20.29      
    8108     |      70.23       |      29.91      
    8109     |      68.78       |      22.17      
    8110     |      65.84       |      25.24      
    8111     |      56.27       |      34.66      
    8112     |      44.73       |      47.72      
    8113     |      73.63       |      18.74      
    8114     |      68.52       |      40.58      
    8115     |      75.13       |      35.42      
    8116     |      76.59       |      32.28      
    8117     |      73.54       |      34.56      
    8118     |      71.29       |      26.85      
    8119     |      69.80       |      28.94      
    8120     |      80.95       |      16.20      
    8121     |      78.51       |      25.52      
    8122     |      76.21       |      31.04      
    8162     |      68.67       |      25.97      
    8163     |      63.90       |      37.03      
    8164     |      71.01       |      21.17      
    8165     |      61.53       |      31.88      
    8166     |      69.24       |      29.25      
    8167     |      78.97       |      11.88      
    8168     |      79.62       |      15.64      
    8169     |      70.61       |      26.41      
    8170     |      71.37       |      23.34      
    8171     |      74.24       |      28.70      
    8213     |      79.82       |      11.48      
    8214     |      71.26       |      19.79      
    8215     |      71.92       |      25.18      
    8216     |      63.13       |      35.71      
    8217     |      55.52       |      44.35      
    8218     |      65.81       |      25.47      
    8219     |      63.70       |      32.66      
    8220     |      65.67       |      28.32      
    8221     |      71.25       |      20.66      
    8222     |      76.59       |      35.44      
    8282     |      67.66       |      29.19      
    8283     |      67.81       |      32.29      
    8284     |      65.24       |      25.76      
    8285     |      60.96       |      31.95      
    8286     |      70.82       |      21.45      
    8287     |      80.80       |      11.20      
    8288     |      79.13       |      16.25      
    8289     |      67.56       |      30.89      
    8290     |      82.84       |       8.23      
    8291     |      78.12       |      21.69      
    8292     |      71.81       |      28.56      
    8343     |      72.28       |      28.43      
    8344     |      71.20       |      32.14      
    8345     |      66.21       |      25.91      
    8346     |      62.58       |      33.53      
    8347     |      61.66       |      31.19      
    8348     |      62.82       |      29.88      
    8349     |      73.58       |      20.66      
    8350     |      65.31       |      33.46      
    8351     |      66.50       |      32.98      
    8352     |      81.93       |      18.20      
    8353     |      78.87       |      12.88      
    8354     |      75.25       |      16.38      
    8355     |      72.18       |      29.21      
    8356     |      72.94       |      17.79      
   12964     |      89.71       |       0.61      
   13868     |      89.79       |       0.43      
   13869     |      85.12       |      18.98      
   13870     |      88.94       |      17.61      
   13933     |      82.42       |      17.94      
   13934     |      81.31       |       9.36      
   14000     |      89.84       |      17.78      
   14070     |      86.63       |      16.75      
   14113     |      89.77       |       2.34      
   14122     |      88.23       |       1.72      
   14126     |      89.71       |      12.15      
   14199     |      88.33       |       1.23      
   14202     |      89.05       |      17.90      
   14203     |      88.14       |      20.29      
   14204     |      85.45       |      16.47      
   14205     |      85.97       |       9.98      
   14206     |      84.80       |       7.10      
   14207     |      84.94       |       5.09      
   14252     |      85.02       |      15.57      
   14262     |      88.10       |      12.33      
   14263     |      86.65       |       6.75      
   14274     |      85.88       |      16.95      
   14275     |      86.37       |      16.10      
   14276     |      82.52       |      11.12      
   14277     |      81.73       |      10.02      
   14336     |      89.56       |      17.45      
   14337     |      85.87       |       4.98      
   14338     |      77.83       |      16.10      
   14339     |      86.40       |       3.89      
   14340     |      88.73       |       9.37      
   14378     |      88.98       |      22.57      
   14381     |      89.34       |      10.10      
   14443     |      88.20       |      11.32      
   14444     |      87.77       |       2.00      
   14445     |      85.03       |       8.32      
   14446     |      88.10       |       2.02      
   14460     |      85.67       |      15.63      
   14464     |      88.77       |       5.97      
   14465     |      86.19       |       4.90      
   14466     |      79.91       |      15.97      
   14467     |      78.87       |      12.31      
   14468     |      78.02       |      11.85      
   14469     |      80.04       |      11.89      
   14523     |      86.80       |      14.47      
   14524     |      88.94       |      24.53      
   14525     |      89.17       |      18.98      
   14526     |      87.43       |      28.44      
   14536     |      86.89       |       3.77      
   14537     |      88.01       |       5.61      
   14538     |      86.18       |       9.59      
   14539     |      86.18       |      10.61      
   14540     |      82.49       |      14.95      
   14582     |      85.16       |      14.88      
   14583     |      82.40       |      11.58      
   14584     |      88.14       |       2.59      
   14590     |      82.02       |      15.37      
   14591     |      87.19       |       2.98      
   14609     |      88.76       |       5.06      
   14610     |      88.08       |       2.30      
   14612     |      86.24       |       9.39      
   14659     |      85.61       |      16.87      
   14661     |      87.80       |      16.36      
   14668     |      84.29       |      15.33      
   14669     |      75.56       |      15.69      
   14670     |      69.28       |      20.82      
   14671     |      76.00       |      21.12      
   14672     |      75.50       |      26.14      
   14673     |      88.04       |       9.06      
   14674     |      86.72       |       3.37      
   14739     |      89.22       |      24.21      
   14746     |      82.86       |      13.44      
   14747     |      84.38       |       5.73      
   14748     |      87.37       |      14.43      
   14749     |      86.32       |       4.84      
   14750     |      81.84       |       9.05      
   14751     |      84.61       |      10.46      
   14752     |      83.65       |      16.41      
   14758     |      87.20       |       2.57      
   14813     |      89.44       |      12.43      
   14814     |      81.54       |      15.70      
   14815     |      85.92       |       5.20      
   14816     |      86.89       |       6.81      
   14820     |      88.78       |      25.11      
   14824     |      86.21       |       3.82      
   14890     |      89.44       |       2.73      
   14891     |      84.23       |       5.86      
   14892     |      84.97       |       8.36      
   14903     |      88.66       |       7.73      
   14948     |      88.69       |      12.09      
   14949     |      87.89       |      13.95      
   14950     |      87.16       |      13.14      
   14951     |      89.41       |       5.76      
   14952     |      89.59       |       6.94      
   14953     |      87.93       |      11.67      
   14955     |      88.60       |      15.72      
   14965     |      87.71       |       4.40      
   15021     |      83.17       |      11.13      
   15022     |      86.32       |       3.60      
   15024     |      88.57       |       1.55      
   15025     |      86.34       |       7.01      
   15028     |      86.66       |       4.65      
   15029     |      89.65       |       9.49      
   15032     |      88.90       |       8.93      
   15033     |      88.74       |       8.99      
   15038     |      86.62       |      11.24      
   15081     |      88.21       |       5.08      
   15082     |      89.23       |      17.63      
   15088     |      86.53       |       3.45      
   15089     |      84.82       |      11.86      
   15094     |      82.31       |      15.05      
   15095     |      81.87       |      19.67      
   15096     |      78.04       |      15.76      
   15097     |      89.48       |      23.83      
   15099     |      80.12       |      12.90      
   15154     |      89.82       |       4.71      
   15157     |      89.90       |       5.61      
   15160     |      82.52       |      10.83      
   15163     |      88.28       |      22.33      
   15164     |      78.45       |      14.75      
   15166     |      83.31       |      17.38      
   15167     |      84.44       |      12.49      
   15216     |      83.41       |       8.88      
   15218     |      83.03       |       7.15      
   15220     |      78.25       |      17.05      
   15221     |      77.17       |      19.84      
   15222     |      88.23       |       8.08      
   15227     |      87.24       |       4.31      
   15228     |      86.81       |       3.21      
   15230     |      88.73       |      15.02      
   15231     |      84.49       |       5.51      
   15238     |      78.02       |      22.64      
   15280     |      80.08       |      10.05      
   15282     |      86.39       |      13.13      
   15283     |      78.83       |      12.21      
   15284     |      79.61       |      11.89      
   15285     |      85.23       |      11.49      
   15286     |      88.23       |      15.12      
   15287     |      87.05       |      15.17      
   15288     |      87.96       |       5.44      
   15289     |      87.27       |       8.79      
   15290     |      76.24       |      15.46      
   15293     |      86.26       |       5.47      
   15294     |      89.15       |       1.50      
   15295     |      84.46       |       6.85      
   15299     |      86.70       |      30.76      
   15300     |      86.40       |      31.91      
   15301     |      78.17       |      19.18      
   15302     |      74.97       |      18.02      
   15303     |      75.27       |      17.24      
   15353     |      82.13       |      32.14      
   15354     |      77.01       |      23.10      
   15355     |      81.26       |       9.01      
   15356     |      88.80       |      12.03      
   15357     |      88.41       |       6.44      
   15359     |      88.97       |       7.28      
   15360     |      87.99       |       6.56      
   15362     |      89.25       |       9.03      
   15366     |      89.29       |      23.24      
   15367     |      89.33       |      16.59      
   15368     |      85.56       |       6.84      
   15369     |      87.66       |      18.37      
   15370     |      85.48       |      14.15      
   15371     |      84.31       |       7.04      
   15373     |      88.35       |      12.50      
   15410     |      88.13       |      16.36      
   15418     |      89.01       |      12.02      
   15471     |      86.61       |      16.10      
   15476     |      88.06       |       3.92      
   15540     |      89.54       |       3.48      
   15654     |      88.52       |      22.00      
   15662     |      86.70       |      25.92      
   15665     |      84.62       |       7.12      
   15666     |      85.40       |       6.43      
   15670     |      89.78       |       2.71      
   15723     |      86.08       |      25.73      
   15724     |      82.39       |      17.56      
   15729     |      83.75       |       6.57      
   15776     |      87.45       |       9.84      
   15777     |      82.99       |       7.25      
   15778     |      85.92       |       4.88      
   15782     |      89.85       |       5.08      
   15784     |      87.84       |       5.94      
   15786     |      77.63       |      16.27      
   15787     |      78.02       |      18.19      
   15788     |      86.01       |       4.35      
   15795     |      89.35       |       5.30      
   15796     |      89.66       |       7.67      
   15797     |      81.72       |      10.76      
   15798     |      82.11       |      10.31      
   15799     |      83.50       |      12.20      
   15836     |      79.39       |      18.24      
   15837     |      81.63       |      21.47      
   15846     |      87.93       |       4.39      
   15847     |      87.44       |      21.64      
   15848     |      86.79       |       4.08      
   15849     |      86.71       |       4.51      
   15852     |      77.47       |      14.44      
   15853     |      79.77       |      10.56      
   15893     |      76.53       |      25.48      
   15894     |      89.09       |      25.01      
   15896     |      84.74       |      12.16      
   15897     |      81.35       |      12.14      
   15898     |      83.80       |       6.86      
   15904     |      88.99       |       1.56      
   15907     |      80.43       |      10.46      
   15908     |      86.66       |      22.19      
   15909     |      86.47       |      14.00      
   15910     |      82.43       |       7.98      
   15911     |      83.24       |       7.08      
   15912     |      83.00       |       7.31      
   15913     |      83.59       |       6.74      
   15914     |      82.34       |       8.73      
   15970     |      85.01       |      22.34      
   15971     |      88.76       |      25.25      
   15972     |      85.78       |      10.12      
   15973     |      82.78       |       7.93      
   15974     |      81.91       |      21.68      
   15976     |      89.17       |      11.24      
   15977     |      88.77       |       2.23      
   15978     |      87.27       |       3.04      
   15979     |      86.50       |       4.37      
   15980     |      81.62       |      20.24      
   15981     |      81.23       |      18.20      
   15984     |      89.00       |       3.23      
   15985     |      84.76       |       6.89      
   15986     |      83.37       |      19.47      
   15987     |      84.51       |       9.28      
   15988     |      85.19       |       8.49      
   15989     |      79.87       |      23.70      
   16026     |      79.59       |      25.17      
   16027     |      77.07       |      22.42      
   16028     |      84.74       |       6.25      
   16029     |      82.46       |      22.17      
   16036     |      85.64       |       5.02      
   16037     |      85.56       |      17.91      
   16038     |      86.56       |       7.93      
   16039     |      87.99       |       6.45      
   16040     |      86.42       |      10.25      
   16041     |      82.58       |       7.91      
   16042     |      82.45       |       8.07      
   16043     |      84.31       |      12.64      
   16044     |      82.85       |      19.96      
   16045     |      85.63       |      25.41      
   16046     |      84.98       |      12.24      
   16047     |      86.75       |       8.23      
   16048     |      84.98       |       6.25      
   16049     |      73.03       |      17.47      
   16050     |      76.35       |      26.42      
   16051     |      77.18       |      24.49      
   16052     |      85.24       |       8.77      
   16053     |      82.18       |       8.18      
   16054     |      85.15       |       6.34      
   16055     |      84.84       |       5.52      
   16056     |      82.64       |       7.95      
   16099     |      89.52       |       3.17      
   16100     |      89.50       |       2.99      
   16103     |      89.32       |       7.38      
   16105     |      83.65       |      13.65      
   16106     |      83.26       |      10.40      
   16107     |      85.42       |       5.91      
   16108     |      85.44       |       5.85      
   16109     |      84.68       |       6.54      
   16153     |      85.20       |      12.09      
   16154     |      83.72       |      15.25      
   16156     |      83.53       |      19.66      
   16157     |      81.59       |      16.51      
   16158     |      86.01       |      10.11      
   16159     |      82.93       |      14.84      
   16161     |      88.96       |       5.31      
   16162     |      79.21       |      11.58      
   16163     |      84.56       |       7.25      
   16164     |      86.42       |      15.34      
   16166     |      66.35       |      25.68      
   16167     |      66.32       |      26.39      
   16168     |      69.88       |      26.61      
   16169     |      73.21       |      17.62      
   16170     |      73.89       |      16.58      
   16171     |      74.64       |      18.75      
   16172     |      69.61       |      20.83      
   16173     |      88.64       |       1.85      
   16174     |      90.00       |       2.54      
   16175     |      89.63       |       2.85      
   16176     |      89.49       |       3.09      
   16177     |      89.61       |      14.97      
   16212     |      81.19       |      24.67      
   16213     |      84.27       |      17.99      
   16214     |      87.16       |       4.53      
   16215     |      88.59       |      14.52      
   16218     |      83.99       |      23.24      
   16219     |      78.45       |      12.31      
   16220     |      73.48       |      19.95      
   16221     |      78.80       |      12.73      
   16222     |      80.76       |       9.77      
   16223     |      74.73       |      16.54      
   16224     |      78.84       |      13.90      
   16225     |      73.19       |      17.70      
   16226     |      71.71       |      19.58      
   16227     |      76.36       |      15.85      
   16228     |      77.24       |      17.86      
   16232     |      79.78       |      10.98      
   16233     |      80.88       |      27.56      
   16273     |      83.75       |      14.27      
   16274     |      89.66       |      14.81      
   16275     |      85.69       |       5.06      
   16276     |      84.19       |      20.35      
   16279     |      77.35       |      14.66      
   16280     |      76.00       |      15.14      
   16281     |      77.53       |      13.02      
   16282     |      87.79       |      17.51      
   16283     |      76.27       |      15.05      
   16284     |      83.93       |       7.48      
   16285     |      77.36       |      13.16      
   16286     |      76.58       |      16.58      
   16287     |      84.21       |      12.49      
   16288     |      86.91       |       4.90      
   16289     |      85.99       |       5.56      
   16290     |      86.51       |      13.52      
   16291     |      88.54       |       5.34      
   16292     |      87.42       |      15.39      
   16293     |      88.23       |      20.07      
   16294     |      89.14       |      15.14      
   16295     |      80.54       |      10.00      
   16296     |      73.91       |      17.88      
   16297     |      74.67       |      24.74      
   16335     |      80.25       |      17.94      
   16336     |      80.21       |      18.78      
   16337     |      87.60       |       2.86      
   16338     |      78.14       |      12.40      
   16339     |      86.27       |      15.74      
   16340     |      83.92       |      18.02      
   16341     |      79.31       |      18.45      
   16342     |      81.55       |      11.67      
   16343     |      87.53       |       4.33      
   16344     |      87.48       |       3.07      
   16345     |      82.61       |      10.04      
   16346     |      70.61       |      19.88      
   16347     |      77.48       |      17.23      
   16348     |      81.52       |      10.21      
   16349     |      82.76       |       7.94      
   16350     |      82.92       |       7.87      
   16351     |      87.12       |       8.80      
   16352     |      81.30       |      13.52      
   16353     |      81.13       |      13.82      
   16354     |      81.86       |      23.06      
   16385     |      86.73       |       3.74      
   16387     |      86.32       |      14.34      
   16388     |      84.76       |       9.78      
   16389     |      79.51       |      12.22      
   16390     |      84.93       |       5.83      
   16391     |      78.60       |      19.40      
   16392     |      75.78       |      15.12      
   16393     |      75.05       |      15.99      
   16394     |      81.94       |      17.98      
   16395     |      67.65       |      24.14      
   16396     |      77.67       |      14.34      
   16397     |      78.32       |      12.35      
   16398     |      72.94       |      19.10      
   16399     |      73.57       |      19.22      
   16402     |      84.82       |      16.22      
   16403     |      86.73       |       7.74      
   16405     |      88.74       |      18.00      
   16406     |      86.60       |      28.22      
   16407     |      74.30       |      31.54      
   16434     |      82.43       |      24.48      
   16435     |      83.67       |      18.61      
   16436     |      81.02       |      16.02      
   16437     |      82.60       |       8.17      
   16438     |      84.93       |      15.25      
   16439     |      79.07       |      11.99      
   16440     |      86.53       |      10.36      
   16441     |      85.45       |       5.64      
   16442     |      72.34       |      18.43      
   16443     |      70.72       |      23.26      
   16444     |      84.22       |       6.37      
   16445     |      84.58       |       5.96      
   16446     |      78.93       |      12.32      
   16447     |      71.13       |      20.79      
   16448     |      76.75       |      23.33      
   16449     |      77.30       |      13.41      
   16450     |      83.40       |      19.45      
   16451     |      82.72       |       8.09      
   16452     |      86.17       |       4.71      
   16453     |      80.03       |      11.50      
   16454     |      78.61       |      20.76      
   16455     |      75.79       |      21.62      
   16456     |      75.83       |      17.70      
   16457     |      74.31       |      36.79      
   16458     |      69.45       |      24.15      
   16459     |      67.76       |      27.16      
   16504     |      84.46       |       7.25      
   16505     |      72.62       |      18.30      
   16506     |      72.64       |      18.21      
   16507     |      85.72       |       4.83      
   16508     |      83.41       |      13.10      
   16509     |      83.07       |       8.69      
   16510     |      78.07       |      12.55      
   16511     |      85.35       |       6.50      
   16512     |      69.89       |      21.13      
   16513     |      66.67       |      26.04      
   16514     |      67.69       |      23.11      
   16515     |      64.41       |      31.14      
   16516     |      59.60       |      31.58      
   16517     |      62.67       |      34.33      
   16518     |      62.68       |      37.48      
   16519     |      77.80       |      18.39      
   16520     |      77.76       |      18.48      
   16559     |      76.06       |      17.11      
   16560     |      77.05       |      22.57      
   16561     |      74.29       |      21.86      
   16562     |      74.04       |      16.56      
   16563     |      78.28       |      13.29      
   16564     |      78.14       |      13.84      
   16565     |      83.41       |       8.22      
   16566     |      64.81       |      26.81      
   16567     |      72.64       |      18.80      
   16568     |      73.52       |      20.16      
   16569     |      71.73       |      20.74      
   16570     |      72.72       |      18.25      
   16571     |      75.51       |      16.48      
   16572     |      82.18       |      11.39      
   16573     |      80.51       |      22.61      
   16574     |      71.67       |      18.98      
   16575     |      74.59       |      23.78      
   16576     |      67.40       |      23.61      
   16577     |      70.94       |      20.39      
   16578     |      69.33       |      21.31      
   16579     |      53.66       |      37.15      
   16580     |      84.38       |       9.01      
   16581     |      79.64       |      25.24      
   16582     |      74.48       |      21.83      
   16623     |      75.29       |      26.69      
   16624     |      70.13       |      24.44      
   16625     |      70.89       |      21.81      
   16626     |      66.19       |      24.36      
   16627     |      62.80       |      32.73      
   16628     |      60.06       |      32.54      
   16629     |      83.51       |      13.14      
   16630     |      76.67       |      13.95      
   16631     |      78.94       |      14.79      
   16632     |      80.03       |      13.42      
   16633     |      84.36       |      13.80      
   16634     |      73.09       |      17.98      
   16635     |      82.05       |      12.90      
   16636     |      79.63       |      13.36      
   16637     |      89.63       |       1.05      
   16638     |      89.84       |       1.33      
   16639     |      80.00       |      10.70      
   16640     |      66.36       |      24.30      
   16641     |      63.16       |      28.14      
   16642     |      60.93       |      29.95      
   16643     |      71.35       |      22.61      
   16644     |      68.66       |      22.29      
   16645     |      75.18       |      16.28      
   16646     |      73.65       |      29.44      
   16647     |      79.26       |      17.25      
   16648     |      78.58       |      22.77      
   16649     |      74.10       |      31.88      
   16683     |      76.63       |      14.14      
   16684     |      72.07       |      23.04      
   16685     |      77.53       |      18.71      
   16686     |      79.15       |      14.18      
   16687     |      79.19       |      21.66      
   16688     |      72.25       |      18.44      
   16690     |      84.44       |       6.36      
   16691     |      84.14       |      10.30      
   16693     |      78.10       |      15.59      
   16694     |      75.14       |      15.52      
   16695     |      75.19       |      15.99      
   16696     |      76.02       |      15.45      
   16697     |      77.13       |      16.10      
   16698     |      80.64       |      10.27      
   16699     |      72.80       |      20.53      
   16700     |      71.02       |      22.87      
   16701     |      85.45       |      10.33      
   16702     |      86.43       |      20.64      
   16703     |      77.08       |      35.83      
   16704     |      77.68       |      30.06      
   16728     |      71.45       |      23.25      
   16729     |      71.84       |      19.21      
   16730     |      80.70       |      23.23      
   16731     |      82.31       |       9.89      
   16732     |      80.92       |      10.21      
   16733     |      81.80       |      19.69      
   16734     |      86.52       |       4.34      
   16735     |      76.66       |      15.67      
   16736     |      76.08       |      17.90      
   16737     |      70.79       |      23.10      
   16738     |      70.68       |      21.06      
   16740     |      80.76       |       9.93      
   16741     |      81.79       |       9.44      
   16742     |      82.32       |      10.40      
   16743     |      81.82       |      19.16      
   16744     |      72.78       |      26.49      
   16745     |      70.27       |      21.59      
   16746     |      80.21       |      11.26      
   16747     |      80.19       |      11.18      
   16748     |      68.87       |      22.09      
   16749     |      66.51       |      26.82      
   16750     |      67.16       |      26.53      
   16751     |      66.99       |      24.80      
   16752     |      71.02       |      19.76      
   16753     |      78.70       |      23.83      
   16754     |      77.98       |      12.84      
   16756     |      81.79       |       9.73      
   16797     |      69.14       |      23.52      
   16798     |      73.38       |      28.80      
   16799     |      69.01       |      26.16      
   16800     |      76.49       |      14.51      
   16801     |      80.09       |      20.53      
   16802     |      79.80       |      21.92      
   16803     |      68.30       |      22.39      
   16804     |      64.23       |      31.06      
   16805     |      77.45       |      17.60      
   16806     |      77.39       |      17.14      
   16807     |      85.42       |      17.47      
   16808     |      82.99       |       8.07      
   16809     |      73.02       |      20.11      
   16810     |      72.39       |      19.31      
   16811     |      67.07       |      26.41      
   16812     |      83.80       |      21.79      
   16813     |      87.53       |      28.74      
   16814     |      68.33       |      23.34      
   16815     |      59.60       |      34.40      
   16816     |      57.18       |      41.70      
   16817     |      57.28       |      57.23      
   33578     |      80.08       |      13.49      
   33579     |      80.48       |      14.34      
   33580     |      64.59       |      31.03      
   33581     |      68.62       |      24.53      
   33582     |      72.73       |      18.38      
   33584     |      81.84       |       9.84      
   33585     |      81.15       |      12.19      
   33586     |      71.39       |      21.41      
   33587     |      74.70       |      26.66      
   33588     |      68.51       |      28.22      
   33589     |      69.36       |      22.38      
   33590     |      50.29       |      51.02      
   33591     |      50.32       |      55.13      
   33592     |      60.48       |      38.68      
   33593     |      62.54       |      44.23      
   33627     |      74.32       |      19.47      
   33628     |      74.58       |      25.33      
   33629     |      66.72       |      23.96      
   33630     |      67.77       |      23.14      
   33631     |      66.38       |      25.44      
   33632     |      60.97       |      29.94      
   33633     |      64.75       |      31.46      
   33634     |      64.85       |      30.80      
   33635     |      73.86       |      35.15      
   33636     |      75.56       |      20.19      
   33637     |      62.90       |      27.86      
   33638     |      56.21       |      37.27      
   33639     |      65.42       |      33.13      
   33640     |      88.61       |       8.85      
   33641     |      72.49       |      22.66      
   33642     |      75.11       |      16.48      
   33643     |      72.96       |      19.33      
   33644     |      66.27       |      25.86      
   33645     |      64.73       |      26.06      
   33646     |      79.61       |      12.37      
   33647     |      68.97       |      28.09      
   33648     |      73.17       |      17.65      
   33649     |      73.37       |      21.87      
   33650     |      77.94       |      12.89      
   33651     |      82.35       |      26.02      
   33652     |      55.53       |      35.54      
   33653     |      50.50       |      43.73      
   33654     |      46.65       |      50.45      
   33655     |      56.98       |      41.68      
   33686     |      71.56       |      24.31      
   33687     |      68.63       |      23.72      
   33688     |      74.14       |      22.32      
   33689     |      77.28       |      27.39      
   33690     |      78.19       |      23.13      
   33691     |      77.49       |      13.33      
   33692     |      80.72       |      12.89      
   33693     |      65.60       |      39.36      
   33694     |      54.92       |      35.97      
   33695     |      65.40       |      32.57      
   33696     |      64.38       |      26.99      
   33697     |      71.23       |      19.67      
   33698     |      62.19       |      29.99      
   33699     |      65.38       |      27.89      
   33700     |      68.10       |      24.60      
   33701     |      70.51       |      26.19      
   33702     |      76.09       |      14.81      
   33703     |      62.32       |      28.80      
   33704     |      63.33       |      32.23      
   33705     |      55.92       |      35.03      
   33706     |      57.10       |      39.06      
   33707     |      65.66       |      28.13      
   33708     |      65.45       |      27.45      
   33742     |      73.74       |      17.15      
   33743     |      69.56       |      27.04      
   33744     |      71.21       |      23.34      
   33745     |      72.82       |      18.55      
   33746     |      70.90       |      33.62      
   33747     |      73.84       |      26.49      
   33748     |      73.51       |      19.50      
   33749     |      71.83       |      20.85      
   33750     |      72.35       |      22.57      
   33751     |      55.71       |      35.76      
   33752     |      54.32       |      37.25      
   33753     |      48.38       |      42.91      
   33754     |      54.05       |      38.12      
   33755     |      67.23       |      25.37      
   33756     |      64.30       |      28.53      
   33757     |      60.66       |      30.42      
   33758     |      59.27       |      37.65      
   33793     |      74.35       |      16.59      
   33794     |      76.46       |      19.85      
   33795     |      73.40       |      21.09      
   33796     |      72.42       |      18.89      
   33797     |      76.02       |      26.00      
   33798     |      69.64       |      33.40      
   33799     |      59.25       |      31.54      
   33800     |      78.77       |      14.58      
   33801     |      78.59       |      14.49      
   33802     |      67.79       |      25.83      
   33803     |      78.28       |      18.41      
   33804     |      64.10       |      33.28      
   33805     |      59.90       |      33.45      
   33806     |      45.89       |      45.19      
   33807     |      43.79       |      47.07      
   33808     |      50.82       |      40.42      
   33809     |      41.51       |      50.52      
   33810     |      50.99       |      46.31      
   33811     |      51.27       |      39.66      
   33812     |      56.28       |      35.98      
   33813     |      62.27       |      28.79      
   33814     |      68.02       |      23.08      
   33815     |      66.87       |      24.89      
   33816     |      71.39       |      25.22      
   33817     |      69.80       |      28.48      
   33818     |      69.30       |      26.24      
   33819     |      66.35       |      29.96      
   33848     |      74.15       |      22.74      
   33849     |      55.47       |      37.33      
   33850     |      60.35       |      30.50      
   33851     |      68.77       |      23.88      
   33852     |      71.34       |      22.62      
   33853     |      78.29       |      13.66      
   33854     |      74.55       |      24.26      
   33855     |      71.95       |      18.91      
   33856     |      57.32       |      34.28      
   33857     |      50.80       |      40.38      
   33858     |      44.90       |      46.09      
   33859     |      42.34       |      49.28      
   33860     |      56.38       |      34.61      
   33861     |      57.98       |      33.47      
   33862     |      65.66       |      32.25      
   33889     |      68.86       |      23.53      
   33890     |      63.35       |      27.96      
   33891     |      63.61       |      30.13      
   33892     |      70.71       |      29.03      
   33893     |      70.43       |      23.72      
   33894     |      68.69       |      24.40      
   33895     |      73.76       |      26.34      
   33896     |      72.83       |      25.66      
   33897     |      74.56       |      16.60      
   33898     |      73.91       |      18.99      
   33899     |      81.94       |      19.39      
   33900     |      58.67       |      32.49      
   33901     |      51.31       |      39.66      
   33902     |      51.93       |      39.12      
   33903     |      56.46       |      35.28      
   33904     |      57.79       |      33.26      
   33905     |      52.69       |      38.59      
   33906     |      62.33       |      28.64      
   33907     |      62.38       |      28.72      
   33908     |      67.22       |      28.47      
   33909     |      70.43       |      25.22      
   33910     |      61.34       |      37.64      
   33911     |      59.00       |      36.80      
   33912     |      61.10       |      32.68      
   33913     |      56.82       |      41.49      
   33951     |      69.83       |      28.18      
   33952     |      77.57       |      18.37      
   33953     |      75.02       |      18.34      
   33954     |      62.57       |      30.65      
   33955     |      64.01       |      27.78      
   33956     |      65.27       |      29.11      
   33957     |      65.70       |      29.13      
   33958     |      84.73       |       6.32      
   33959     |      87.02       |       8.59      
   33960     |      68.62       |      22.39      
   33961     |      68.42       |      22.48      
   33962     |      64.04       |      31.19      
   33963     |      64.66       |      30.62      
   33964     |      50.92       |      40.25      
   33965     |      61.48       |      29.54      
   33966     |      59.06       |      35.45      
   33967     |      58.78       |      34.78      
   33968     |      66.99       |      26.85      
   33969     |      64.49       |      26.64      
   33970     |      55.67       |      35.67      
   33971     |      56.08       |      39.81      
   33973     |      63.83       |      38.71      
   33998     |      66.12       |      26.37      
   33999     |      65.64       |      29.00      
   34000     |      77.79       |      24.71      
   34001     |      76.62       |      18.23      
   34002     |      61.03       |      29.95      
   34003     |      60.32       |      31.59      
   34004     |      70.51       |      20.62      
   34005     |      75.89       |      24.57      
   34006     |      64.24       |      32.13      
   34007     |      58.14       |      34.19      
   34008     |      56.58       |      34.38      
   34009     |      54.67       |      36.73      
   34010     |      62.93       |      33.08      
   34011     |      63.76       |      30.96      
   34012     |      61.11       |      29.86      
   34013     |      70.09       |      21.79      
   34014     |      69.28       |      22.24      
   34052     |      79.15       |      12.71      
   34053     |      79.57       |      22.38      
   34054     |      73.67       |      17.15      
   34055     |      75.06       |      26.56      
   34056     |      75.47       |      27.26      
   34057     |      70.67       |      21.33      
   34058     |      69.00       |      21.95      
   34059     |      79.32       |      19.73      
   34060     |      79.11       |      23.28      
   34061     |      70.97       |      21.44      
   34062     |      77.38       |      16.56      
   34063     |      63.37       |      27.59      
   34064     |      65.85       |      25.86      
   34065     |      59.06       |      41.73      
   34066     |      62.16       |      28.93      
   34067     |      71.59       |      28.17      
   34068     |      74.66       |      16.36      
   34069     |      66.44       |      30.02      
   34070     |      62.25       |      29.14      
   34071     |      69.55       |      22.78      
   34107     |      75.61       |      21.09      
   34108     |      78.68       |      18.94      
   34109     |      68.14       |      30.78      
   34110     |      65.39       |      30.54      
   34111     |      74.28       |      16.94      
   34112     |      73.96       |      20.34      
   34113     |      75.17       |      27.06      
   34114     |      65.71       |      28.01      
   34115     |      63.43       |      27.52      
   34116     |      49.57       |      42.54      
   34163     |      77.90       |      14.19      
   34164     |      68.48       |      24.68      
   34165     |      76.36       |      17.28      
   34166     |      62.77       |      34.90      
   34167     |      61.60       |      34.70      
   34168     |      63.44       |      30.66      
   34169     |      58.37       |      34.28      
   34170     |      61.74       |      35.91      
   34171     |      71.37       |      19.62      
   34172     |      71.37       |      19.65      
   34173     |      69.97       |      21.65      
   34174     |      67.36       |      23.62      
   34175     |      53.29       |      39.45      
   34212     |      66.76       |      25.47      
   34213     |      75.02       |      22.35      
   34214     |      59.55       |      35.87      
   34215     |      71.11       |      20.38      
   34216     |      72.27       |      20.96      
   34217     |      67.03       |      24.92      
   34218     |      52.18       |      42.72      
   34219     |      52.47       |      43.15      
   34273     |      63.71       |      32.59      
   34274     |      70.59       |      28.44      
   34275     |      74.95       |      30.04      
   34276     |      74.53       |      21.12      
   34277     |      69.14       |      27.95      
   34278     |      74.02       |      17.95      
   34279     |      71.00       |      20.13      
   34280     |      67.42       |      25.88      
   34281     |      65.14       |      26.45      
   34282     |      61.60       |      35.68      
   34283     |      58.98       |      38.14      
   34284     |      59.45       |      32.54      
   34285     |      59.77       |      32.14      
   34286     |      61.85       |      30.88      
   34287     |      64.42       |      26.93      
   34333     |      72.13       |      24.11      
   34334     |      61.22       |      33.74      
   34335     |      81.19       |      24.13      
   34336     |      80.45       |      11.67      
   34337     |      86.61       |       4.78      
   34389     |      74.89       |      16.26      
   34390     |      67.95       |      27.19      
   34391     |      67.82       |      27.26      
   34392     |      63.40       |      28.30      
   34393     |      65.29       |      26.86      
   34450     |      66.43       |      31.43      
   34451     |      67.62       |      28.48      
   34452     |      70.87       |      31.24      
   34453     |      70.39       |      33.42      
   34454     |      68.59       |      27.90      
   34455     |      71.31       |      21.72      
   34456     |      77.15       |      31.22      
   34457     |      45.61       |      47.29      
   34458     |      55.66       |      35.43      
   34459     |      57.08       |      37.98      
   34460     |      65.68       |      28.78      
   34461     |      64.73       |      30.83      
   34521     |      57.71       |      43.60      
   34522     |      47.94       |      43.99      
   34523     |      40.52       |      50.47      
   34565     |      64.17       |      33.09      
   34566     |      64.98       |      33.40      
   34567     |      65.35       |      37.52      
   34568     |      62.15       |      34.12      
   34632     |      63.48       |      36.74      
   34633     |      64.76       |      30.72      
   34685     |      79.69       |      14.80      
   34686     |      80.55       |      15.60      
   34687     |      81.95       |      10.82      
   34688     |      75.59       |      15.55      
   34743     |      70.58       |      25.55      
   34806     |      72.54       |      34.07      
