=== Visibility Analysis Summary ===
Total patches: 49152
Geometric visible: 2805 (5.7%)
Light illuminated: 1624 (57.9% of geometric)
Reflection conditions met: 2805 (100.0% of geometric)
Light unoccluded: 1624 (57.9% of geometric)
Final visible: 1624 (3.3% of total)
Visible area: 258.12 (3.3% of total area)

=== Detailed Visibility Information ===
Patch Index  | Incidence Angle  |  Viewing Angle  
-------------+------------------+-----------------
    5748     |      73.09       |      34.01      
    5817     |      64.72       |      41.41      
    5818     |      74.08       |      40.39      
    5819     |      67.53       |      44.24      
    5881     |      65.08       |      40.14      
    5952     |      62.43       |      35.34      
    5953     |      64.03       |      34.30      
    5954     |      70.85       |      37.89      
    5955     |      52.76       |      57.64      
    5956     |      57.42       |      57.20      
    5957     |      64.82       |      53.15      
    6015     |      59.96       |      39.52      
    6016     |      52.97       |      45.46      
    6017     |      61.64       |      42.30      
    6079     |      55.80       |      41.22      
    6080     |      62.25       |      34.59      
    6081     |      72.53       |      31.54      
    6082     |      62.37       |      42.64      
    6157     |      67.38       |      41.46      
    6158     |      66.76       |      34.39      
    6160     |      71.06       |      29.83      
    6161     |      62.74       |      32.15      
    6214     |      65.23       |      38.68      
    6215     |      58.01       |      45.43      
    6216     |      62.85       |      40.73      
    6217     |      52.24       |      49.15      
    6218     |      64.68       |      39.01      
    6219     |      67.21       |      37.87      
    6220     |      61.14       |      40.86      
    6221     |      72.36       |      38.27      
    6286     |      59.67       |      45.79      
    6287     |      57.06       |      46.82      
    6288     |      63.06       |      45.85      
    6352     |      58.38       |      44.54      
    6353     |      56.22       |      48.35      
    6354     |      61.81       |      43.17      
    6355     |      69.15       |      45.80      
    6356     |      67.93       |      46.88      
    6357     |      62.68       |      47.28      
    6358     |      60.84       |      45.98      
    6359     |      48.75       |      48.00      
    6422     |      54.78       |      57.18      
    6423     |      72.10       |      37.12      
    6424     |      67.33       |      43.14      
    6425     |      63.37       |      45.26      
    6426     |      63.45       |      45.17      
    6427     |      53.47       |      48.45      
    6428     |      53.26       |      43.75      
    6484     |      59.42       |      53.87      
    6485     |      54.45       |      53.20      
    6486     |      56.02       |      51.73      
    6487     |      64.51       |      51.21      
    6488     |      57.43       |      43.13      
    6489     |      57.09       |      43.45      
    6490     |      62.96       |      45.90      
    6491     |      67.92       |      44.72      
    6492     |      67.06       |      45.40      
    6493     |      77.05       |      44.41      
    6494     |      70.96       |      46.58      
    6563     |      61.15       |      50.95      
    6564     |      63.10       |      46.19      
    6565     |      55.42       |      49.44      
    6566     |      66.73       |      48.39      
    6567     |      59.10       |      54.13      
    6568     |      55.38       |      52.54      
    6569     |      66.14       |      43.13      
    6570     |      60.83       |      51.80      
    6571     |      54.50       |      54.53      
    6572     |      52.53       |      53.40      
    6573     |      52.40       |      50.49      
    6627     |      61.16       |      50.91      
    6628     |      62.71       |      38.33      
    6629     |      65.91       |      53.21      
    6630     |      64.33       |      53.72      
    6631     |      57.04       |      49.65      
    6632     |      54.85       |      50.44      
    6680     |      64.29       |      47.62      
    6681     |      58.94       |      46.56      
    6682     |      56.33       |      48.50      
    6683     |      59.61       |      49.34      
    6684     |      60.58       |      48.60      
    6685     |      62.13       |      51.14      
    6686     |      62.34       |      50.96      
    6734     |      51.16       |      49.93      
    6735     |      61.60       |      52.96      
    6736     |      58.75       |      54.93      
    6737     |      62.29       |      54.73      
    6738     |      66.13       |      39.67      
    6739     |      55.54       |      48.26      
    6740     |      63.96       |      54.76      
    6742     |      56.55       |      56.08      
    6743     |      60.13       |      52.58      
    6744     |      63.84       |      37.91      
    6745     |      69.90       |      32.79      
    6814     |      50.06       |      51.49      
    6815     |      63.77       |      56.33      
    6816     |      60.62       |      57.09      
    6817     |      58.03       |      57.47      
    6818     |      63.14       |      44.32      
    6819     |      68.85       |      42.15      
    6820     |      55.51       |      54.08      
    6821     |      66.18       |      42.72      
    6822     |      63.03       |      44.19      
    6823     |      71.76       |      41.59      
    6824     |      67.25       |      38.35      
    6825     |      80.39       |      27.63      
    6826     |      79.79       |      27.82      
    6875     |      48.74       |      43.26      
    6877     |      59.80       |      53.23      
    6878     |      59.51       |      53.50      
    6879     |      62.21       |      50.74      
    6880     |      70.35       |      50.48      
    6881     |      56.55       |      54.81      
    6882     |      52.11       |      57.05      
    6883     |      54.93       |      53.94      
    6884     |      64.10       |      43.07      
    6885     |      81.45       |      23.93      
    6886     |      64.78       |      28.40      
    6887     |      70.97       |      21.46      
    6938     |      40.85       |      51.01      
    6939     |      39.06       |      52.36      
    6940     |      68.66       |      43.31      
    6941     |      59.00       |      53.28      
    6942     |      59.83       |      52.86      
    6943     |      62.76       |      51.50      
    6944     |      69.91       |      40.68      
    6945     |      65.42       |      39.00      
    6946     |      68.63       |      36.16      
    6947     |      67.22       |      36.35      
    6948     |      77.82       |      24.80      
    6949     |      72.29       |      26.68      
    6950     |      79.95       |      28.35      
    6951     |      86.80       |      17.92      
    6953     |      78.32       |      35.75      
    6954     |      78.55       |      33.37      
    6955     |      84.80       |      14.88      
    6957     |      84.87       |      11.20      
    6997     |      56.44       |      45.49      
    6998     |      49.77       |      42.00      
    6999     |      63.14       |      34.83      
    7000     |      67.31       |      31.45      
    7001     |      54.70       |      47.93      
    7002     |      57.09       |      47.70      
    7003     |      54.79       |      54.15      
    7004     |      53.93       |      55.01      
    7005     |      55.56       |      53.98      
    7006     |      74.59       |      39.75      
    7007     |      78.79       |      22.11      
    7008     |      79.89       |      17.74      
    7009     |      72.43       |      22.00      
    7010     |      89.37       |      23.57      
    7011     |      87.42       |      21.82      
    7012     |      80.48       |      26.67      
    7013     |      80.86       |      28.68      
    7014     |      74.02       |      31.86      
    7015     |      69.87       |      37.25      
    7016     |      80.60       |      32.65      
    7018     |      88.01       |      16.86      
    7072     |      46.69       |      52.64      
    7073     |      40.41       |      54.10      
    7074     |      48.24       |      47.14      
    7075     |      53.29       |      40.63      
    7076     |      57.08       |      40.15      
    7077     |      57.02       |      49.06      
    7079     |      66.20       |      55.21      
    7080     |      67.41       |      56.78      
    7081     |      57.39       |      57.42      
    7082     |      63.38       |      52.31      
    7083     |      74.55       |      29.46      
    7084     |      71.81       |      31.18      
    7085     |      82.88       |      20.30      
    7086     |      77.89       |      17.01      
    7087     |      88.79       |      16.32      
    7088     |      86.80       |      17.02      
    7089     |      81.48       |      16.00      
    7090     |      82.21       |      19.70      
    7091     |      85.54       |      14.84      
    7093     |      85.29       |      24.02      
    7096     |      89.79       |      31.38      
    7127     |      61.39       |      46.57      
    7128     |      59.89       |      45.88      
    7129     |      60.94       |      44.41      
    7130     |      67.29       |      48.04      
    7131     |      63.81       |      53.16      
    7132     |      76.86       |      20.42      
    7133     |      83.70       |      19.94      
    7134     |      75.18       |      21.74      
    7135     |      71.52       |      25.92      
    7136     |      86.35       |      27.21      
    7137     |      74.85       |      18.23      
    7138     |      86.11       |       6.73      
    7139     |      82.62       |      27.03      
    7140     |      79.76       |      36.04      
    7141     |      84.09       |      38.37      
    7142     |      85.26       |      38.23      
    7143     |      76.64       |      37.26      
    7144     |      87.57       |      31.07      
    7184     |      54.05       |      42.80      
    7185     |      52.77       |      43.18      
    7186     |      65.13       |      30.95      
    7187     |      69.51       |      35.58      
    7188     |      70.97       |      35.32      
    7189     |      83.71       |      25.37      
    7190     |      77.53       |      25.60      
    7191     |      83.32       |      20.28      
    7192     |      83.25       |      20.22      
    7193     |      76.32       |      22.70      
    7194     |      83.02       |      20.08      
    7195     |      86.76       |      26.75      
    7196     |      87.23       |      26.72      
    7197     |      80.86       |      22.81      
    7198     |      88.87       |      24.28      
    7200     |      87.78       |      28.68      
    7201     |      77.47       |      30.21      
    7202     |      75.67       |      32.73      
    7203     |      68.95       |      37.09      
    7204     |      84.16       |      39.03      
    7205     |      83.77       |      30.74      
    7207     |      87.18       |      27.56      
    7243     |      56.45       |      47.24      
    7244     |      49.45       |      46.39      
    7245     |      52.68       |      44.93      
    7246     |      54.67       |      43.54      
    7247     |      51.72       |      44.14      
    7248     |      67.96       |      33.31      
    7249     |      71.65       |      30.17      
    7250     |      67.38       |      28.47      
    7251     |      69.08       |      27.98      
    7252     |      78.63       |      28.82      
    7253     |      73.90       |      27.98      
    7254     |      82.58       |      16.26      
    7255     |      76.58       |      16.33      
    7256     |      82.84       |      23.61      
    7257     |      86.92       |      16.79      
    7258     |      81.36       |      21.03      
    7259     |      72.31       |      22.39      
    7260     |      76.45       |      26.63      
    7261     |      84.87       |      33.79      
    7262     |      76.73       |      36.21      
    7263     |      87.06       |      35.46      
    7264     |      84.64       |      36.14      
    7265     |      80.61       |      33.95      
    7299     |      72.38       |      28.72      
    7300     |      82.13       |      15.50      
    7301     |      82.33       |      20.77      
    7302     |      89.78       |      20.61      
    7303     |      74.12       |      20.60      
    7304     |      82.33       |      19.35      
    7305     |      87.07       |      28.28      
    7306     |      85.59       |      27.55      
    7307     |      79.57       |      18.53      
    7308     |      76.67       |      20.27      
    7309     |      89.71       |      22.73      
    7310     |      69.65       |      26.92      
    7311     |      74.28       |      23.09      
    7312     |      79.32       |      28.75      
    7350     |      50.19       |      52.41      
    7351     |      49.25       |      49.89      
    7352     |      54.16       |      50.82      
    7353     |      51.79       |      52.79      
    7354     |      59.73       |      35.53      
    7355     |      70.03       |      26.29      
    7356     |      66.71       |      33.37      
    7357     |      67.43       |      33.33      
    7358     |      82.94       |      10.83      
    7359     |      85.30       |       9.45      
    7360     |      78.89       |      16.46      
    7361     |      79.59       |      18.56      
    7362     |      76.87       |      20.40      
    7363     |      74.26       |      25.70      
    7364     |      85.63       |      27.32      
    7365     |      85.61       |      27.31      
    7366     |      81.45       |      20.38      
    7367     |      75.41       |      21.85      
    7368     |      74.78       |      21.88      
    7369     |      71.91       |      24.97      
    7370     |      85.71       |      23.55      
    7371     |      88.48       |      22.22      
    7372     |      83.78       |      20.86      
    7373     |      66.21       |      31.81      
    7374     |      73.45       |      35.11      
    7375     |      82.68       |      32.07      
    7377     |      87.12       |      25.10      
    7378     |      89.15       |      24.23      
    7379     |      75.86       |      27.81      
    7380     |      74.77       |      22.34      
    7387     |      85.43       |      14.17      
    7438     |      46.69       |      47.78      
    7439     |      56.55       |      44.45      
    7440     |      64.61       |      36.58      
    7441     |      85.76       |      16.55      
    7442     |      77.81       |      19.11      
    7443     |      80.37       |      23.70      
    7444     |      76.30       |      25.66      
    7445     |      77.83       |      23.00      
    7446     |      82.26       |      39.60      
    7447     |      78.37       |      26.26      
    7448     |      66.37       |      30.95      
    7450     |      89.47       |      21.40      
    7451     |      80.55       |      20.71      
    7452     |      85.43       |      30.95      
    7453     |      81.33       |      32.41      
    7454     |      89.61       |      26.65      
    7455     |      89.95       |      27.25      
    7457     |      89.74       |      22.87      
    7496     |      63.48       |      32.81      
    7497     |      46.89       |      47.20      
    7498     |      57.85       |      39.27      
    7499     |      64.07       |      38.43      
    7500     |      67.03       |      36.30      
    7501     |      62.40       |      36.68      
    7502     |      63.96       |      35.25      
    7503     |      67.33       |      35.50      
    7504     |      75.21       |      27.31      
    7505     |      84.05       |      27.40      
    7506     |      82.97       |      22.33      
    7507     |      83.63       |      21.91      
    7508     |      78.37       |      15.18      
    7509     |      81.27       |      12.72      
    7510     |      81.34       |      13.63      
    7511     |      74.84       |      17.25      
    7512     |      80.29       |      17.93      
    7513     |      77.66       |      19.05      
    7514     |      83.60       |      37.74      
    7515     |      77.97       |      28.91      
    7516     |      66.40       |      31.35      
    7517     |      74.97       |      25.89      
    7518     |      89.77       |      18.30      
    7519     |      84.00       |      20.85      
    7520     |      77.18       |      21.25      
    7521     |      76.92       |      18.67      
    7522     |      73.67       |      32.57      
    7523     |      68.61       |      33.81      
    7524     |      79.79       |      36.65      
    7525     |      89.53       |      26.10      
    7564     |      60.45       |      39.42      
    7565     |      50.19       |      47.89      
    7566     |      60.23       |      35.96      
    7567     |      67.41       |      29.57      
    7568     |      84.52       |      18.49      
    7569     |      87.78       |      15.32      
    7570     |      82.96       |      13.83      
    7571     |      81.13       |      14.71      
    7572     |      86.20       |       4.73      
    7573     |      78.91       |      11.73      
    7574     |      76.60       |      13.94      
    7575     |      64.57       |      27.62      
    7576     |      77.02       |      24.59      
    7577     |      82.68       |      23.90      
    7578     |      73.31       |      30.61      
    7579     |      69.03       |      32.06      
    7580     |      62.01       |      38.15      
    7581     |      89.68       |      35.79      
    7582     |      85.43       |      15.99      
    7583     |      74.12       |      25.02      
    7584     |      74.37       |      25.01      
    7586     |      83.96       |      21.06      
    7587     |      67.06       |      29.28      
    7590     |      78.51       |      21.15      
    7591     |      86.76       |      22.36      
    7592     |      85.28       |      30.16      
    7628     |      53.71       |      42.15      
    7629     |      56.29       |      38.96      
    7630     |      70.41       |      32.37      
    7631     |      73.48       |      24.43      
    7632     |      79.42       |      33.64      
    7635     |      88.26       |      30.00      
    7636     |      84.08       |      23.82      
    7637     |      75.99       |      33.76      
    7638     |      76.91       |      33.52      
    7640     |      87.01       |      11.42      
    7642     |      76.40       |      13.57      
    7643     |      76.54       |      13.36      
    7645     |      87.23       |      26.92      
    7647     |      80.61       |      18.06      
    7648     |      85.07       |      23.62      
    7690     |      58.18       |      39.58      
    7691     |      59.77       |      40.35      
    7692     |      57.20       |      41.12      
    7693     |      69.36       |      32.95      
    7694     |      65.60       |      34.72      
    7695     |      71.13       |      31.24      
    7698     |      83.84       |      12.08      
    7699     |      88.57       |      10.81      
    7700     |      65.91       |      27.18      
    7701     |      65.48       |      27.46      
    7702     |      68.80       |      23.95      
    7703     |      66.96       |      30.18      
    7704     |      84.90       |      36.76      
    7705     |      82.83       |      38.03      
    7706     |      75.24       |      32.08      
    7707     |      73.29       |      32.60      
    7708     |      82.00       |      32.55      
    7711     |      80.11       |      16.80      
    7712     |      75.45       |      15.41      
    7713     |      81.07       |      17.76      
    7714     |      86.55       |      20.27      
    7763     |      69.73       |      27.26      
    7764     |      67.15       |      26.08      
    7765     |      88.06       |      10.28      
    7767     |      80.41       |      20.53      
    7768     |      82.67       |      21.51      
    7769     |      75.96       |      26.74      
    7770     |      65.40       |      29.96      
    7771     |      72.69       |      31.90      
    7772     |      68.35       |      35.07      
    7773     |      66.67       |      37.99      
    7774     |      85.72       |      31.28      
    7775     |      85.15       |      30.64      
    7776     |      77.58       |      24.18      
    7778     |      70.08       |      24.17      
    7779     |      73.14       |      21.36      
    7780     |      84.03       |      19.53      
    7824     |      58.57       |      38.88      
    7825     |      71.99       |      27.07      
    7826     |      78.04       |      26.10      
    7827     |      72.87       |      22.50      
    7828     |      83.19       |       8.00      
    7829     |      89.94       |      26.68      
    7830     |      87.19       |      28.19      
    7831     |      82.13       |      25.88      
    7832     |      73.22       |      30.69      
    7833     |      68.65       |      32.58      
    7834     |      63.52       |      31.50      
    7835     |      63.89       |      31.63      
    7836     |      60.62       |      34.59      
    7837     |      64.73       |      45.74      
    7838     |      76.81       |      37.03      
    7839     |      85.90       |      37.18      
    7840     |      89.26       |      26.21      
    7841     |      86.62       |      24.55      
    7842     |      83.72       |      26.60      
    7843     |      77.32       |      25.72      
    7844     |      84.35       |      19.41      
    7846     |      79.28       |      25.43      
    7847     |      75.46       |      28.17      
    7855     |      78.77       |      15.79      
    7885     |      60.68       |      42.54      
    7886     |      59.59       |      42.98      
    7887     |      64.70       |      36.05      
    7888     |      76.06       |      24.42      
    7889     |      82.18       |      17.33      
    7890     |      79.60       |      17.00      
    7891     |      81.05       |      21.99      
    7892     |      57.89       |      39.72      
    7893     |      57.02       |      40.23      
    7896     |      89.58       |      33.40      
    7897     |      82.91       |      33.15      
    7898     |      87.08       |      19.44      
    7900     |      82.94       |      11.62      
    7901     |      87.75       |       6.27      
    7902     |      75.92       |      14.27      
    7903     |      87.76       |       2.33      
    7905     |      89.58       |      24.29      
    7908     |      82.48       |      25.08      
    7909     |      82.47       |      25.08      
    7940     |      56.67       |      50.43      
    7941     |      62.18       |      35.97      
    7942     |      76.06       |      21.68      
    7943     |      86.10       |       4.68      
    7944     |      80.46       |      10.41      
    7945     |      75.88       |      22.28      
    7946     |      81.05       |      21.70      
    7947     |      70.52       |      32.77      
    7948     |      87.57       |      44.07      
    7949     |      84.82       |      36.60      
    7950     |      75.58       |      35.12      
    7951     |      76.98       |      34.38      
    7952     |      65.31       |      37.63      
    7953     |      60.29       |      40.59      
    7954     |      61.38       |      32.33      
    7955     |      61.34       |      32.35      
    7956     |      78.37       |      27.07      
    7957     |      82.81       |      22.91      
    7958     |      84.53       |      23.57      
    7959     |      87.48       |      42.03      
    7960     |      89.87       |      25.90      
    7961     |      86.40       |      24.24      
    7963     |      88.43       |      13.02      
    7964     |      89.66       |      12.02      
    7966     |      85.80       |      19.85      
    7967     |      84.27       |      19.99      
    7970     |      87.67       |      15.49      
    8000     |      69.11       |      42.92      
    8001     |      72.14       |      42.40      
    8002     |      77.45       |      19.46      
    8004     |      79.17       |      29.53      
    8005     |      63.27       |      37.70      
    8006     |      63.21       |      37.69      
    8007     |      63.14       |      37.70      
    8008     |      64.95       |      30.94      
    8009     |      64.86       |      27.55      
    8010     |      81.60       |      14.42      
    8011     |      74.23       |      31.97      
    8012     |      80.58       |      32.85      
    8014     |      89.88       |      28.16      
    8016     |      85.84       |      28.18      
    8017     |      84.79       |      24.00      
    8059     |      88.89       |      25.79      
    8060     |      76.02       |      28.84      
    8061     |      70.35       |      21.46      
    8062     |      71.62       |      20.20      
    8063     |      75.86       |      21.20      
    8064     |      79.27       |      18.08      
    8065     |      75.12       |      17.35      
    8066     |      80.91       |      11.98      
    8068     |      66.47       |      31.51      
    8069     |      69.01       |      30.02      
    8070     |      68.26       |      29.21      
    8071     |      63.44       |      31.41      
    8072     |      65.04       |      32.52      
    8073     |      69.97       |      30.60      
    8074     |      75.43       |      22.93      
    8075     |      68.30       |      26.42      
    8076     |      88.79       |      14.66      
    8078     |      85.94       |      33.07      
    8079     |      83.29       |      33.19      
    8083     |      81.67       |      25.35      
    8084     |      88.62       |      34.81      
    8086     |      82.11       |      22.09      
    8090     |      81.33       |      38.88      
    8098     |      87.41       |      30.88      
    8124     |      75.32       |      31.94      
    8125     |      68.53       |      29.06      
    8126     |      67.58       |      30.57      
    8127     |      80.42       |      27.47      
    8128     |      77.91       |      22.37      
    8129     |      62.37       |      37.40      
    8130     |      84.25       |      13.55      
    8131     |      88.16       |      14.07      
    8133     |      86.53       |      20.01      
    8135     |      81.41       |      14.00      
    8139     |      84.85       |      18.77      
    8148     |      86.49       |      22.53      
    8149     |      87.11       |      24.57      
    8172     |      75.87       |      39.64      
    8173     |      79.35       |      40.33      
    8174     |      86.97       |      37.40      
    8175     |      82.65       |      44.53      
    8176     |      78.53       |      42.16      
    8177     |      64.37       |      42.70      
    8178     |      78.77       |      37.66      
    8179     |      75.22       |      31.60      
    8180     |      75.58       |      27.55      
    8181     |      63.22       |      38.45      
    8182     |      70.34       |      36.94      
    8183     |      64.96       |      38.55      
    8184     |      66.36       |      37.40      
    8185     |      72.34       |      26.75      
    8186     |      72.55       |      26.71      
    8187     |      68.82       |      28.96      
    8188     |      77.19       |      28.76      
    8192     |      76.75       |      19.89      
    8225     |      74.86       |      38.07      
    8226     |      87.53       |      35.09      
    8227     |      81.82       |      38.22      
    8228     |      76.47       |      43.67      
    8229     |      66.44       |      44.21      
    8230     |      78.16       |      38.39      
    8231     |      85.10       |      34.32      
    8232     |      74.92       |      31.75      
    8233     |      77.14       |      33.39      
    8234     |      69.67       |      40.76      
    8235     |      63.23       |      38.39      
    8236     |      62.65       |      38.88      
    8237     |      68.83       |      39.25      
    8238     |      68.57       |      39.34      
    8239     |      68.79       |      29.38      
    8240     |      77.98       |      22.16      
    8241     |      73.29       |      20.91      
    8242     |      79.52       |      17.08      
    8243     |      69.35       |      22.82      
    8245     |      88.61       |      18.30      
    8249     |      88.21       |      15.31      
    8250     |      89.67       |      15.96      
    8253     |      88.81       |      29.34      
    8257     |      88.72       |       5.52      
    8264     |      89.11       |      13.24      
    8266     |      87.33       |      21.74      
    8293     |      86.16       |      24.04      
    8294     |      82.71       |      24.09      
    8295     |      82.29       |      35.71      
    8296     |      73.91       |      37.48      
    8297     |      77.11       |      25.67      
    8298     |      73.52       |      34.84      
    8299     |      79.11       |      12.52      
    8301     |      82.82       |      25.53      
    8302     |      84.30       |      27.75      
    8305     |      89.66       |      25.28      
    8306     |      83.21       |      31.95      
    8307     |      78.87       |      30.07      
    8313     |      89.97       |      19.89      
    8317     |      85.47       |      15.81      
    8326     |      84.15       |      11.06      
   25218     |      73.27       |      42.89      
   25219     |      67.00       |      35.68      
   25220     |      65.21       |      26.32      
   25221     |      56.89       |      34.23      
   25222     |      67.31       |      23.67      
   25223     |      68.47       |      26.17      
   25224     |      70.48       |      30.23      
   25265     |      78.97       |      41.64      
   25266     |      77.67       |      31.93      
   25267     |      56.96       |      38.90      
   25268     |      57.11       |      39.18      
   25269     |      57.98       |      33.91      
   25270     |      58.41       |      34.55      
   25271     |      58.06       |      34.16      
   25333     |      71.04       |      39.05      
   25334     |      65.44       |      29.59      
   25335     |      64.11       |      26.94      
   25336     |      58.86       |      32.50      
   25384     |      42.47       |      58.38      
   25385     |      48.23       |      43.80      
   25386     |      52.59       |      48.97      
   25387     |      58.57       |      38.52      
   25388     |      56.62       |      36.81      
   25454     |      56.32       |      50.41      
   25455     |      56.31       |      43.87      
   25510     |      59.46       |      47.23      
   25511     |      58.57       |      44.61      
   25572     |      62.90       |      45.59      
   25573     |      57.08       |      46.36      
   25574     |      58.75       |      49.94      
   25630     |      52.74       |      51.64      
   25631     |      60.57       |      54.53      
   25694     |      53.55       |      58.49      
   25763     |      53.42       |      49.54      
   25817     |      52.52       |      41.69      
   25879     |      52.38       |      41.94      
   36863     |      89.07       |      12.93      
   36865     |      87.91       |      10.92      
   37007     |      88.55       |       2.20      
   37008     |      89.95       |       4.88      
   37009     |      88.26       |       7.49      
   37454     |      88.90       |      25.68      
   37660     |      85.43       |      16.90      
   37661     |      83.54       |      14.15      
   37662     |      83.56       |      14.25      
   37873     |      85.31       |      16.58      
   37874     |      86.70       |      18.24      
   37951     |      85.81       |       4.87      
   37952     |      89.50       |       9.88      
   37953     |      84.07       |      18.25      
   37954     |      89.52       |      23.18      
   38014     |      89.01       |      22.65      
   38018     |      84.88       |       5.25      
   38023     |      85.30       |      18.40      
   38024     |      87.54       |      10.54      
   38025     |      86.14       |      11.11      
   38030     |      88.02       |       9.37      
   38076     |      86.63       |      20.52      
   38077     |      88.31       |      28.57      
   38080     |      86.35       |      28.88      
   38081     |      84.11       |      25.99      
   38084     |      80.21       |      11.64      
   38085     |      87.15       |      10.99      
   38086     |      84.90       |      17.98      
   38087     |      84.46       |      28.29      
   38088     |      89.77       |      32.57      
   38089     |      76.31       |      13.39      
   38090     |      84.58       |      10.34      
   38142     |      88.60       |      16.53      
   38143     |      82.97       |      25.42      
   38146     |      80.21       |      17.95      
   38147     |      80.22       |      17.95      
   38148     |      87.48       |      13.80      
   38149     |      89.44       |      25.86      
   38151     |      87.80       |       2.38      
   38152     |      85.90       |       4.39      
   38153     |      82.99       |       6.89      
   38154     |      80.05       |       9.79      
   38224     |      88.53       |       1.48      
   38225     |      87.35       |       5.67      
   38226     |      83.24       |       7.91      
   38227     |      84.38       |       7.38      
   38230     |      89.40       |      13.17      
   38231     |      89.59       |      13.45      
   38277     |      87.86       |      10.38      
   38282     |      88.79       |      32.36      
   38283     |      84.14       |      26.18      
   38284     |      82.35       |      29.62      
   38285     |      80.94       |      14.63      
   38289     |      86.76       |       4.69      
   38290     |      89.53       |       1.64      
   38291     |      88.74       |      11.24      
   38292     |      88.38       |      10.57      
   38296     |      89.76       |      13.51      
   38299     |      84.87       |      13.19      
   38300     |      85.18       |      14.00      
   38301     |      89.67       |       0.61      
   38359     |      84.85       |      16.39      
   38360     |      84.78       |      13.77      
   38365     |      88.97       |      10.92      
   38366     |      89.22       |       3.52      
   38367     |      85.58       |       4.07      
   38370     |      88.11       |      13.38      
   38371     |      87.13       |       5.09      
   38443     |      87.74       |      18.39      
   38444     |      86.98       |      19.31      
   38450     |      85.03       |       5.52      
   38451     |      80.23       |      11.73      
   38452     |      79.83       |      11.83      
   38456     |      83.29       |      10.05      
   38457     |      80.80       |      12.45      
   38458     |      83.74       |       6.40      
   38459     |      88.44       |       1.23      
   38495     |      86.47       |       3.35      
   38496     |      80.39       |      14.70      
   38497     |      86.07       |      24.30      
   38498     |      87.20       |      16.51      
   38502     |      81.38       |      30.26      
   38503     |      76.09       |      13.65      
   38507     |      88.61       |      10.67      
   38508     |      89.91       |      15.58      
   38509     |      80.05       |      12.64      
   38510     |      84.06       |       8.60      
   38563     |      89.85       |      19.97      
   38564     |      86.81       |      12.86      
   38565     |      84.84       |      21.24      
   38566     |      88.09       |      23.51      
   38575     |      75.53       |      27.40      
   38576     |      76.44       |      20.86      
   38577     |      73.59       |      17.90      
   38578     |      81.74       |      10.89      
   38580     |      87.47       |      12.18      
   38581     |      83.96       |       5.77      
   38582     |      83.89       |       6.42      
   38583     |      79.80       |      12.74      
   38584     |      82.97       |      16.05      
   38585     |      83.97       |      10.31      
   38586     |      89.15       |      13.68      
   38587     |      88.04       |       6.74      
   38630     |      88.11       |      23.82      
   38631     |      88.51       |       9.90      
   38637     |      89.35       |       7.31      
   38638     |      89.47       |       7.18      
   38640     |      89.35       |      23.52      
   38642     |      79.42       |      14.96      
   38643     |      76.87       |      13.30      
   38644     |      89.82       |      19.38      
   38645     |      76.29       |      15.92      
   38646     |      81.32       |       8.67      
   38647     |      89.02       |      12.54      
   38648     |      87.95       |       2.01      
   38649     |      82.29       |       9.41      
   38651     |      85.23       |      11.85      
   38652     |      82.28       |       8.23      
   38653     |      84.46       |       6.09      
   38722     |      88.27       |       3.81      
   38723     |      88.00       |       3.66      
   38724     |      88.19       |       6.17      
   38732     |      88.47       |       2.00      
   38772     |      87.06       |      11.79      
   38776     |      86.72       |      10.37      
   38777     |      84.38       |      24.63      
   38778     |      78.51       |      18.41      
   38780     |      85.15       |      13.21      
   38792     |      86.85       |       6.16      
   38837     |      82.94       |      22.72      
   38838     |      83.94       |      23.36      
   38839     |      85.10       |       5.22      
   38840     |      88.47       |      19.50      
   38842     |      89.89       |      12.10      
   38846     |      89.06       |       2.37      
   38853     |      89.53       |       0.87      
   38895     |      84.83       |       9.55      
   38963     |      84.60       |      23.50      
   38964     |      87.30       |      24.51      
   38965     |      87.03       |      26.83      
   38966     |      85.64       |      28.11      
   38967     |      76.47       |      17.77      
   38972     |      87.85       |      14.92      
   38973     |      81.94       |      23.26      
   38976     |      78.57       |      14.79      
   38987     |      86.67       |       4.52      
   39025     |      82.02       |      15.94      
   39026     |      87.72       |      23.90      
   39027     |      88.42       |      15.11      
   39030     |      87.54       |      14.33      
   39033     |      82.91       |      24.16      
   39034     |      87.33       |      17.16      
   39035     |      87.69       |       6.43      
   39038     |      84.31       |      13.64      
   39039     |      89.22       |      15.73      
   39046     |      86.48       |       3.46      
   39047     |      85.53       |      16.37      
   39048     |      84.32       |      12.49      
   39049     |      84.32       |       8.96      
   39050     |      89.73       |      19.16      
   39054     |      89.61       |       9.76      
   39055     |      81.15       |       9.84      
   39056     |      82.35       |       7.64      
   39057     |      88.66       |       6.75      
   39105     |      83.06       |      21.57      
   39106     |      82.40       |      15.51      
   39108     |      76.35       |      18.86      
   39109     |      76.79       |      19.36      
   39113     |      88.05       |       9.44      
   39114     |      86.96       |      13.36      
   39115     |      87.50       |      14.20      
   39116     |      80.76       |      13.22      
   39117     |      77.30       |      12.71      
   39118     |      84.32       |       6.06      
   39119     |      84.70       |       5.35      
   39120     |      83.34       |      14.28      
   39128     |      78.49       |      17.79      
   39129     |      76.54       |      15.65      
   39130     |      77.08       |      13.29      
   39131     |      75.11       |      14.91      
   39132     |      71.76       |      18.90      
   39170     |      84.99       |      18.09      
   39171     |      81.85       |      22.80      
   39172     |      83.58       |      18.18      
   39173     |      88.90       |      27.35      
   39176     |      88.54       |       8.20      
   39177     |      88.53       |       2.15      
   39178     |      84.19       |      19.14      
   39179     |      83.89       |      18.43      
   39180     |      85.98       |       4.70      
   39181     |      86.07       |       9.27      
   39182     |      82.41       |      19.06      
   39183     |      84.12       |      20.94      
   39184     |      78.89       |      19.76      
   39185     |      80.03       |      10.18      
   39189     |      80.20       |      11.07      
   39190     |      78.33       |      15.17      
   39191     |      76.23       |      14.37      
   39192     |      76.29       |      17.04      
   39193     |      76.91       |      14.00      
   39194     |      78.38       |      14.00      
   39195     |      76.83       |      13.17      
   39237     |      85.33       |      16.07      
   39238     |      84.82       |      20.16      
   39239     |      85.15       |      24.43      
   39240     |      78.09       |      36.32      
   39241     |      77.76       |      21.59      
   39243     |      88.33       |      18.33      
   39244     |      81.93       |      11.71      
   39245     |      84.32       |      22.10      
   39246     |      89.20       |      17.42      
   39247     |      89.56       |      21.38      
   39248     |      87.49       |      20.55      
   39249     |      87.66       |       9.46      
   39250     |      83.77       |       8.40      
   39251     |      83.69       |      13.26      
   39252     |      81.58       |      16.73      
   39253     |      81.41       |      12.71      
   39254     |      85.87       |      18.11      
   39256     |      76.73       |      13.31      
   39257     |      83.12       |      10.07      
   39258     |      89.84       |       1.94      
   39259     |      86.88       |       8.11      
   39260     |      84.35       |       7.38      
   39261     |      78.40       |      14.43      
   39262     |      81.43       |       8.95      
   39263     |      75.73       |      17.71      
   39306     |      89.90       |      12.55      
   39307     |      86.19       |      23.86      
   39308     |      74.47       |      20.51      
   39309     |      77.99       |      12.49      
   39310     |      85.88       |       4.77      
   39311     |      78.44       |      24.65      
   39312     |      85.66       |       4.93      
   39313     |      88.06       |       2.51      
   39314     |      75.87       |      15.88      
   39315     |      80.99       |      16.22      
   39316     |      81.77       |      19.48      
   39317     |      82.39       |      18.21      
   39318     |      83.45       |      19.71      
   39319     |      86.18       |       7.47      
   39320     |      86.51       |       4.71      
   39321     |      87.41       |       7.60      
   39381     |      85.54       |      15.57      
   39382     |      84.80       |      23.55      
   39383     |      84.67       |      13.12      
   39384     |      71.89       |      18.17      
   39385     |      70.35       |      19.75      
   39386     |      71.25       |      18.89      
   39387     |      73.82       |      17.73      
   39388     |      74.02       |      16.90      
   39389     |      78.31       |      23.29      
   39390     |      74.87       |      22.13      
   39391     |      77.88       |      25.95      
   39392     |      73.95       |      22.45      
   39393     |      78.55       |      13.40      
   39396     |      89.63       |       4.12      
   39397     |      84.84       |      18.30      
   39398     |      76.40       |      15.51      
   39399     |      74.57       |      16.22      
   39400     |      80.59       |      18.82      
   39401     |      83.19       |      23.75      
   39402     |      84.14       |      11.96      
   39403     |      84.75       |       7.42      
   39404     |      84.12       |       5.98      
   39405     |      85.41       |       4.91      
   39406     |      86.42       |       9.33      
   39407     |      86.93       |      10.14      
   39408     |      70.84       |      23.54      
   39409     |      66.29       |      23.96      
   39410     |      67.24       |      22.86      
   39411     |      67.29       |      22.80      
   39412     |      62.50       |      27.84      
   39413     |      64.00       |      26.68      
   39414     |      63.96       |      31.59      
   39415     |      59.93       |      31.51      
   39455     |      78.65       |      18.48      
   39456     |      81.18       |       9.56      
   39457     |      79.67       |      11.32      
   39458     |      74.52       |      22.05      
   39459     |      80.07       |      23.69      
   39460     |      69.77       |      20.48      
   39461     |      71.50       |      20.38      
   39462     |      78.28       |      14.06      
   39463     |      75.13       |      15.00      
   39464     |      77.19       |      14.08      
   39465     |      86.23       |      19.84      
   39466     |      85.92       |      19.41      
   39467     |      87.86       |      14.79      
   39468     |      88.47       |      16.50      
   39469     |      85.56       |      16.75      
   39470     |      76.94       |      24.66      
   39471     |      72.39       |      17.73      
   39472     |      69.61       |      21.51      
   39473     |      68.68       |      21.88      
   39474     |      73.49       |      16.68      
   39475     |      67.08       |      25.15      
   39476     |      74.50       |      21.37      
   39523     |      83.97       |      19.81      
   39527     |      78.74       |      26.61      
   39528     |      73.94       |      26.82      
   39529     |      77.02       |      14.14      
   39530     |      68.05       |      28.57      
   39531     |      70.21       |      32.16      
   39532     |      89.31       |      23.63      
   39533     |      74.94       |      18.98      
   39534     |      73.89       |      16.25      
   39535     |      87.98       |       2.47      
   39537     |      89.20       |       9.51      
   39538     |      79.82       |      11.33      
   39539     |      81.08       |       9.43      
   39540     |      80.06       |      10.58      
   39541     |      88.51       |      13.55      
   39542     |      89.91       |      10.99      
   39543     |      82.81       |       7.34      
   39544     |      85.94       |       4.43      
   39545     |      85.58       |       5.10      
   39585     |      87.84       |      22.54      
   39586     |      71.68       |      27.00      
   39587     |      72.36       |      19.31      
   39588     |      84.71       |       6.55      
   39589     |      82.80       |      10.85      
   39590     |      88.56       |       2.80      
   39591     |      89.62       |       0.54      
   39592     |      85.14       |      18.77      
   39593     |      77.72       |      15.04      
   39594     |      78.56       |      17.39      
   39595     |      67.87       |      22.31      
   39596     |      82.20       |      13.21      
   39597     |      79.39       |      11.27      
   39598     |      84.46       |      10.38      
   39599     |      84.40       |      19.51      
   39600     |      81.32       |      17.57      
   39601     |      77.49       |      18.12      
   39602     |      77.68       |      12.83      
   39603     |      77.90       |      12.86      
   39604     |      88.74       |       1.63      
   39605     |      88.90       |      13.51      
   39606     |      62.26       |      31.97      
   39607     |      61.96       |      31.53      
   39608     |      77.12       |      13.56      
   39609     |      76.93       |      13.64      
   39610     |      81.08       |      12.29      
   39611     |      87.45       |       2.89      
   39612     |      84.40       |      12.43      
   39662     |      85.19       |       7.04      
   39663     |      77.30       |      20.88      
   39664     |      88.98       |      21.72      
   39665     |      85.29       |      14.36      
   39666     |      80.90       |      12.61      
   39667     |      83.36       |      18.88      
   39668     |      85.54       |      23.82      
   39669     |      82.26       |      29.70      
   39670     |      82.36       |      30.59      
   39671     |      65.05       |      30.76      
   39672     |      71.14       |      19.09      
   39673     |      88.88       |      13.59      
   39674     |      83.70       |       9.01      
   39675     |      85.11       |      13.32      
   39676     |      87.64       |       9.94      
   39677     |      89.91       |      14.93      
   39678     |      88.15       |      14.02      
   39679     |      87.69       |       8.65      
   39680     |      83.69       |      13.77      
   39681     |      80.72       |       9.86      
   39682     |      79.74       |      11.16      
   39683     |      77.69       |      14.27      
   39684     |      68.92       |      24.86      
   39685     |      76.40       |      26.52      
   39686     |      88.20       |       4.52      
   39687     |      88.36       |       4.64      
   39688     |      86.93       |       5.86      
   39689     |      86.08       |       7.87      
   39722     |      77.70       |      21.53      
   39723     |      89.62       |      20.27      
   39724     |      82.72       |      15.20      
   39725     |      79.06       |      18.21      
   39727     |      88.31       |       4.25      
   39730     |      80.22       |      10.02      
   39731     |      77.84       |      12.66      
   39732     |      77.23       |      14.88      
   39733     |      79.32       |      16.91      
   39734     |      83.13       |       8.32      
   39735     |      82.43       |       9.05      
   39736     |      80.71       |       9.54      
   39737     |      81.60       |       8.71      
   39738     |      80.23       |      11.66      
   39783     |      75.28       |      21.55      
   39784     |      89.23       |       4.55      
   39785     |      87.93       |      21.54      
   39786     |      82.57       |      13.75      
   39787     |      80.86       |      18.75      
   39793     |      86.14       |       8.69      
   39797     |      85.24       |      23.80      
   39799     |      89.38       |      13.63      
   39800     |      89.81       |      15.17      
   39801     |      87.28       |       5.01      
   39809     |      74.11       |      16.75      
   39810     |      74.84       |      17.52      
   39811     |      79.89       |      12.47      
   39812     |      80.50       |       9.90      
   39813     |      87.22       |       5.24      
   39814     |      86.62       |       3.69      
   39816     |      70.39       |      25.71      
   39817     |      71.30       |      19.19      
   39860     |      78.75       |      19.25      
   39861     |      83.32       |      17.87      
   39862     |      87.95       |      11.57      
   39863     |      88.14       |      22.19      
   39865     |      85.16       |       5.10      
   39867     |      88.37       |      15.94      
   39871     |      84.15       |       8.50      
   39878     |      83.14       |       7.14      
   39879     |      83.35       |       6.93      
   39880     |      84.12       |       6.63      
   39881     |      77.95       |      13.41      
   39882     |      83.16       |       8.35      
   39883     |      84.89       |       9.78      
   39925     |      76.67       |      25.85      
   39926     |      80.15       |      14.31      
   39930     |      88.69       |      12.98      
   39933     |      83.00       |      10.24      
   39934     |      78.61       |      13.56      
   39935     |      78.55       |      13.50      
   39936     |      81.76       |       9.76      
   39937     |      87.78       |       7.22      
   39938     |      79.90       |      18.25      
   39939     |      79.37       |      13.37      
   39940     |      74.10       |      16.25      
   39941     |      75.94       |      23.33      
   39942     |      88.11       |       3.04      
   39943     |      87.91       |       6.81      
   39987     |      78.11       |      22.73      
   39988     |      82.91       |      21.57      
   39989     |      79.85       |      20.63      
   39990     |      80.27       |      12.41      
   39991     |      82.10       |      13.03      
   39992     |      81.71       |       9.38      
   39996     |      86.15       |      19.02      
   39998     |      87.85       |      26.42      
   39999     |      87.19       |       5.49      
   40000     |      87.40       |       3.74      
   40003     |      82.80       |      11.96      
   40004     |      77.83       |      12.51      
   40005     |      71.68       |      18.90      
   40006     |      71.55       |      18.97      
   40007     |      81.63       |      10.78      
   40045     |      84.34       |      23.39      
   40046     |      83.18       |      25.86      
   40047     |      89.07       |      37.00      
   40048     |      86.02       |      13.19      
   40049     |      76.21       |      17.04      
   40050     |      84.32       |       8.92      
   40051     |      79.67       |      15.43      
   40052     |      88.29       |      12.31      
   40053     |      88.90       |       2.76      
   40055     |      81.44       |      24.55      
   40056     |      83.52       |       9.78      
   40057     |      75.97       |      15.44      
   40058     |      84.09       |      17.22      
   40059     |      76.28       |      15.10      
   40060     |      86.48       |       4.30      
   40061     |      84.59       |      10.23      
   40062     |      83.47       |       8.11      
   40063     |      67.95       |      26.56      
   40064     |      67.77       |      26.03      
   40065     |      77.19       |      14.35      
   40066     |      78.46       |      15.23      
   40067     |      72.50       |      19.31      
   40068     |      74.13       |      16.84      
   40069     |      72.99       |      17.61      
   40117     |      70.53       |      30.27      
   40118     |      71.44       |      24.26      
   40119     |      77.14       |      18.97      
   40120     |      71.31       |      21.18      
   40121     |      69.91       |      20.64      
   40122     |      66.17       |      25.05      
   40123     |      77.16       |      20.60      
   40124     |      77.57       |      25.13      
   40125     |      88.82       |      16.83      
   40130     |      80.62       |      18.19      
   40131     |      79.70       |      17.76      
   40132     |      75.08       |      30.13      
   40133     |      73.73       |      16.67      
   40134     |      72.02       |      20.23      
   40135     |      65.13       |      25.30      
   40136     |      64.62       |      37.74      
   40137     |      76.96       |      15.76      
   40138     |      83.90       |       9.20      
   40139     |      86.57       |       8.38      
   40140     |      76.91       |      17.42      
   40141     |      76.56       |      18.77      
   40187     |      73.06       |      36.13      
   40188     |      66.72       |      23.80      
   40189     |      81.02       |      24.52      
   40190     |      81.89       |      25.04      
   40194     |      85.15       |      18.01      
   40195     |      81.92       |      11.41      
   40196     |      85.00       |       5.76      
   40197     |      84.69       |       6.16      
   40198     |      70.15       |      25.67      
   40199     |      70.46       |      31.46      
   40200     |      79.20       |      12.95      
   40201     |      74.91       |      19.52      
   40202     |      74.63       |      18.51      
   40203     |      76.17       |      15.94      
   40204     |      78.11       |      14.03      
   40205     |      85.44       |       9.22      
   40206     |      85.06       |      16.15      
   40207     |      83.07       |      14.17      
   40210     |      71.98       |      18.83      
   40253     |      62.87       |      39.19      
   40254     |      65.04       |      31.59      
   40255     |      80.90       |      18.45      
   40256     |      80.54       |      12.14      
   40257     |      68.52       |      26.74      
   40258     |      86.46       |      28.43      
   40259     |      85.87       |      20.76      
   40260     |      85.57       |      22.96      
   40264     |      71.33       |      19.37      
   40265     |      77.76       |      12.66      
   40266     |      57.63       |      33.22      
   40267     |      66.91       |      36.11      
   40268     |      65.84       |      26.40      
   40269     |      67.75       |      24.95      
   40270     |      87.24       |       3.36      
   40271     |      83.84       |       9.88      
   40272     |      80.35       |      10.30      
   40273     |      81.66       |       8.82      
   40274     |      80.53       |      10.43      
   40275     |      81.31       |      10.14      
   40276     |      85.09       |       5.40      
   40277     |      79.52       |      11.17      
   40278     |      81.39       |      15.57      
   40279     |      81.75       |      15.63      
   40280     |      73.60       |      19.99      
   40281     |      76.01       |      20.48      
   40282     |      75.84       |      21.05      
   40325     |      62.81       |      39.31      
   40326     |      71.36       |      31.80      
   40327     |      73.94       |      39.21      
   40328     |      80.90       |      18.41      
   40329     |      79.63       |      16.19      
   40330     |      74.23       |      16.45      
   40331     |      74.69       |      33.19      
   40332     |      86.03       |      20.88      
   40333     |      86.68       |      23.01      
   40334     |      77.58       |      18.73      
   40335     |      75.73       |      21.88      
   40336     |      83.39       |      19.53      
   40337     |      86.60       |      12.28      
   40338     |      80.86       |      11.62      
   40339     |      81.45       |      11.76      
   40340     |      68.94       |      21.72      
   40341     |      70.24       |      20.25      
   40342     |      58.53       |      32.80      
   40343     |      59.16       |      31.33      
   40344     |      51.43       |      39.22      
   40345     |      57.03       |      34.61      
   40346     |      58.22       |      38.70      
   40347     |      65.00       |      27.34      
   40348     |      84.40       |      18.96      
   40349     |      84.18       |      20.09      
   40351     |      84.08       |       6.89      
   40352     |      79.86       |      11.69      
   40353     |      82.55       |      17.89      
   40354     |      86.07       |       9.60      
   40355     |      86.30       |      10.42      
   40356     |      78.05       |      14.83      
   40357     |      80.94       |      17.25      
   40399     |      70.17       |      36.46      
   40400     |      72.23       |      30.95      
   40401     |      78.23       |      12.50      
   40402     |      84.17       |       6.78      
   40403     |      72.74       |      30.39      
   40404     |      66.37       |      31.77      
   40405     |      69.74       |      34.37      
   40406     |      71.95       |      22.57      
   40407     |      61.88       |      36.62      
   40408     |      59.56       |      33.60      
   40409     |      55.52       |      35.73      
   40412     |      84.46       |      10.53      
   40413     |      78.71       |      12.36      
   40414     |      79.39       |      12.53      
   40421     |      87.00       |      15.39      
   40459     |      69.56       |      36.92      
   40460     |      65.22       |      35.48      
   40461     |      68.69       |      42.85      
   40462     |      68.70       |      42.81      
   40463     |      74.02       |      18.23      
   40464     |      82.67       |      19.18      
   40465     |      79.64       |      35.49      
   40466     |      72.69       |      26.15      
   40467     |      64.45       |      26.67      
   40468     |      66.68       |      26.82      
   40469     |      58.21       |      37.71      
   40470     |      48.18       |      44.27      
   40471     |      47.41       |      43.21      
   40472     |      46.26       |      44.24      
   40473     |      66.75       |      26.73      
   40474     |      69.48       |      27.70      
   40475     |      76.79       |      14.74      
   40476     |      72.43       |      20.71      
   40477     |      74.70       |      28.12      
   40478     |      82.47       |      20.60      
   40479     |      80.79       |      10.92      
   40480     |      81.75       |       9.20      
   40481     |      84.23       |      10.60      
   40482     |      82.18       |      12.55      
   40483     |      83.70       |       9.29      
   40484     |      81.83       |       8.89      
   40530     |      63.96       |      37.15      
   40531     |      64.16       |      38.42      
   40532     |      58.61       |      35.20      
   40533     |      77.45       |      19.45      
   40534     |      82.07       |      25.64      
   40537     |      74.64       |      20.53      
   40538     |      80.62       |      29.22      
   40539     |      77.19       |      15.02      
   40540     |      73.00       |      20.66      
   40541     |      71.62       |      21.21      
   40542     |      71.23       |      21.89      
   40543     |      60.18       |      30.61      
   40544     |      62.00       |      28.54      
   40545     |      54.96       |      35.84      
   40546     |      63.84       |      26.74      
   40547     |      69.80       |      21.34      
   40548     |      77.24       |      25.18      
   40549     |      69.35       |      27.40      
   40550     |      70.95       |      30.88      
   40551     |      59.65       |      33.03      
   40552     |      61.06       |      29.79      
   40553     |      60.59       |      30.10      
   40554     |      86.36       |       5.89      
   40555     |      86.32       |       5.55      
   40556     |      85.67       |      11.78      
   40557     |      72.70       |      18.11      
   40558     |      71.30       |      19.63      
   40559     |      67.82       |      25.41      
   40560     |      71.87       |      39.95      
   40561     |      73.28       |      33.88      
   40601     |      57.08       |      46.40      
   40602     |      80.46       |      15.25      
   40603     |      80.15       |      11.02      
   40605     |      87.97       |       5.77      
   40606     |      74.76       |      16.10      
   40607     |      72.58       |      17.97      
   40608     |      75.78       |      15.43      
   40609     |      75.69       |      24.69      
   40610     |      69.19       |      27.54      
   40611     |      70.57       |      21.07      
   40612     |      77.93       |      16.35      
   40613     |      78.12       |      19.42      
   40614     |      72.66       |      20.07      
   40615     |      83.37       |       9.48      
   40616     |      76.45       |      14.50      
   40617     |      80.71       |      11.39      
   40618     |      82.22       |       9.30      
   40619     |      76.59       |      15.50      
   40620     |      68.00       |      35.85      
   40653     |      56.40       |      44.36      
   40654     |      73.35       |      30.38      
   40655     |      73.70       |      20.83      
   40659     |      83.81       |      19.90      
   40660     |      83.90       |       7.03      
   40661     |      81.46       |      11.11      
   40662     |      84.67       |       5.89      
   40663     |      84.62       |       7.76      
   40664     |      83.36       |       7.97      
   40665     |      81.28       |      15.53      
   40666     |      72.02       |      25.43      
   40667     |      78.46       |      24.50      
   40668     |      79.57       |      14.67      
   40669     |      74.11       |      19.02      
   40670     |      77.98       |      19.71      
   40671     |      76.04       |      15.00      
   40672     |      78.48       |      12.16      
   40673     |      80.03       |      10.93      
   40674     |      82.24       |       9.34      
   40675     |      82.72       |       8.52      
   40676     |      75.52       |      18.10      
   40677     |      67.18       |      34.74      
   40718     |      72.82       |      20.76      
   40719     |      63.27       |      39.01      
   40720     |      64.11       |      33.61      
   40721     |      65.44       |      45.35      
   40722     |      65.51       |      45.78      
   40723     |      87.22       |      23.44      
   40726     |      77.89       |      19.78      
   40727     |      74.22       |      16.77      
   40728     |      71.17       |      22.25      
   40729     |      74.04       |      29.39      
   40730     |      73.81       |      29.19      
   40731     |      74.55       |      18.79      
   40732     |      83.32       |       7.56      
   40734     |      73.62       |      18.00      
   40735     |      74.41       |      21.80      
   40736     |      81.53       |      21.17      
   40737     |      74.68       |      16.35      
   40738     |      74.61       |      17.95      
   40739     |      76.05       |      20.20      
   40740     |      70.74       |      21.17      
   40741     |      78.45       |      12.44      
   40744     |      84.83       |      10.23      
   40745     |      84.73       |       9.27      
   40746     |      79.58       |      21.48      
   40747     |      75.81       |      30.99      
   40792     |      72.54       |      41.95      
   40793     |      76.70       |      45.04      
   40794     |      77.17       |      43.86      
   40795     |      81.67       |       9.54      
   40796     |      86.22       |      17.49      
   40797     |      73.30       |      19.25      
   40798     |      73.76       |      18.27      
   40799     |      78.52       |      12.40      
   40800     |      78.21       |      13.07      
   40801     |      81.71       |      20.23      
   40802     |      81.84       |      17.46      
   40803     |      73.48       |      18.25      
   40804     |      73.20       |      17.69      
   40805     |      73.31       |      20.20      
   40806     |      72.77       |      20.53      
   40807     |      76.52       |      17.41      
   40808     |      76.36       |      14.38      
   40809     |      75.35       |      27.21      
   40810     |      81.35       |      19.93      
   40844     |      86.40       |       9.80      
   40845     |      80.25       |      23.07      
   40846     |      76.48       |      34.80      
   40847     |      85.99       |      17.38      
   40848     |      83.54       |      11.66      
   40849     |      80.15       |      10.77      
   40850     |      78.78       |      28.25      
   40851     |      66.55       |      27.09      
   40852     |      66.75       |      26.96      
   40853     |      67.30       |      23.43      
   40854     |      72.91       |      17.95      
   40855     |      73.13       |      18.04      
   40856     |      73.83       |      17.19      
   40857     |      82.16       |       8.80      
   40858     |      87.91       |      10.38      
   40859     |      85.99       |       9.68      
   40861     |      75.76       |      15.02      
   40862     |      69.14       |      21.69      
   40863     |      66.40       |      24.86      
   40864     |      65.75       |      24.97      
   40865     |      71.12       |      19.95      
   40866     |      71.02       |      22.96      
   40867     |      84.47       |      25.26      
   40906     |      86.69       |       9.91      
   40907     |      87.08       |      15.73      
   40908     |      88.04       |      40.21      
   40909     |      75.43       |      34.15      
   40910     |      73.52       |      27.53      
   40911     |      75.27       |      16.08      
   40912     |      75.31       |      16.34      
   40913     |      72.80       |      18.51      
   40914     |      74.02       |      19.35      
   40915     |      77.15       |      14.41      
   40916     |      71.96       |      18.73      
   40917     |      74.27       |      21.42      
   40918     |      79.28       |      23.78      
   40919     |      79.22       |      15.25      
   40920     |      81.70       |      10.34      
   40921     |      80.63       |      11.06      
   40922     |      77.55       |      21.53      
   40923     |      75.98       |      15.07      
   40924     |      81.98       |      15.72      
   40925     |      81.42       |      10.12      
   40926     |      83.20       |      10.76      
   40927     |      77.53       |      13.61      
   40928     |      72.45       |      20.80      
   40929     |      73.27       |      22.75      
   40930     |      76.42       |      14.35      
   40931     |      76.26       |      14.55      
   40983     |      81.09       |      17.52      
   40984     |      75.28       |      34.81      
   40985     |      77.18       |      28.88      
   40986     |      77.56       |      23.45      
   40987     |      70.29       |      20.62      
   40988     |      70.00       |      21.51      
   40989     |      71.38       |      25.24      
   40990     |      75.46       |      16.29      
   40991     |      77.93       |      17.36      
   40992     |      81.44       |      13.16      
   40993     |      73.64       |      18.01      
   40994     |      74.63       |      16.28      
   40995     |      72.07       |      22.25      
   40996     |      78.15       |      12.73      
   40997     |      86.21       |      19.97      
   40998     |      83.93       |      16.14      
   41037     |      83.82       |      30.08      
   41038     |      75.78       |      21.99      
   41039     |      78.57       |      12.44      
   41040     |      77.21       |      13.73      
   41041     |      77.03       |      13.84      
   41042     |      78.78       |      16.56      
   41043     |      79.12       |      17.02      
   41044     |      82.27       |       8.44      
   41045     |      81.38       |       9.37      
   41046     |      83.77       |       6.94      
   41047     |      74.08       |      23.42      
   41048     |      72.20       |      23.27      
   41049     |      71.15       |      21.35      
   41050     |      72.99       |      21.82      
   41051     |      71.44       |      22.26      
   41052     |      70.59       |      24.02      
   41053     |      61.25       |      30.88      
   41054     |      64.98       |      28.19      
   41055     |      72.46       |      19.54      
   41056     |      76.31       |      14.96      
   41057     |      76.01       |      17.59      
   41058     |      85.94       |      13.17      
   41059     |      77.05       |      14.61      
   41060     |      75.41       |      15.97      
   41061     |      76.25       |      21.71      
   41096     |      69.47       |      27.20      
   41097     |      80.18       |      30.59      
   41098     |      80.56       |      25.86      
   41099     |      85.66       |      20.17      
   41100     |      88.91       |      23.87      
   41101     |      81.49       |      23.93      
   41103     |      74.57       |      16.46      
   41104     |      74.12       |      23.91      
   41105     |      73.96       |      19.83      
   41106     |      73.58       |      18.44      
   41107     |      80.29       |      14.70      
   41108     |      73.48       |      19.31      
   41109     |      73.51       |      24.37      
   41110     |      72.92       |      22.73      
   41111     |      67.71       |      24.73      
   41112     |      73.21       |      19.44      
   41113     |      74.55       |      16.64      
   41114     |      74.35       |      17.00      
   41115     |      72.82       |      19.38      
   41116     |      86.79       |      16.34      
   41117     |      75.81       |      15.78      
   41118     |      69.04       |      21.92      
   41119     |      62.69       |      32.39      
   41120     |      67.43       |      30.04      
   41163     |      85.87       |      11.00      
   41164     |      84.92       |       9.56      
   41165     |      68.26       |      22.89      
   41166     |      74.99       |      19.65      
   41167     |      79.68       |      11.18      
   41168     |      82.04       |      19.27      
   41169     |      76.34       |      18.08      
   41170     |      69.72       |      24.22      
   41171     |      69.73       |      23.66      
   41172     |      74.14       |      21.89      
   41173     |      76.79       |      17.75      
   41174     |      73.06       |      19.22      
   41175     |      81.94       |      18.90      
   41176     |      75.87       |      16.60      
   41177     |      74.63       |      16.62      
   41178     |      73.62       |      18.64      
   41179     |      80.69       |      21.71      
   41180     |      74.97       |      22.62      
   41181     |      72.72       |      20.23      
   41182     |      63.76       |      27.43      
   41183     |      69.51       |      25.82      
   41184     |      67.13       |      29.53      
   41185     |      69.88       |      22.15      
   41219     |      80.28       |      25.83      
   41220     |      87.55       |       8.70      
   41221     |      71.77       |      22.42      
   41222     |      71.41       |      19.48      
   41223     |      82.65       |       8.14      
   41224     |      80.42       |      15.90      
   41225     |      65.82       |      25.06      
   41226     |      64.80       |      28.99      
   41227     |      64.25       |      30.10      
   41228     |      60.95       |      29.95      
   41229     |      71.58       |      23.81      
   41230     |      74.84       |      17.75      
   41231     |      61.90       |      29.26      
   41232     |      60.06       |      31.11      
   41233     |      59.36       |      31.71      
   41234     |      63.07       |      28.04      
   41270     |      79.50       |      42.34      
   41271     |      74.06       |      30.65      
   41272     |      87.32       |       9.50      
   41273     |      78.18       |      12.59      
   41274     |      77.46       |      13.61      
   41275     |      85.66       |       5.79      
   41276     |      80.90       |      10.25      
   41277     |      78.23       |      23.56      
   41278     |      73.25       |      19.26      
   41279     |      76.32       |      15.24      
   41280     |      77.13       |      13.87      
   41281     |      76.82       |      14.22      
   41282     |      76.39       |      15.89      
   41283     |      84.02       |      16.50      
   41284     |      84.94       |      12.92      
   41285     |      88.68       |      14.84      
   41286     |      89.25       |       2.02      
   41287     |      83.48       |       9.96      
   41288     |      74.01       |      16.90      
   41289     |      71.29       |      23.28      
   41290     |      72.77       |      19.50      
   41291     |      67.65       |      26.62      
   41292     |      63.64       |      31.83      
   41293     |      59.41       |      34.63      
   41294     |      58.52       |      33.63      
   41295     |      43.25       |      48.21      
   41296     |      52.05       |      42.18      
   41297     |      43.62       |      47.60      
   41298     |      69.74       |      23.01      
   41300     |      56.77       |      36.40      
   41349     |      76.22       |      41.82      
   41350     |      76.73       |      34.69      
   41351     |      75.90       |      31.11      
   41352     |      86.39       |       9.54      
   41353     |      63.93       |      27.86      
   41354     |      60.39       |      33.15      
   41355     |      83.49       |      11.93      
   41356     |      77.74       |      20.61      
   41357     |      86.62       |      20.15      
   41358     |      87.92       |      15.57      
   41359     |      79.14       |      14.53      
   41360     |      69.29       |      22.21      
   41361     |      69.14       |      27.34      
   41362     |      62.03       |      34.46      
   41363     |      45.27       |      46.27      
   41364     |      49.40       |      45.57      
   41365     |      51.86       |      44.02      
   41366     |      49.88       |      41.58      
   41367     |      46.88       |      44.20      
   41403     |      78.41       |      26.58      
   41404     |      77.52       |      26.17      
   41405     |      84.27       |      36.38      
   41406     |      78.34       |      29.81      
   41407     |      72.72       |      18.12      
   41408     |      75.01       |      18.27      
   41409     |      75.28       |      17.77      
   41410     |      70.90       |      20.93      
   41411     |      71.14       |      20.69      
   41412     |      70.39       |      20.46      
   41413     |      66.32       |      25.39      
   41414     |      62.23       |      28.80      
   41415     |      62.13       |      32.40      
   41416     |      63.78       |      29.90      
   41417     |      70.16       |      30.23      
   41418     |      74.57       |      19.04      
   41419     |      72.49       |      20.44      
   41420     |      69.39       |      22.20      
   41421     |      67.61       |      23.45      
   41422     |      70.92       |      21.25      
   41423     |      69.20       |      23.52      
   41424     |      69.44       |      27.21      
   41425     |      58.66       |      32.72      
   41465     |      80.44       |      26.01      
   41466     |      85.64       |      30.43      
   41467     |      67.61       |      31.89      
   41468     |      66.73       |      30.57      
   41469     |      64.90       |      34.34      
   41470     |      62.37       |      30.79      
   41471     |      63.02       |      28.05      
   41472     |      69.37       |      23.78      
   41473     |      75.51       |      29.11      
   41474     |      74.64       |      28.75      
   41475     |      73.99       |      31.52      
   41476     |      65.55       |      33.40      
   41477     |      61.16       |      31.52      
   41478     |      70.79       |      21.51      
   41479     |      70.77       |      21.15      
   41480     |      79.75       |      11.42      
   41481     |      78.66       |      17.23      
   41528     |      77.89       |      29.78      
   41529     |      71.07       |      23.48      
   41530     |      58.95       |      35.60      
   41531     |      62.79       |      29.03      
   41532     |      61.60       |      29.71      
   41533     |      59.23       |      32.61      
   41534     |      61.95       |      29.85      
   41535     |      66.23       |      29.39      
   41536     |      63.62       |      37.65      
   41582     |      85.57       |      21.27      
   41583     |      69.32       |      25.19      
   41584     |      62.46       |      31.37      
   41585     |      68.33       |      22.91      
   41586     |      69.83       |      22.87      
   41587     |      66.36       |      31.64      
   41588     |      66.12       |      31.10      
   41589     |      69.88       |      23.40      
   41590     |      71.46       |      23.47      
   41591     |      70.56       |      29.51      
   41644     |      88.85       |      36.25      
   41645     |      79.87       |      22.08      
   41646     |      69.67       |      24.05      
   41647     |      67.52       |      24.25      
   41648     |      67.11       |      23.84      
   41649     |      68.00       |      27.36      
   41650     |      67.43       |      27.48      
