=== Visibility Analysis Summary ===
Total patches: 49152
Geometric visible: 2771 (5.6%)
Light illuminated: 1195 (43.1% of geometric)
Reflection conditions met: 2771 (100.0% of geometric)
Light unoccluded: 1195 (43.1% of geometric)
Final visible: 1195 (2.4% of total)
Visible area: 192.91 (2.4% of total area)

=== Detailed Visibility Information ===
Patch Index  | Incidence Angle  |  Viewing Angle  
-------------+------------------+-----------------
    7043     |      87.20       |      27.15      
    7088     |      66.66       |      32.52      
    7109     |      84.96       |      16.19      
    7110     |      78.19       |      18.43      
    7135     |      53.46       |      47.40      
    7142     |      74.58       |      45.52      
    7148     |      79.05       |      21.55      
    7154     |      89.12       |      30.12      
    7156     |      88.04       |      14.95      
    7158     |      89.70       |       7.47      
    7159     |      84.34       |       7.55      
    7160     |      81.46       |      14.66      
    7161     |      77.60       |      21.98      
    7195     |      70.72       |      37.20      
    7196     |      71.15       |      36.80      
    7197     |      62.97       |      39.52      
    7198     |      71.61       |      34.05      
    7200     |      72.51       |      37.48      
    7202     |      62.30       |      48.06      
    7203     |      57.22       |      54.56      
    7204     |      73.96       |      46.81      
    7205     |      69.62       |      41.48      
    7210     |      84.82       |      22.34      
    7212     |      88.73       |      30.21      
    7213     |      89.12       |      30.11      
    7215     |      87.53       |      13.05      
    7217     |      80.14       |      25.64      
    7218     |      85.63       |      27.12      
    7219     |      87.35       |      14.83      
    7220     |      79.07       |      23.66      
    7221     |      77.91       |      23.44      
    7222     |      79.69       |      18.73      
    7223     |      89.17       |      17.51      
    7257     |      66.70       |      32.33      
    7258     |      62.70       |      38.46      
    7259     |      52.23       |      45.49      
    7260     |      59.97       |      44.38      
    7261     |      72.13       |      42.80      
    7262     |      65.24       |      49.51      
    7263     |      74.94       |      42.42      
    7264     |      73.02       |      44.47      
    7265     |      68.05       |      45.61      
    7266     |      81.37       |      39.79      
    7267     |      73.18       |      27.40      
    7268     |      83.45       |      19.08      
    7269     |      85.02       |      20.70      
    7270     |      85.46       |      20.67      
    7271     |      87.24       |      35.04      
    7273     |      81.11       |      32.56      
    7274     |      85.90       |      24.52      
    7275     |      89.42       |      21.61      
    7276     |      80.42       |      28.25      
    7277     |      83.07       |      24.20      
    7278     |      87.20       |      22.72      
    7302     |      70.99       |      31.56      
    7303     |      53.63       |      43.59      
    7304     |      63.00       |      36.99      
    7305     |      71.70       |      37.84      
    7306     |      69.97       |      38.48      
    7307     |      59.51       |      38.76      
    7308     |      56.87       |      41.52      
    7309     |      71.75       |      32.52      
    7310     |      51.72       |      48.89      
    7311     |      55.46       |      44.21      
    7312     |      64.20       |      43.41      
    7313     |      75.59       |      22.62      
    7314     |      69.37       |      26.38      
    7315     |      83.38       |      28.47      
    7316     |      79.63       |      32.49      
    7317     |      87.70       |      34.47      
    7318     |      82.24       |      27.30      
    7319     |      74.03       |      28.06      
    7320     |      86.39       |      35.17      
    7321     |      82.74       |      33.01      
    7322     |      83.21       |      32.85      
    7323     |      83.79       |      33.07      
    7328     |      83.12       |      26.87      
    7364     |      69.92       |      38.44      
    7365     |      69.91       |      38.42      
    7366     |      62.52       |      38.11      
    7367     |      56.13       |      43.10      
    7368     |      55.34       |      43.55      
    7369     |      53.44       |      46.71      
    7370     |      68.33       |      36.23      
    7371     |      70.44       |      33.32      
    7372     |      65.23       |      36.42      
    7373     |      50.38       |      53.32      
    7374     |      61.17       |      50.83      
    7375     |      69.22       |      43.17      
    7376     |      78.06       |      29.24      
    7377     |      70.35       |      35.86      
    7378     |      71.87       |      33.75      
    7379     |      59.98       |      45.26      
    7380     |      55.68       |      43.56      
    7381     |      73.60       |      33.95      
    7382     |      77.80       |      35.63      
    7383     |      70.41       |      29.80      
    7384     |      77.12       |      24.61      
    7385     |      85.75       |      25.81      
    7387     |      64.17       |      32.28      
    7388     |      73.25       |      25.79      
    7389     |      80.16       |      29.31      
    7391     |      85.18       |      13.47      
    7392     |      73.86       |      25.62      
    7393     |      84.15       |      26.28      
    7394     |      83.83       |      26.98      
    7395     |      81.98       |      26.93      
    7398     |      86.60       |      24.86      
    7399     |      87.80       |      21.42      
    7401     |      87.82       |      26.32      
    7402     |      80.22       |      29.49      
    7403     |      84.35       |      31.65      
    7404     |      87.63       |      31.64      
    7405     |      87.65       |      26.57      
    7446     |      72.50       |      48.52      
    7447     |      61.98       |      42.89      
    7448     |      49.99       |      52.81      
    7449     |      77.08       |      23.54      
    7450     |      71.02       |      31.99      
    7451     |      61.71       |      38.76      
    7452     |      71.37       |      40.57      
    7453     |      68.07       |      44.24      
    7454     |      73.33       |      34.73      
    7455     |      73.89       |      34.81      
    7457     |      71.84       |      32.31      
    7458     |      78.73       |      18.37      
    7459     |      75.44       |      19.85      
    7460     |      88.66       |       7.80      
    7461     |      76.93       |      19.60      
    7462     |      67.69       |      24.06      
    7463     |      67.37       |      24.34      
    7464     |      76.28       |      19.12      
    7466     |      88.00       |      31.11      
    7473     |      85.06       |      13.06      
    7474     |      82.53       |      13.90      
    7475     |      87.75       |      14.02      
    7513     |      57.44       |      40.51      
    7514     |      72.88       |      46.40      
    7515     |      62.86       |      44.59      
    7516     |      50.27       |      53.04      
    7517     |      57.88       |      45.07      
    7518     |      70.07       |      30.33      
    7519     |      65.47       |      36.25      
    7520     |      58.07       |      41.53      
    7521     |      56.34       |      40.79      
    7522     |      60.08       |      49.21      
    7523     |      54.88       |      52.91      
    7524     |      68.63       |      47.91      
    7525     |      73.02       |      34.45      
    7526     |      83.52       |      29.81      
    7527     |      77.45       |      28.51      
    7528     |      75.42       |      27.24      
    7529     |      83.02       |      24.67      
    7530     |      82.46       |      27.45      
    7531     |      83.60       |      27.12      
    7532     |      87.33       |      12.42      
    7534     |      83.27       |      32.68      
    7537     |      80.23       |      33.95      
    7538     |      88.58       |      31.27      
    7542     |      86.30       |      18.81      
    7544     |      83.57       |      11.29      
    7579     |      54.20       |      51.88      
    7580     |      49.26       |      59.09      
    7581     |      77.57       |      41.02      
    7582     |      64.92       |      33.21      
    7583     |      56.39       |      45.20      
    7584     |      56.69       |      45.01      
    7585     |      70.41       |      27.61      
    7586     |      65.53       |      36.31      
    7587     |      49.80       |      51.58      
    7588     |      71.51       |      31.03      
    7589     |      80.94       |      30.65      
    7590     |      59.63       |      40.40      
    7591     |      68.86       |      34.61      
    7592     |      70.88       |      40.08      
    7593     |      89.16       |      41.23      
    7594     |      89.23       |      23.32      
    7595     |      82.31       |      25.79      
    7596     |      81.44       |      26.21      
    7597     |      86.60       |      21.55      
    7598     |      77.44       |      22.93      
    7600     |      79.73       |      33.46      
    7614     |      87.15       |       8.07      
    7634     |      76.67       |      31.61      
    7635     |      73.65       |      38.06      
    7636     |      66.88       |      37.61      
    7637     |      63.26       |      48.53      
    7638     |      64.12       |      47.80      
    7639     |      77.02       |      21.13      
    7640     |      64.80       |      30.41      
    7641     |      68.99       |      21.76      
    7642     |      50.77       |      40.43      
    7643     |      51.28       |      40.15      
    7644     |      71.06       |      30.73      
    7645     |      71.29       |      36.75      
    7646     |      71.45       |      31.33      
    7647     |      60.61       |      37.60      
    7648     |      67.77       |      36.53      
    7649     |      78.97       |      23.99      
    7653     |      77.11       |      29.48      
    7654     |      81.97       |      23.51      
    7655     |      81.32       |      18.80      
    7656     |      84.02       |      16.04      
    7657     |      84.98       |      16.41      
    7658     |      78.20       |      26.14      
    7659     |      85.15       |      22.86      
    7660     |      77.59       |      25.55      
    7661     |      82.30       |      14.48      
    7663     |      81.99       |      24.19      
    7664     |      88.54       |      23.24      
    7666     |      89.95       |      33.80      
    7671     |      89.15       |      26.15      
    7703     |      50.21       |      52.20      
    7704     |      73.67       |      44.86      
    7705     |      72.33       |      47.03      
    7706     |      61.56       |      48.04      
    7707     |      59.67       |      49.53      
    7708     |      68.85       |      43.95      
    7709     |      85.61       |      21.19      
    7710     |      72.72       |      22.06      
    7711     |      59.40       |      37.70      
    7712     |      52.03       |      41.11      
    7713     |      60.99       |      37.20      
    7714     |      67.82       |      33.78      
    7715     |      80.16       |      20.18      
    7716     |      67.46       |      25.99      
    7717     |      77.32       |      13.17      
    7718     |      85.29       |       5.61      
    7720     |      85.50       |      18.49      
    7721     |      84.91       |      17.90      
    7722     |      73.19       |      23.38      
    7723     |      81.76       |      23.54      
    7724     |      86.47       |      24.06      
    7725     |      79.68       |      26.30      
    7726     |      85.03       |      22.76      
    7727     |      83.16       |      16.62      
    7728     |      83.96       |      27.43      
    7729     |      85.20       |      27.29      
    7730     |      88.42       |      18.43      
    7731     |      85.88       |      19.69      
    7734     |      87.56       |      16.83      
    7739     |      88.46       |      26.95      
    7774     |      71.88       |      40.72      
    7775     |      71.04       |      40.70      
    7776     |      60.09       |      42.47      
    7777     |      85.32       |      32.36      
    7778     |      50.49       |      47.51      
    7779     |      52.97       |      44.37      
    7780     |      64.99       |      35.52      
    7781     |      84.13       |       6.60      
    7782     |      70.28       |      21.05      
    7783     |      72.04       |      19.35      
    7784     |      88.26       |       2.21      
    7785     |      84.63       |       6.19      
    7786     |      78.05       |      12.43      
    7787     |      67.49       |      22.97      
    7788     |      73.55       |      21.36      
    7789     |      70.59       |      23.45      
    7790     |      81.51       |      25.85      
    7791     |      85.10       |      26.73      
    7792     |      88.68       |      24.90      
    7793     |      78.86       |      25.35      
    7794     |      85.72       |      17.13      
    7795     |      80.71       |      24.32      
    7796     |      80.17       |      24.48      
    7799     |      85.08       |      23.61      
    7800     |      84.98       |      23.61      
    7808     |      86.60       |       3.88      
    7839     |      74.83       |      44.53      
    7840     |      72.93       |      34.95      
    7841     |      69.72       |      36.05      
    7842     |      67.80       |      39.32      
    7843     |      60.59       |      43.37      
    7844     |      65.27       |      35.35      
    7845     |      80.09       |      35.39      
    7846     |      62.64       |      41.79      
    7847     |      59.79       |      45.73      
    7848     |      70.20       |      20.97      
    7849     |      82.98       |       7.63      
    7850     |      73.21       |      17.84      
    7851     |      86.17       |       8.85      
    7852     |      70.52       |      26.95      
    7853     |      71.12       |      25.73      
    7855     |      57.36       |      38.19      
    7856     |      73.48       |      24.18      
    7857     |      85.20       |      18.95      
    7858     |      82.13       |      19.66      
    7859     |      87.39       |      20.05      
    7860     |      85.60       |      28.15      
    7861     |      87.63       |      17.95      
    7894     |      77.87       |      39.09      
    7895     |      77.24       |      39.52      
    7896     |      76.43       |      39.37      
    7897     |      70.08       |      43.75      
    7898     |      68.02       |      33.10      
    7899     |      89.00       |      21.17      
    7900     |      60.42       |      34.02      
    7901     |      63.78       |      28.84      
    7902     |      51.71       |      40.57      
    7903     |      61.73       |      29.09      
    7904     |      79.71       |      11.34      
    7905     |      72.38       |      33.26      
    7907     |      76.07       |      25.45      
    7908     |      65.88       |      39.10      
    7909     |      65.88       |      39.09      
    7910     |      76.76       |      18.09      
    7911     |      84.57       |      12.87      
    7912     |      79.55       |      18.49      
    7913     |      82.66       |      21.89      
    7914     |      82.83       |      21.92      
    7915     |      76.92       |      28.71      
    7916     |      85.09       |      28.19      
    7917     |      84.86       |      29.20      
    7918     |      86.39       |      27.88      
    7958     |      67.28       |      37.21      
    7959     |      78.63       |      47.04      
    7960     |      73.36       |      34.24      
    7961     |      69.40       |      36.01      
    7962     |      75.50       |      25.43      
    7963     |      66.86       |      29.53      
    7964     |      67.68       |      28.08      
    7965     |      88.98       |      20.93      
    7966     |      66.96       |      34.24      
    7967     |      65.47       |      35.52      
    7968     |      79.94       |      18.09      
    7969     |      71.76       |      23.09      
    7970     |      67.05       |      30.79      
    7971     |      80.50       |      23.29      
    7973     |      86.44       |      41.01      
    7974     |      81.73       |      17.29      
    7975     |      78.32       |      19.03      
    7976     |      77.52       |      24.32      
    7977     |      81.83       |      21.22      
    7978     |      84.88       |      28.03      
    7979     |      84.34       |      31.55      
    8011     |      60.44       |      48.66      
    8012     |      67.64       |      45.13      
    8013     |      88.19       |      28.95      
    8014     |      74.37       |      35.63      
    8015     |      75.07       |      35.27      
    8016     |      70.63       |      38.45      
    8017     |      67.75       |      36.90      
    8018     |      82.84       |      30.39      
    8019     |      75.69       |      24.69      
    8020     |      77.02       |      23.77      
    8021     |      81.47       |      24.40      
    8022     |      84.41       |      21.63      
    8023     |      74.72       |      27.21      
    8024     |      84.30       |      28.20      
    8025     |      83.60       |      28.46      
    8043     |      86.78       |       7.15      
    8076     |      67.84       |      29.85      
    8077     |      81.78       |      22.48      
    8078     |      72.97       |      41.64      
    8079     |      70.50       |      43.49      
    8080     |      82.88       |      43.35      
    8082     |      70.75       |      30.41      
    8083     |      65.19       |      40.05      
    8084     |      76.24       |      40.89      
    8085     |      78.61       |      37.92      
    8086     |      64.15       |      38.11      
    8087     |      74.87       |      29.62      
    8088     |      87.27       |      27.63      
    8089     |      79.24       |      35.38      
    8090     |      71.39       |      48.35      
    8091     |      80.68       |      25.99      
    8092     |      77.49       |      32.18      
    8093     |      83.34       |      29.47      
    8094     |      83.26       |      29.46      
    8095     |      87.32       |      27.69      
    8096     |      74.92       |      27.73      
    8097     |      80.31       |      24.51      
    8098     |      73.28       |      38.73      
    8099     |      83.92       |      37.26      
    8101     |      85.55       |      19.85      
    8102     |      84.91       |      20.71      
    8104     |      89.04       |      20.61      
    8112     |      86.36       |       3.08      
    8130     |      62.76       |      33.53      
    8131     |      67.02       |      30.23      
    8132     |      74.36       |      31.10      
    8133     |      67.77       |      33.87      
    8134     |      89.37       |      10.02      
    8135     |      59.72       |      35.86      
    8136     |      78.08       |      33.16      
    8137     |      74.85       |      27.98      
    8138     |      77.28       |      28.60      
    8139     |      65.58       |      34.45      
    8140     |      72.77       |      23.16      
    8141     |      79.74       |      23.91      
    8142     |      76.32       |      25.40      
    8143     |      76.07       |      25.94      
    8144     |      85.32       |      18.25      
    8145     |      79.04       |      19.15      
    8146     |      76.86       |      27.68      
    8147     |      78.02       |      34.59      
    8148     |      68.77       |      34.53      
    8149     |      70.23       |      35.12      
    8152     |      86.58       |      29.32      
    8153     |      86.93       |      29.23      
    8189     |      69.57       |      24.92      
    8190     |      80.41       |      12.80      
    8191     |      70.88       |      30.46      
    8192     |      56.98       |      41.26      
    8193     |      68.51       |      25.30      
    8194     |      73.18       |      17.48      
    8195     |      75.29       |      26.84      
    8196     |      87.34       |      23.50      
    8197     |      88.41       |      24.09      
    8198     |      77.02       |      28.05      
    8199     |      73.69       |      27.57      
    8201     |      84.91       |      34.52      
    8217     |      88.23       |      14.86      
    8246     |      73.79       |      23.86      
    8247     |      69.16       |      26.45      
    8248     |      73.19       |      22.74      
    8249     |      67.55       |      30.55      
    8250     |      69.18       |      29.44      
    8251     |      78.60       |      18.17      
    8252     |      78.08       |      35.82      
    8253     |      73.95       |      37.10      
    8254     |      88.06       |      22.47      
    8255     |      85.95       |      22.70      
    8256     |      77.92       |      13.53      
    8257     |      64.59       |      27.64      
    8258     |      73.22       |      18.43      
    8259     |      72.64       |      18.68      
    8260     |      83.66       |      14.00      
    8261     |      77.50       |      34.06      
    8262     |      73.06       |      28.95      
    8263     |      79.86       |      25.63      
    8264     |      67.59       |      28.33      
    8265     |      83.92       |      17.44      
    8266     |      69.27       |      33.39      
    8267     |      79.82       |      30.48      
    8269     |      85.41       |      13.89      
    8270     |      89.41       |       8.85      
    8279     |      83.92       |      11.53      
    8301     |      66.50       |      39.42      
    8302     |      69.00       |      39.53      
    8303     |      76.06       |      32.94      
    8304     |      74.74       |      32.61      
    8305     |      72.97       |      33.98      
    8306     |      69.89       |      42.70      
    8307     |      64.59       |      44.48      
    8308     |      71.91       |      22.68      
    8309     |      86.30       |      17.48      
    8310     |      80.93       |      27.13      
    8311     |      86.42       |      26.49      
    8312     |      80.31       |      22.53      
    8313     |      71.00       |      30.57      
    8314     |      76.90       |      20.55      
    8315     |      73.18       |      21.06      
    8316     |      70.09       |      28.68      
    8317     |      65.03       |      32.68      
    8318     |      83.93       |      29.18      
    8319     |      89.67       |      28.22      
    8321     |      77.08       |      23.95      
    8322     |      85.42       |      11.79      
    8323     |      71.67       |      22.75      
    8324     |      77.40       |      20.93      
    8325     |      82.61       |      14.51      
    8326     |      61.75       |      32.34      
    8327     |      81.74       |      20.79      
    8334     |      84.98       |      22.23      
   34218     |      89.90       |       6.80      
   34219     |      89.34       |       7.98      
   34288     |      89.25       |       7.70      
   34289     |      86.98       |      13.65      
   34341     |      85.35       |       8.75      
   34521     |      89.05       |      16.96      
   34523     |      86.69       |      11.23      
   34532     |      85.28       |       4.17      
   34533     |      85.87       |       4.55      
   34534     |      88.99       |       9.81      
   34703     |      88.73       |       4.96      
   34709     |      89.55       |      18.44      
   34758     |      82.86       |       7.03      
   34821     |      85.66       |      10.72      
   34822     |      84.55       |       4.81      
   34823     |      88.78       |       5.13      
   34826     |      88.71       |       5.48      
   34827     |      81.86       |       8.60      
   34828     |      82.42       |       8.57      
   34834     |      89.63       |       5.80      
   34884     |      89.75       |       1.12      
   34941     |      87.22       |       2.27      
   34942     |      86.44       |       5.47      
   34943     |      83.26       |       6.10      
   34944     |      87.77       |      15.26      
   34946     |      87.89       |       1.46      
   34947     |      88.14       |       1.21      
   35010     |      83.87       |       5.52      
   35087     |      89.24       |       9.45      
   35508     |      86.47       |       3.69      
   35509     |      85.66       |       9.05      
   35570     |      89.80       |       5.36      
   35571     |      89.73       |       3.17      
   35572     |      88.24       |      13.19      
   35684     |      85.79       |      15.95      
   35808     |      85.79       |      27.51      
   35809     |      76.87       |      22.41      
   35810     |      87.14       |       5.99      
   35811     |      89.99       |      15.52      
   35878     |      85.46       |       6.05      
   35879     |      77.30       |      22.14      
   35881     |      83.69       |       7.90      
   35882     |      82.97       |       9.49      
   36004     |      85.37       |      21.96      
   36005     |      89.48       |      11.15      
   36007     |      88.56       |       3.91      
   36008     |      88.57       |       4.28      
   36068     |      75.42       |      19.83      
   36070     |      85.20       |      21.61      
   36071     |      87.43       |      15.03      
   36135     |      88.00       |      10.61      
   36136     |      87.03       |       9.59      
   36137     |      89.62       |       9.34      
   36140     |      85.85       |      20.24      
   36141     |      82.73       |      10.29      
   36201     |      89.52       |      11.47      
   36265     |      89.98       |       3.28      
   36340     |      88.86       |       8.61      
   36347     |      89.63       |      10.66      
   36410     |      89.72       |      11.70      
   36418     |      88.30       |       2.90      
   36419     |      87.90       |       3.86      
   36420     |      86.26       |       5.63      
   36421     |      89.98       |       2.47      
   36422     |      89.88       |       4.08      
   36543     |      89.57       |      11.60      
   36544     |      86.02       |       4.33      
   36553     |      89.70       |      10.50      
   36604     |      89.86       |       2.99      
   36614     |      85.31       |       9.23      
   36615     |      89.00       |      14.99      
   36665     |      82.05       |      10.43      
   36666     |      82.85       |      17.14      
   36670     |      83.00       |      21.63      
   36679     |      88.51       |      16.94      
   36680     |      82.35       |       9.17      
   36728     |      72.02       |      22.23      
   36729     |      74.99       |      17.84      
   36732     |      76.16       |      21.51      
   36733     |      82.76       |      10.98      
   36741     |      88.66       |       3.59      
   36748     |      87.67       |       8.10      
   36749     |      87.68       |       2.60      
   36752     |      85.64       |      14.93      
   36805     |      68.63       |      22.14      
   36806     |      71.39       |      22.88      
   36807     |      87.94       |      17.36      
   36808     |      85.44       |      10.77      
   36811     |      85.35       |       6.93      
   36813     |      88.24       |       3.18      
   36815     |      89.65       |       6.78      
   36817     |      88.14       |       4.04      
   36819     |      89.02       |      22.88      
   36820     |      89.96       |       2.80      
   36863     |      67.46       |      28.23      
   36864     |      70.34       |      23.05      
   36865     |      65.64       |      28.79      
   36866     |      75.58       |      22.82      
   36867     |      79.03       |      34.05      
   36869     |      81.46       |      17.76      
   36873     |      88.72       |       2.57      
   36875     |      84.04       |       6.92      
   36876     |      84.29       |      11.34      
   36880     |      86.77       |       6.61      
   36881     |      86.81       |       5.01      
   36882     |      86.06       |       5.68      
   36937     |      80.74       |      13.32      
   36938     |      71.49       |      27.91      
   36939     |      83.45       |      12.12      
   36940     |      88.41       |      15.27      
   36947     |      84.70       |       6.17      
   36948     |      85.70       |      13.25      
   36949     |      89.66       |       2.43      
   36952     |      89.13       |       4.12      
   36953     |      87.58       |       5.70      
   36959     |      86.11       |      18.78      
   36960     |      87.66       |      11.72      
   36961     |      87.99       |      11.86      
   37007     |      62.25       |      27.97      
   37008     |      65.56       |      26.01      
   37009     |      64.81       |      27.88      
   37010     |      77.95       |      25.57      
   37011     |      81.66       |      31.61      
   37012     |      79.94       |      33.93      
   37013     |      75.41       |      27.44      
   37014     |      85.83       |      15.96      
   37019     |      83.47       |      12.77      
   37020     |      89.89       |       7.60      
   37021     |      89.96       |       0.60      
   37024     |      89.52       |       4.94      
   37029     |      86.98       |       7.21      
   37072     |      76.40       |      18.28      
   37073     |      72.93       |      31.66      
   37076     |      87.34       |      12.58      
   37077     |      86.99       |       7.52      
   37080     |      86.45       |       8.15      
   37081     |      89.31       |       3.09      
   37082     |      89.66       |       6.14      
   37083     |      86.02       |      11.86      
   37085     |      88.15       |       4.36      
   37086     |      89.08       |       6.22      
   37087     |      82.14       |      11.03      
   37088     |      83.93       |      13.16      
   37089     |      83.30       |      33.18      
   37095     |      86.33       |      11.91      
   37096     |      85.57       |       8.56      
   37097     |      83.33       |       8.87      
   37137     |      82.54       |      12.90      
   37138     |      86.24       |      31.89      
   37139     |      81.76       |      25.08      
   37140     |      85.50       |      17.58      
   37141     |      87.52       |      18.23      
   37145     |      83.76       |      10.42      
   37146     |      83.88       |      10.48      
   37147     |      83.79       |      16.52      
   37148     |      84.50       |      17.54      
   37156     |      86.67       |       9.84      
   37162     |      82.19       |       8.86      
   37163     |      82.85       |       9.47      
   37164     |      84.51       |       6.77      
   37165     |      89.55       |      12.84      
   37166     |      89.75       |      16.76      
   37194     |      79.29       |      14.27      
   37195     |      76.07       |      29.45      
   37196     |      85.14       |      33.70      
   37197     |      86.91       |      27.55      
   37200     |      82.94       |      17.61      
   37201     |      80.62       |      15.87      
   37202     |      86.78       |       4.19      
   37203     |      86.32       |       5.28      
   37206     |      89.77       |      10.39      
   37211     |      88.63       |       8.69      
   37250     |      73.09       |      20.35      
   37251     |      87.94       |      27.32      
   37252     |      81.27       |      22.24      
   37253     |      84.11       |      17.94      
   37254     |      84.61       |      21.55      
   37256     |      87.86       |       7.62      
   37257     |      85.46       |       7.98      
   37258     |      78.94       |      16.82      
   37259     |      83.59       |       9.69      
   37260     |      85.40       |       6.95      
   37261     |      86.32       |       6.06      
   37262     |      87.19       |       7.14      
   37263     |      87.20       |      17.88      
   37264     |      83.41       |      17.64      
   37265     |      79.03       |      13.07      
   37272     |      86.72       |      10.31      
   37273     |      87.94       |       3.06      
   37275     |      87.08       |      19.88      
   37321     |      89.17       |      21.29      
   37322     |      86.56       |      33.21      
   37323     |      80.98       |      28.78      
   37324     |      83.73       |      34.72      
   37325     |      74.64       |      24.16      
   37326     |      73.97       |      24.01      
   37327     |      73.74       |      30.84      
   37328     |      80.55       |      23.39      
   37329     |      79.95       |      32.13      
   37330     |      78.96       |      15.01      
   37331     |      75.06       |      15.64      
   37332     |      78.41       |      12.08      
   37335     |      89.61       |       4.87      
   37336     |      89.64       |      10.55      
   37337     |      85.00       |       6.83      
   37339     |      86.72       |       4.14      
   37340     |      81.91       |      10.46      
   37341     |      81.35       |      21.14      
   37385     |      81.82       |      23.88      
   37386     |      82.64       |      25.38      
   37387     |      85.31       |      22.02      
   37388     |      71.99       |      29.48      
   37389     |      72.45       |      19.53      
   37390     |      80.64       |      17.89      
   37391     |      81.38       |      14.16      
   37392     |      83.98       |      16.97      
   37393     |      75.34       |      18.22      
   37394     |      77.63       |      20.70      
   37395     |      78.45       |      13.30      
   37396     |      88.34       |      14.15      
   37397     |      87.57       |      12.04      
   37398     |      85.31       |       9.52      
   37399     |      82.94       |       7.56      
   37404     |      85.18       |       5.38      
   37406     |      85.06       |      17.02      
   37407     |      85.40       |      15.29      
   37408     |      85.15       |      10.56      
   37409     |      81.73       |      17.13      
   37410     |      85.29       |       6.91      
   37411     |      85.14       |       5.44      
   37453     |      89.84       |      15.01      
   37454     |      72.47       |      34.41      
   37455     |      81.65       |      22.95      
   37456     |      83.29       |      16.35      
   37457     |      77.23       |      19.19      
   37458     |      77.71       |      19.37      
   37459     |      83.34       |       9.76      
   37460     |      87.62       |      10.20      
   37461     |      87.51       |      13.29      
   37462     |      80.66       |      10.75      
   37463     |      79.10       |      11.58      
   37464     |      84.41       |       8.49      
   37465     |      84.18       |      10.61      
   37466     |      89.18       |      10.90      
   37468     |      85.18       |       5.40      
   37469     |      81.01       |      13.61      
   37470     |      84.32       |       6.28      
   37471     |      84.24       |       9.83      
   37472     |      75.59       |      22.17      
   37473     |      76.65       |      23.42      
   37523     |      83.99       |      27.74      
   37524     |      76.24       |      28.17      
   37525     |      77.80       |      32.39      
   37526     |      78.39       |      25.02      
   37527     |      78.33       |      26.31      
   37528     |      77.85       |      18.12      
   37529     |      76.57       |      15.29      
   37530     |      78.79       |      12.54      
   37533     |      88.25       |      10.16      
   37534     |      73.86       |      16.70      
   37535     |      77.41       |      15.18      
   37536     |      79.35       |      15.83      
   37537     |      84.90       |       5.78      
   37538     |      83.88       |       6.73      
   37539     |      85.71       |       6.52      
   37540     |      85.88       |       5.24      
   37541     |      70.38       |      23.32      
   37586     |      75.53       |      24.84      
   37587     |      81.36       |      16.60      
   37588     |      79.74       |      16.39      
   37589     |      75.17       |      25.34      
   37590     |      81.87       |      25.51      
   37591     |      83.31       |      25.17      
   37592     |      78.03       |      21.47      
   37593     |      80.82       |      15.23      
   37594     |      80.98       |      15.58      
   37595     |      79.35       |      18.80      
   37596     |      78.67       |      18.04      
   37597     |      80.60       |      10.93      
   37598     |      80.47       |      19.69      
   37599     |      77.22       |      14.32      
   37600     |      83.56       |      17.44      
   37601     |      83.52       |      16.55      
   37602     |      81.83       |      13.92      
   37603     |      78.12       |      13.78      
   37604     |      78.07       |      13.84      
   37605     |      79.01       |      16.40      
   37606     |      80.87       |       9.83      
   37607     |      80.28       |      10.67      
   37608     |      85.45       |       9.41      
   37609     |      85.45       |       8.06      
   37610     |      85.87       |       8.12      
   37611     |      73.21       |      18.61      
   37612     |      74.41       |      18.82      
   37613     |      78.31       |      18.31      
   37614     |      79.72       |      12.00      
   37615     |      81.26       |      11.27      
   37616     |      78.90       |      16.78      
   37617     |      89.63       |      11.18      
   37618     |      82.22       |      19.48      
   37619     |      80.29       |      24.69      
   37620     |      83.86       |      19.86      
   37660     |      65.44       |      33.08      
   37661     |      62.33       |      33.81      
   37662     |      62.41       |      33.80      
   37663     |      81.35       |      22.88      
   37664     |      80.92       |      31.57      
   37665     |      81.68       |      23.07      
   37666     |      83.77       |      23.58      
   37667     |      82.65       |      14.67      
   37668     |      88.22       |       9.77      
   37669     |      86.14       |       8.68      
   37670     |      76.87       |      14.83      
   37671     |      77.47       |      14.13      
   37672     |      73.57       |      17.07      
   37673     |      79.98       |      17.62      
   37674     |      85.42       |       6.67      
   37675     |      81.36       |      13.28      
   37676     |      78.86       |      17.18      
   37677     |      85.32       |       5.58      
   37678     |      86.74       |      10.23      
   37679     |      81.80       |      17.61      
   37680     |      82.40       |       9.56      
   37681     |      81.09       |      13.04      
   37682     |      80.79       |      16.88      
   37727     |      72.88       |      25.98      
   37728     |      72.99       |      25.79      
   37729     |      72.28       |      21.78      
   37730     |      72.34       |      25.13      
   37731     |      81.66       |      15.37      
   37732     |      82.07       |      11.61      
   37733     |      81.35       |      11.52      
   37734     |      82.19       |      21.69      
   37736     |      82.76       |       8.56      
   37737     |      89.00       |      18.27      
   37738     |      79.64       |      12.57      
   37739     |      79.74       |      12.70      
   37740     |      85.11       |       6.90      
   37741     |      85.42       |       9.48      
   37742     |      77.74       |      12.89      
   37743     |      69.95       |      21.37      
   37744     |      68.97       |      21.90      
   37745     |      85.91       |      18.95      
   37746     |      84.70       |      16.43      
   37747     |      78.16       |      13.05      
   37748     |      84.85       |       6.00      
   37749     |      85.56       |      11.34      
   37750     |      87.38       |      18.50      
   37751     |      89.48       |      15.83      
   37790     |      76.65       |      34.62      
   37791     |      81.48       |      22.91      
   37792     |      81.89       |      30.09      
   37793     |      75.46       |      27.70      
   37794     |      72.93       |      26.97      
   37795     |      70.89       |      24.03      
   37796     |      75.78       |      24.25      
   37797     |      75.93       |      23.33      
   37798     |      88.20       |      25.81      
   37800     |      78.99       |      13.14      
   37801     |      78.83       |      13.58      
   37802     |      77.59       |      13.08      
   37803     |      72.74       |      19.23      
   37804     |      78.76       |      15.36      
   37805     |      79.49       |      11.76      
   37806     |      79.92       |      16.24      
   37807     |      84.24       |       8.90      
   37808     |      80.16       |      11.68      
   37809     |      79.23       |      16.58      
   37810     |      81.67       |      12.49      
   37860     |      73.90       |      29.12      
   37861     |      74.79       |      28.82      
   37862     |      77.64       |      22.47      
   37863     |      77.16       |      17.76      
   37864     |      79.28       |      20.87      
   37865     |      69.31       |      23.88      
   37872     |      74.99       |      17.46      
   37873     |      65.63       |      33.04      
   37874     |      67.71       |      32.50      
   37875     |      72.76       |      20.90      
   37876     |      72.49       |      20.51      
   37877     |      74.42       |      16.38      
   37878     |      82.99       |       9.98      
   37880     |      84.46       |      11.59      
   37881     |      83.64       |      22.54      
   37930     |      75.32       |      34.29      
   37931     |      74.52       |      32.00      
   37932     |      75.71       |      31.84      
   37933     |      75.68       |      28.19      
   37934     |      85.54       |      28.21      
   37935     |      78.68       |      20.38      
   37936     |      79.06       |      21.83      
   37937     |      74.67       |      20.62      
   37938     |      74.03       |      26.36      
   37939     |      86.64       |      13.10      
   37940     |      79.34       |      13.12      
   37941     |      74.73       |      23.08      
   37942     |      71.46       |      25.82      
   37943     |      81.88       |      21.49      
   37944     |      88.05       |      28.99      
   37945     |      87.01       |      18.27      
   37946     |      81.87       |      12.04      
   37947     |      89.58       |       9.65      
   37949     |      78.73       |      13.54      
   37950     |      68.21       |      23.85      
   37951     |      61.47       |      30.40      
   37952     |      67.17       |      27.32      
   37953     |      65.07       |      34.73      
   37954     |      72.40       |      32.53      
   37955     |      69.79       |      23.97      
   37956     |      79.59       |      12.20      
   37957     |      82.06       |       9.24      
   37958     |      86.34       |       8.13      
   37959     |      86.89       |       6.33      
   37960     |      83.43       |       9.24      
   37961     |      82.71       |      12.49      
   38014     |      71.26       |      32.74      
   38015     |      78.27       |      29.78      
   38016     |      75.81       |      25.76      
   38017     |      81.11       |      29.43      
   38018     |      60.14       |      31.43      
   38019     |      71.28       |      30.32      
   38020     |      72.54       |      23.11      
   38021     |      78.27       |      31.25      
   38022     |      76.77       |      29.93      
   38023     |      66.21       |      33.85      
   38024     |      65.40       |      29.42      
   38025     |      64.18       |      30.83      
   38026     |      68.97       |      27.65      
   38027     |      79.83       |      14.89      
   38028     |      77.95       |      12.76      
   38029     |      69.83       |      21.19      
   38030     |      65.58       |      28.67      
   38031     |      74.70       |      17.38      
   38032     |      79.09       |      15.20      
   38033     |      78.55       |      12.39      
   38034     |      78.54       |      19.34      
   38076     |      68.13       |      33.67      
   38077     |      73.19       |      36.77      
   38078     |      79.44       |      35.87      
   38079     |      78.64       |      35.18      
   38080     |      71.57       |      38.43      
   38081     |      68.12       |      38.41      
   38082     |      76.36       |      19.51      
   38083     |      76.87       |      19.40      
   38084     |      57.23       |      36.21      
   38085     |      65.08       |      29.90      
   38086     |      65.58       |      34.02      
   38087     |      69.69       |      39.42      
   38088     |      76.55       |      38.32      
   38089     |      52.03       |      40.04      
   38090     |      56.92       |      34.13      
   38091     |      68.79       |      22.52      
   38092     |      67.29       |      23.67      
   38093     |      70.73       |      21.76      
   38094     |      72.74       |      19.27      
   38095     |      70.56       |      22.91      
   38096     |      75.80       |      19.13      
   38097     |      80.94       |      22.63      
   38098     |      74.37       |      23.76      
   38099     |      76.38       |      14.49      
   38100     |      79.99       |      15.63      
   38140     |      77.23       |      23.81      
   38141     |      84.84       |      27.68      
   38142     |      68.46       |      30.28      
   38143     |      66.74       |      38.96      
   38144     |      73.55       |      22.81      
   38145     |      72.05       |      22.66      
   38146     |      60.44       |      37.80      
   38147     |      60.46       |      37.80      
   38148     |      66.48       |      30.34      
   38149     |      73.29       |      34.23      
   38150     |      74.58       |      22.19      
   38151     |      62.76       |      28.63      
   38152     |      61.22       |      30.46      
   38153     |      57.14       |      33.84      
   38154     |      55.66       |      36.31      
   38155     |      64.71       |      26.28      
   38156     |      64.53       |      26.89      
   38157     |      81.14       |       9.68      
   38158     |      80.95       |       9.91      
   38159     |      77.31       |      21.72      
   38160     |      73.69       |      22.13      
   38161     |      74.27       |      23.28      
   38162     |      76.87       |      14.37      
   38163     |      76.99       |      14.20      
   38164     |      73.18       |      17.75      
   38165     |      74.82       |      24.88      
   38215     |      79.17       |      34.87      
   38216     |      75.18       |      34.18      
   38217     |      73.98       |      29.83      
   38218     |      77.25       |      22.49      
   38219     |      79.52       |      22.31      
   38220     |      80.81       |      27.20      
   38221     |      77.08       |      32.98      
   38222     |      71.56       |      29.01      
   38223     |      71.94       |      22.88      
   38224     |      63.21       |      27.94      
   38225     |      63.37       |      29.01      
   38226     |      59.48       |      33.11      
   38227     |      57.65       |      33.17      
   38228     |      76.92       |      23.70      
   38229     |      79.43       |      23.96      
   38230     |      68.34       |      28.35      
   38231     |      68.63       |      28.27      
   38232     |      72.42       |      19.46      
   38233     |      73.39       |      17.59      
   38234     |      73.67       |      17.39      
   38235     |      79.01       |      21.97      
   38236     |      80.26       |      20.01      
   38276     |      78.38       |      29.46      
   38277     |      65.52       |      29.17      
   38278     |      73.35       |      25.87      
   38279     |      72.10       |      28.44      
   38280     |      72.29       |      28.49      
   38281     |      71.13       |      25.25      
   38282     |      75.57       |      38.91      
   38283     |      68.43       |      38.52      
   38284     |      68.26       |      41.74      
   38285     |      59.81       |      36.27      
   38286     |      65.89       |      25.46      
   38287     |      74.46       |      20.98      
   38288     |      70.08       |      20.85      
   38289     |      60.34       |      30.52      
   38290     |      64.50       |      26.95      
   38291     |      66.92       |      28.50      
   38292     |      66.34       |      28.70      
   38293     |      68.60       |      22.27      
   38294     |      80.50       |      15.57      
   38295     |      71.49       |      28.61      
   38296     |      68.78       |      28.16      
   38297     |      70.36       |      24.44      
   38298     |      69.32       |      24.52      
   38299     |      63.84       |      32.53      
   38300     |      64.50       |      32.49      
   38301     |      64.09       |      27.07      
   38302     |      70.75       |      20.25      
   38303     |      69.25       |      22.85      
   38352     |      86.81       |      26.08      
   38353     |      86.48       |      22.71      
   38356     |      86.30       |      18.24      
   38357     |      82.29       |      16.47      
   38358     |      79.80       |      27.64      
   38359     |      64.75       |      33.56      
   38360     |      63.61       |      32.81      
   38361     |      71.26       |      29.41      
   38362     |      73.00       |      17.74      
   38363     |      72.01       |      18.73      
   38364     |      74.97       |      24.97      
   38365     |      60.86       |      30.92      
   38366     |      64.73       |      27.16      
   38367     |      60.25       |      31.04      
   38368     |      73.13       |      20.61      
   38369     |      76.07       |      19.73      
   38370     |      67.17       |      29.69      
   38371     |      63.17       |      29.26      
   38372     |      66.41       |      24.90      
   38373     |      65.41       |      25.62      
   38438     |      72.77       |      28.96      
   38439     |      73.02       |      24.05      
   38440     |      80.34       |      21.41      
   38441     |      71.30       |      27.07      
   38442     |      71.08       |      22.88      
   38443     |      68.47       |      31.89      
   38444     |      68.14       |      32.91      
   38445     |      73.35       |      26.17      
   38446     |      75.20       |      33.35      
   38447     |      84.33       |      33.43      
   38448     |      73.68       |      24.59      
   38449     |      73.37       |      19.98      
   38450     |      58.83       |      32.11      
   38451     |      57.39       |      36.32      
   38452     |      52.88       |      38.00      
   38453     |      66.93       |      24.15      
   38454     |      68.83       |      25.34      
   38455     |      66.14       |      26.32      
   38456     |      60.68       |      33.34      
   38493     |      89.29       |      24.42      
   38494     |      82.13       |      17.50      
   38495     |      61.14       |      30.11      
   38496     |      59.01       |      36.77      
   38497     |      69.34       |      36.11      
   38498     |      67.20       |      31.62      
   38499     |      65.54       |      25.41      
   38500     |      76.47       |      24.47      
   38501     |      80.87       |      27.80      
   38502     |      67.57       |      42.83      
   38503     |      51.42       |      40.48      
   38504     |      68.23       |      24.81      
   38505     |      65.91       |      25.55      
   38506     |      67.49       |      24.39      
   38507     |      66.59       |      28.55      
   38508     |      69.65       |      28.79      
   38561     |      83.02       |      31.79      
   38562     |      68.12       |      24.41      
   38563     |      70.97       |      30.81      
   38564     |      65.29       |      30.81      
   38565     |      66.72       |      35.57      
   38566     |      70.84       |      34.11      
   38567     |      74.75       |      18.91      
   38568     |      74.41       |      16.46      
   38569     |      72.85       |      19.67      
   38570     |      76.03       |      28.27      
   38571     |      77.40       |      28.72      
   38572     |      79.36       |      22.22      
   38573     |      80.20       |      15.41      
   38574     |      69.20       |      21.97      
   38575     |      59.89       |      45.24      
   38576     |      57.47       |      41.78      
   38577     |      51.53       |      43.05      
   38578     |      54.54       |      36.43      
   38579     |      65.84       |      26.17      
   38580     |      66.05       |      30.00      
   38581     |      58.92       |      32.66      
   38630     |      70.94       |      34.28      
   38631     |      65.89       |      28.56      
   38632     |      82.20       |      27.45      
   38633     |      80.64       |      10.16      
   38634     |      81.19       |      25.15      
   38635     |      70.94       |      23.89      
   38636     |      71.34       |      27.90      
   38637     |      65.94       |      27.34      
   38638     |      66.02       |      27.19      
   38639     |      74.32       |      26.66      
   38640     |      72.14       |      33.08      
   38641     |      76.16       |      33.55      
   38642     |      57.99       |      37.69      
   38643     |      50.86       |      40.23      
   38644     |      70.91       |      30.56      
   38645     |      54.30       |      40.46      
   38646     |      56.75       |      35.21      
   38647     |      67.58       |      28.71      
   38648     |      62.71       |      28.70      
   38649     |      58.91       |      34.24      
   38650     |      65.94       |      26.26      
   38710     |      75.28       |      26.24      
   38711     |      81.59       |      23.47      
   38712     |      80.97       |      17.76      
   38713     |      86.19       |      19.44      
   38714     |      76.18       |      27.41      
   38715     |      70.44       |      25.41      
   38716     |      78.29       |      22.08      
   38717     |      77.03       |      14.25      
   38718     |      70.37       |      27.61      
   38719     |      66.28       |      25.45      
   38720     |      70.16       |      21.00      
   38721     |      63.68       |      27.34      
   38722     |      63.84       |      28.25      
   38723     |      63.50       |      28.53      
   38724     |      64.58       |      28.38      
   38770     |      86.55       |      21.24      
   38771     |      64.82       |      26.02      
   38772     |      65.22       |      30.37      
   38773     |      78.93       |      17.46      
   38774     |      72.63       |      18.57      
   38775     |      71.13       |      29.94      
   38776     |      64.39       |      30.38      
   38777     |      67.90       |      37.62      
   38778     |      58.63       |      39.42      
   38779     |      72.85       |      25.35      
   38780     |      63.90       |      32.43      
   38781     |      72.70       |      20.88      
   38782     |      74.59       |      21.29      
   38783     |      71.74       |      22.16      
   38835     |      67.61       |      24.18      
   38836     |      72.34       |      30.26      
   38837     |      65.47       |      37.80      
   38838     |      66.77       |      37.37      
   38839     |      58.99       |      31.99      
   38840     |      69.66       |      31.86      
   38841     |      73.47       |      32.04      
   38842     |      68.20       |      27.81      
   38843     |      73.13       |      25.45      
   38892     |      74.60       |      26.50      
   38893     |      75.53       |      31.88      
   38894     |      82.79       |      33.82      
   38895     |      61.90       |      32.00      
   38896     |      73.78       |      19.98      
   38897     |      75.00       |      24.67      
   38898     |      76.69       |      25.53      
   38899     |      66.98       |      24.06      
   38900     |      70.10       |      22.14      
   38901     |      68.28       |      26.29      
   38902     |      71.64       |      25.61      
   38903     |      67.65       |      25.11      
   38963     |      67.41       |      36.94      
   38964     |      70.47       |      35.39      
   38965     |      71.25       |      36.91      
   38966     |      70.50       |      38.68      
   38967     |      55.47       |      40.84      
   38968     |      70.06       |      24.54      
   38969     |      80.36       |      23.87      
   38970     |      78.40       |      21.79      
   38971     |      81.42       |      11.24      
   38972     |      67.20       |      30.63      
   38973     |      64.79       |      38.84      
   39025     |      61.39       |      35.94      
   39026     |      70.65       |      34.73      
   39027     |      67.77       |      30.19      
   39028     |      81.10       |      30.34      
   39029     |      73.68       |      17.31      
   39030     |      66.69       |      30.71      
   39031     |      68.72       |      23.42      
   39032     |      72.12       |      21.52      
   39105     |      65.00       |      37.25      
   39106     |      61.62       |      35.51      
   39107     |      69.35       |      21.74      
   39108     |      56.04       |      41.30      
   39109     |      56.90       |      41.13      
   39169     |      72.82       |      31.89      
   39170     |      65.49       |      34.28      
   39171     |      64.33       |      38.73      
   39172     |      64.11       |      35.46      
   39173     |      73.28       |      35.81      
   39174     |      68.96       |      28.08      
   39175     |      71.37       |      28.14      
   39176     |      60.92       |      30.39      
   39177     |      62.48       |      28.62      
   39236     |      75.74       |      26.23      
   39237     |      65.03       |      33.26      
   39238     |      66.22       |      35.28      
   39239     |      68.44       |      37.06      
   39240     |      67.04       |      48.79      
   39305     |      68.12       |      27.21      
   39306     |      68.18       |      28.07      
   39379     |      71.83       |      26.55      
   39380     |      72.31       |      30.34      
   39381     |      65.06       |      32.97      
   39453     |      75.70       |      18.95      
   39454     |      78.14       |      18.91      
   39523     |      65.16       |      35.86      
