=== Visibility Analysis Summary ===
Total patches: 49152
Geometric visible: 2814 (5.7%)
Light illuminated: 1308 (46.5% of geometric)
Reflection conditions met: 2814 (100.0% of geometric)
Light unoccluded: 1308 (46.5% of geometric)
Final visible: 1308 (2.7% of total)
Visible area: 197.27 (2.5% of total area)

=== Detailed Visibility Information ===
Patch Index  | Incidence Angle  |  Viewing Angle  
-------------+------------------+-----------------
    4388     |      87.55       |      13.36      
    4392     |      87.90       |      11.19      
    4448     |      89.19       |      33.54      
    4450     |      89.84       |       9.80      
    4451     |      89.77       |      10.47      
    4520     |      89.08       |      18.13      
    4526     |      84.31       |      23.45      
    4593     |      86.99       |      24.02      
    4666     |      87.09       |      16.38      
    4667     |      86.35       |      19.51      
    4672     |      87.67       |      18.80      
    4673     |      86.13       |      15.19      
    4740     |      80.31       |      22.12      
    4742     |      88.92       |      34.88      
    4803     |      85.82       |      31.55      
    4881     |      87.74       |      27.40      
    4882     |      86.85       |      21.33      
    4883     |      83.67       |      30.34      
    4884     |      78.50       |      11.89      
    4886     |      87.93       |      22.05      
    4887     |      87.99       |      13.36      
    5096     |      89.31       |      28.67      
    5106     |      88.59       |      12.92      
    5108     |      89.04       |       2.10      
    5109     |      88.69       |      10.22      
    5242     |      88.29       |      19.18      
    5243     |      85.37       |      16.52      
    5244     |      85.63       |      24.88      
    5250     |      87.97       |       3.96      
    5251     |      84.44       |      11.30      
    5317     |      87.98       |      32.04      
    5318     |      77.62       |      16.91      
    5319     |      77.42       |      27.12      
    5320     |      78.97       |      25.12      
    5321     |      85.32       |      25.15      
    5324     |      87.34       |       8.14      
    5325     |      81.10       |      11.18      
    5383     |      87.77       |      20.03      
    5385     |      80.60       |      20.58      
    5388     |      86.07       |      13.61      
    5455     |      76.14       |      20.31      
    5456     |      82.40       |      10.19      
    5457     |      80.44       |      13.66      
    5458     |      79.26       |      14.56      
    5459     |      77.39       |      22.35      
    5460     |      81.89       |      14.10      
    5461     |      85.16       |       4.89      
    5464     |      87.79       |      29.56      
    5465     |      89.11       |      29.83      
    5517     |      72.12       |      19.75      
    5518     |      68.87       |      23.92      
    5519     |      79.24       |      27.44      
    5520     |      78.43       |      27.66      
    5521     |      83.74       |      19.30      
    5522     |      82.07       |      18.06      
    5523     |      89.50       |       3.30      
    5525     |      87.39       |       5.79      
    5586     |      73.69       |      18.47      
    5587     |      84.11       |      16.70      
    5588     |      80.21       |      28.16      
    5594     |      79.97       |      16.16      
    5595     |      89.07       |       5.22      
    5598     |      87.55       |       9.31      
    5656     |      83.01       |      10.86      
    5657     |      77.36       |      17.90      
    5658     |      76.70       |      22.81      
    5659     |      82.07       |      18.22      
    5660     |      82.65       |      17.37      
    5661     |      80.78       |      33.37      
    5668     |      83.29       |       9.14      
    5669     |      75.85       |      15.19      
    5670     |      76.52       |      13.71      
    5730     |      71.52       |      33.03      
    5731     |      84.85       |      12.50      
    5732     |      87.14       |       4.79      
    5734     |      89.36       |       9.71      
    5735     |      85.48       |      25.01      
    5736     |      88.27       |       2.37      
    5737     |      69.23       |      20.82      
    5738     |      68.85       |      21.32      
    5739     |      78.98       |      11.82      
    5806     |      86.06       |      21.28      
    5807     |      88.39       |      30.19      
    5809     |      87.73       |      36.62      
    5810     |      87.07       |      20.12      
    5812     |      85.43       |       8.98      
    5813     |      81.43       |       8.63      
    5864     |      72.70       |      21.45      
    5865     |      62.86       |      36.68      
    5866     |      65.38       |      39.50      
    5867     |      83.60       |       6.96      
    5868     |      85.94       |      19.80      
    5871     |      86.16       |      18.28      
    5872     |      83.15       |      12.09      
    5873     |      86.52       |       5.66      
    5874     |      80.37       |      11.95      
    5875     |      77.74       |      15.60      
    5935     |      77.47       |      18.17      
    5936     |      60.74       |      39.56      
    5937     |      78.00       |      20.09      
    5938     |      84.94       |      34.30      
    5939     |      89.69       |      25.30      
    5942     |      88.78       |      23.29      
    5943     |      88.12       |      13.08      
    5944     |      89.63       |      10.97      
    5945     |      87.18       |       7.41      
    6003     |      84.30       |      26.85      
    6004     |      82.23       |      32.20      
    6005     |      84.98       |      24.93      
    6006     |      82.85       |      15.65      
    6007     |      88.06       |       7.96      
    6008     |      88.65       |      10.12      
    6059     |      85.43       |      34.45      
    6060     |      85.56       |      33.92      
    6061     |      87.41       |      23.22      
    6062     |      82.41       |      21.37      
    6063     |      83.13       |      19.25      
    6064     |      86.44       |      16.93      
    6065     |      88.30       |      10.03      
    6066     |      83.45       |      12.59      
    6067     |      83.63       |      11.43      
    6068     |      84.71       |       9.97      
    6069     |      84.39       |       8.84      
    6070     |      80.94       |      13.19      
    6071     |      88.66       |       8.06      
    6072     |      82.96       |      15.58      
    6073     |      88.04       |       2.77      
    6140     |      87.68       |      21.16      
    6141     |      85.81       |      26.69      
    6142     |      78.57       |      23.24      
    6143     |      78.67       |      24.37      
    6144     |      78.09       |      21.97      
    6145     |      78.86       |      11.92      
    6146     |      77.95       |      15.87      
    6148     |      83.63       |       8.01      
    6200     |      87.97       |      36.55      
    6202     |      75.89       |      23.85      
    6203     |      75.79       |      24.23      
    6204     |      77.57       |      15.02      
    6205     |      77.13       |      15.56      
    6206     |      69.84       |      22.54      
    6208     |      88.00       |      10.94      
    6209     |      88.64       |       7.61      
    6210     |      89.52       |       6.58      
    6274     |      74.85       |      15.66      
    6275     |      83.10       |      37.59      
    6278     |      84.36       |      24.39      
    6279     |      76.84       |      23.75      
    6280     |      78.57       |      20.67      
    6282     |      89.52       |       3.61      
    6338     |      65.36       |      33.48      
    6339     |      83.32       |      37.62      
    6340     |      87.64       |      28.46      
    6341     |      85.25       |      23.62      
    6342     |      79.85       |      18.71      
    6343     |      72.81       |      26.09      
    6344     |      79.43       |      27.12      
    6345     |      87.87       |       8.96      
    6346     |      89.23       |       7.64      
    6347     |      79.93       |      17.57      
    6348     |      76.40       |      18.06      
    6402     |      71.12       |      46.11      
    6403     |      72.05       |      44.54      
    6404     |      77.79       |      20.84      
    6405     |      77.86       |      20.65      
    6406     |      83.56       |      16.27      
    6407     |      83.36       |      16.60      
    6408     |      72.89       |      29.25      
    6409     |      89.57       |       6.08      
    6410     |      81.75       |      14.40      
    6411     |      78.72       |      18.31      
    6469     |      68.40       |      47.33      
    6470     |      82.95       |      13.67      
    6471     |      75.86       |      21.27      
    6472     |      68.19       |      29.03      
    6473     |      70.61       |      23.80      
    6474     |      82.08       |      12.19      
    6475     |      80.19       |      21.90      
    6476     |      83.71       |      17.36      
    6477     |      84.66       |      18.84      
    6478     |      87.54       |      11.45      
    6480     |      87.66       |       2.96      
    6542     |      78.10       |      46.57      
    6543     |      81.12       |      41.81      
    6544     |      71.85       |      47.69      
    6545     |      71.11       |      34.37      
    6546     |      67.25       |      40.60      
    6547     |      72.59       |      24.80      
    6548     |      77.03       |      20.20      
    6549     |      82.15       |      14.21      
    6550     |      72.37       |      26.94      
    6551     |      74.19       |      24.73      
    6552     |      67.79       |      23.76      
    6553     |      77.24       |      13.24      
    6554     |      77.00       |      16.60      
    6555     |      73.26       |      25.61      
    6556     |      82.68       |      22.72      
    6557     |      84.60       |       6.38      
    6558     |      76.02       |      19.72      
    6559     |      87.10       |      11.23      
    6560     |      87.44       |      19.29      
    6617     |      77.62       |      19.85      
    6618     |      73.97       |      20.94      
    6619     |      77.63       |      16.22      
    6620     |      76.64       |      14.96      
    6621     |      74.46       |      17.62      
    6622     |      73.63       |      25.05      
    6623     |      73.11       |      25.56      
    6624     |      76.38       |      20.93      
    6625     |      76.53       |      20.57      
    6626     |      86.52       |      14.80      
    6663     |      71.55       |      43.23      
    6665     |      66.17       |      41.38      
    6666     |      83.30       |      19.44      
    6667     |      80.32       |      14.67      
    6668     |      74.03       |      18.55      
    6669     |      74.51       |      17.11      
    6670     |      69.31       |      24.04      
    6671     |      66.71       |      23.80      
    6672     |      74.99       |      20.24      
    6673     |      84.60       |      13.64      
    6719     |      70.54       |      41.83      
    6720     |      72.10       |      36.96      
    6721     |      65.05       |      30.81      
    6722     |      57.73       |      40.56      
    6723     |      56.94       |      44.61      
    6724     |      58.82       |      42.01      
    6725     |      58.76       |      41.09      
    6726     |      75.97       |      26.66      
    6727     |      76.65       |      21.24      
    6728     |      78.38       |      25.65      
    6729     |      80.85       |      13.95      
    6730     |      80.75       |      14.20      
    6731     |      84.11       |      21.97      
    6732     |      83.47       |      23.02      
    6733     |      85.94       |       9.57      
    6787     |      72.34       |      28.18      
    6788     |      76.05       |      22.55      
    6789     |      73.18       |      25.13      
    6790     |      71.13       |      36.60      
    6791     |      60.80       |      43.66      
    6792     |      64.67       |      37.42      
    6793     |      60.98       |      40.16      
    6794     |      71.39       |      24.70      
    6795     |      67.81       |      27.99      
    6796     |      70.24       |      23.71      
    6797     |      83.71       |      26.96      
    6798     |      88.26       |      19.79      
    6799     |      84.44       |      18.64      
    6800     |      85.42       |      17.25      
    6801     |      86.62       |      12.04      
    6803     |      87.65       |      11.60      
    6804     |      75.50       |      27.11      
    6805     |      76.58       |      20.39      
    6806     |      78.56       |      22.37      
    6807     |      80.96       |      15.44      
    6808     |      75.99       |      21.12      
    6809     |      77.21       |      14.97      
    6810     |      73.70       |      16.74      
    6811     |      83.45       |       7.54      
    6812     |      79.95       |      18.06      
    6857     |      71.39       |      27.99      
    6858     |      60.18       |      44.54      
    6859     |      72.63       |      32.79      
    6860     |      65.47       |      45.63      
    6861     |      68.26       |      37.60      
    6862     |      69.34       |      35.56      
    6864     |      83.57       |      12.76      
    6865     |      85.97       |       7.17      
    6866     |      75.64       |      20.39      
    6867     |      75.53       |      30.04      
    6868     |      81.18       |      21.00      
    6869     |      71.12       |      19.40      
    6870     |      73.50       |      16.98      
    6871     |      73.92       |      16.57      
    6920     |      57.93       |      44.13      
    6921     |      52.97       |      41.80      
    6922     |      57.63       |      36.00      
    6923     |      76.31       |      32.08      
    6924     |      68.62       |      35.40      
    6925     |      80.53       |      20.92      
    6926     |      74.23       |      29.94      
    6927     |      73.85       |      30.48      
    6928     |      70.77       |      25.88      
    6929     |      81.77       |      15.13      
    6930     |      79.30       |      21.52      
    6931     |      78.23       |      12.67      
    6932     |      76.97       |      15.33      
    6933     |      78.35       |      13.52      
    6934     |      82.19       |      18.66      
    6935     |      81.44       |      19.56      
    6979     |      64.14       |      28.16      
    6980     |      49.30       |      45.03      
    6981     |      58.46       |      46.17      
    6982     |      65.84       |      36.62      
    6983     |      69.10       |      33.98      
    6984     |      69.57       |      32.69      
    6985     |      61.86       |      38.52      
    6986     |      79.42       |      19.13      
    6987     |      71.92       |      31.04      
    6988     |      75.76       |      20.16      
    6989     |      77.74       |      13.19      
    6990     |      88.47       |      22.12      
    6991     |      82.06       |      10.85      
    6992     |      83.01       |       9.09      
    6993     |      80.83       |       9.95      
    6994     |      79.62       |      12.31      
    6995     |      80.71       |      18.80      
    7054     |      66.85       |      41.80      
    7055     |      71.13       |      36.68      
    7056     |      66.58       |      44.22      
    7057     |      68.98       |      37.99      
    7058     |      62.36       |      44.21      
    7059     |      65.10       |      31.98      
    7060     |      64.12       |      33.26      
    7061     |      58.21       |      39.04      
    7062     |      64.64       |      28.71      
    7063     |      65.39       |      30.61      
    7064     |      67.20       |      27.50      
    7065     |      86.45       |      14.75      
    7066     |      78.75       |      22.99      
    7067     |      82.10       |      17.45      
    7114     |      62.08       |      44.92      
    7115     |      74.04       |      28.87      
    7116     |      62.02       |      40.65      
    7117     |      74.96       |      25.04      
    7118     |      74.30       |      36.95      
    7119     |      66.37       |      36.49      
    7120     |      66.67       |      30.10      
    7121     |      68.61       |      27.11      
    7122     |      84.30       |      11.78      
    7123     |      83.60       |      12.18      
    7124     |      80.31       |      17.13      
    7125     |      73.55       |      17.03      
    7126     |      72.35       |      18.26      
    7169     |      56.34       |      46.51      
    7170     |      71.99       |      36.82      
    7171     |      66.18       |      35.60      
    7172     |      73.30       |      25.14      
    7173     |      64.15       |      31.49      
    7174     |      68.70       |      26.68      
    7175     |      74.93       |      17.12      
    7176     |      75.31       |      15.47      
    7177     |      70.37       |      20.27      
    7178     |      73.51       |      19.11      
    7179     |      79.44       |      15.24      
    7180     |      78.89       |      16.17      
    7181     |      82.21       |      30.16      
    7182     |      83.32       |      28.75      
    7228     |      72.34       |      34.19      
    7229     |      71.53       |      35.24      
    7230     |      57.01       |      39.18      
    7231     |      62.27       |      32.46      
    7232     |      64.66       |      41.63      
    7233     |      63.49       |      44.84      
    7234     |      72.40       |      34.87      
    7235     |      65.55       |      39.49      
    7236     |      68.25       |      34.60      
    7237     |      71.11       |      31.99      
    7238     |      71.19       |      29.08      
    7239     |      66.24       |      24.47      
    7240     |      66.83       |      24.35      
    7241     |      71.96       |      18.68      
    7281     |      70.19       |      34.93      
    7282     |      70.97       |      33.84      
    7283     |      57.81       |      46.33      
    7284     |      64.32       |      35.72      
    7285     |      65.02       |      36.57      
    7286     |      66.74       |      33.72      
    7287     |      64.18       |      35.03      
    7288     |      67.64       |      26.59      
    7289     |      68.52       |      25.80      
    7290     |      62.85       |      43.78      
    7291     |      71.69       |      32.17      
    7292     |      71.35       |      29.48      
    7293     |      73.69       |      24.71      
    7294     |      65.92       |      25.69      
    7295     |      67.68       |      23.20      
    7296     |      69.22       |      23.21      
    7297     |      72.80       |      17.88      
    7298     |      74.10       |      18.42      
    7336     |      70.32       |      41.49      
    7337     |      68.38       |      38.00      
    7338     |      72.51       |      28.98      
    7339     |      57.80       |      42.88      
    7340     |      53.36       |      45.42      
    7341     |      56.59       |      37.91      
    7342     |      67.84       |      23.54      
    7343     |      59.42       |      38.04      
    7344     |      57.46       |      35.35      
    7345     |      69.78       |      22.83      
    7346     |      78.09       |      14.13      
    7347     |      76.62       |      17.26      
    7348     |      81.43       |      20.76      
    7349     |      79.21       |      29.78      
    7416     |      76.54       |      37.89      
    7417     |      72.65       |      40.82      
    7418     |      70.75       |      29.44      
    7419     |      65.53       |      37.94      
    7420     |      68.40       |      35.54      
    7421     |      62.28       |      29.16      
    7422     |      56.24       |      36.46      
    7423     |      60.75       |      31.63      
    7424     |      56.68       |      41.13      
    7425     |      56.85       |      38.09      
    7426     |      68.58       |      22.95      
    7427     |      72.30       |      25.90      
    7428     |      69.69       |      28.36      
    7429     |      68.99       |      22.61      
    7430     |      72.67       |      19.28      
    7431     |      75.63       |      21.87      
    7432     |      75.98       |      22.18      
    7433     |      81.82       |      11.52      
    7434     |      79.48       |      18.99      
    7435     |      75.79       |      25.68      
    7436     |      79.59       |      30.35      
    7437     |      79.30       |      39.07      
    7480     |      71.02       |      29.31      
    7481     |      74.74       |      16.62      
    7482     |      74.73       |      16.62      
    7483     |      66.28       |      25.60      
    7484     |      63.16       |      40.00      
    7485     |      72.90       |      31.35      
    7486     |      69.38       |      38.25      
    7487     |      76.79       |      32.45      
    7488     |      83.72       |      26.56      
    7489     |      77.78       |      19.24      
    7490     |      77.31       |      21.27      
    7491     |      79.81       |      24.77      
    7492     |      82.06       |      21.18      
    7493     |      74.21       |      22.35      
    7494     |      78.32       |      32.16      
    7495     |      81.02       |      30.77      
    7551     |      62.73       |      28.26      
    7552     |      42.73       |      51.15      
    7553     |      69.95       |      40.12      
    7554     |      76.11       |      32.77      
    7555     |      82.45       |      15.88      
    7556     |      81.56       |      16.81      
    7557     |      78.00       |      25.23      
    7558     |      81.07       |      13.48      
    7559     |      78.81       |      17.63      
    7560     |      84.39       |      12.30      
    7561     |      83.66       |      14.22      
    7562     |      73.73       |      31.24      
    7563     |      73.92       |      29.65      
    7614     |      44.42       |      53.68      
    7615     |      52.31       |      38.96      
    7616     |      54.64       |      43.15      
    7617     |      77.61       |      14.61      
    7618     |      68.90       |      40.48      
    7619     |      68.88       |      40.50      
    7620     |      67.21       |      33.29      
    7621     |      66.75       |      33.50      
    7622     |      77.95       |      13.56      
    7623     |      73.07       |      18.66      
    7624     |      73.06       |      18.25      
    7625     |      67.12       |      30.57      
    7626     |      81.49       |      16.73      
    7627     |      73.92       |      28.23      
    7682     |      73.37       |      36.30      
    7683     |      74.63       |      35.96      
    7684     |      66.24       |      36.50      
    7685     |      61.59       |      33.43      
    7686     |      76.61       |      15.21      
    7687     |      69.87       |      24.94      
    7688     |      70.25       |      23.44      
    7689     |      83.41       |      25.48      
    7747     |      69.23       |      36.11      
    7748     |      60.62       |      34.18      
    7749     |      61.82       |      31.10      
    7750     |      73.77       |      17.53      
    7751     |      69.38       |      26.79      
    7752     |      78.71       |      17.68      
    7753     |      71.80       |      28.09      
    7754     |      70.27       |      21.44      
    7755     |      65.51       |      25.52      
    7756     |      74.11       |      27.32      
    7759     |      80.82       |      35.50      
    7760     |      86.33       |      24.33      
    7761     |      79.77       |      30.14      
    7762     |      83.55       |      19.85      
    7818     |      70.04       |      23.34      
    7819     |      61.09       |      34.61      
    7820     |      69.90       |      26.23      
    7821     |      69.73       |      26.58      
    7822     |      71.18       |      39.57      
    7823     |      85.28       |      20.50      
    7877     |      67.87       |      30.66      
    7878     |      67.85       |      23.12      
    7879     |      67.17       |      23.94      
    7880     |      67.41       |      31.16      
    7881     |      64.40       |      34.01      
    7882     |      61.47       |      38.97      
    7883     |      78.40       |      15.87      
    7884     |      73.52       |      24.37      
    7933     |      66.72       |      27.21      
    7934     |      67.56       |      26.30      
    7935     |      70.40       |      20.56      
    7936     |      68.72       |      28.42      
    7937     |      62.37       |      31.54      
    7938     |      63.47       |      30.04      
    7939     |      73.42       |      23.50      
    7997     |      72.55       |      25.91      
    7998     |      84.99       |      12.38      
    7999     |      57.02       |      37.44      
    8051     |      84.83       |      11.13      
    8052     |      74.15       |      24.98      
    8053     |      65.57       |      28.92      
    8054     |      64.65       |      30.97      
    8055     |      59.63       |      35.55      
    8056     |      62.57       |      38.75      
    8057     |      69.49       |      31.85      
    8058     |      71.12       |      26.59      
    8120     |      73.70       |      22.51      
    8121     |      72.55       |      30.53      
    8122     |      71.04       |      35.83      
    8168     |      72.15       |      22.70      
    8169     |      64.05       |      33.57      
    8170     |      64.27       |      31.02      
    8171     |      68.53       |      34.39      
    8222     |      72.18       |      39.59      
    8223     |      85.49       |      28.23      
    8224     |      85.22       |      15.05      
    8289     |      61.50       |      37.94      
    8290     |      74.46       |      16.93      
    8291     |      71.52       |      27.61      
    8292     |      65.83       |      34.95      
    8356     |      64.49       |      26.73      
   12698     |      87.03       |      16.15      
   12964     |      81.06       |       8.60      
   12965     |      87.95       |       2.45      
   13048     |      82.99       |      12.78      
   13049     |      83.26       |      12.96      
   13050     |      84.81       |       5.47      
   13051     |      89.34       |       0.29      
   13113     |      88.90       |       0.72      
   13114     |      87.79       |       3.49      
   13131     |      87.66       |      16.83      
   13132     |      85.82       |      12.35      
   13332     |      88.31       |      22.50      
   13333     |      86.30       |      17.44      
   13335     |      87.90       |       2.98      
   13336     |      88.69       |       1.30      
   13402     |      88.86       |       1.46      
   13527     |      85.89       |       5.91      
   13528     |      87.97       |       8.72      
   13530     |      87.11       |       9.16      
   13531     |      89.30       |       3.58      
   13532     |      88.36       |      14.11      
   13539     |      89.33       |       1.17      
   13540     |      86.15       |       9.62      
   13579     |      89.16       |       4.76      
   13581     |      88.21       |       9.56      
   13582     |      85.80       |       7.32      
   13583     |      89.80       |      15.02      
   13584     |      87.52       |      10.87      
   13592     |      89.80       |      20.06      
   13642     |      88.20       |       9.78      
   13646     |      84.86       |      20.37      
   13647     |      83.55       |      19.14      
   13648     |      84.42       |       9.40      
   13661     |      89.27       |       8.21      
   13724     |      88.92       |       1.63      
   13731     |      88.46       |      11.81      
   13794     |      89.08       |      17.50      
   13866     |      89.18       |       2.99      
   13867     |      86.15       |      11.35      
   13868     |      81.17       |       8.67      
   13869     |      78.63       |      22.43      
   13870     |      82.30       |      19.58      
   13873     |      89.07       |       9.16      
   13933     |      75.71       |      22.72      
   13934     |      73.21       |      17.65      
   13937     |      86.80       |      18.96      
   13990     |      89.96       |      14.94      
   13991     |      88.76       |       4.01      
   13994     |      89.66       |       4.29      
   13997     |      83.41       |      13.44      
   13998     |      84.03       |      12.76      
   13999     |      84.08       |      19.89      
   14000     |      83.23       |      19.34      
   14001     |      89.78       |      13.75      
   14002     |      89.20       |      16.02      
   14003     |      88.53       |      12.24      
   14004     |      86.51       |      19.99      
   14058     |      89.84       |       6.11      
   14065     |      86.48       |       4.63      
   14070     |      79.89       |      19.96      
   14071     |      88.25       |      24.94      
   14072     |      89.18       |      19.10      
   14077     |      87.28       |       3.40      
   14078     |      87.82       |      18.85      
   14113     |      81.30       |       9.10      
   14114     |      85.33       |      17.56      
   14115     |      87.64       |       2.70      
   14116     |      86.81       |      13.31      
   14117     |      88.86       |       7.01      
   14118     |      88.94       |       7.62      
   14119     |      88.21       |      15.76      
   14120     |      88.97       |      16.56      
   14122     |      79.68       |      10.39      
   14126     |      82.35       |      14.70      
   14129     |      89.67       |       0.29      
   14132     |      87.53       |       8.58      
   14133     |      87.75       |       2.63      
   14134     |      87.76       |       2.60      
   14135     |      86.92       |      11.68      
   14136     |      87.86       |       8.77      
   14137     |      88.60       |      17.64      
   14184     |      89.54       |      16.53      
   14187     |      87.28       |       4.85      
   14188     |      87.30       |       4.76      
   14189     |      82.91       |       7.95      
   14190     |      85.48       |       8.35      
   14196     |      86.49       |       3.53      
   14197     |      86.55       |       3.43      
   14198     |      81.21       |      11.25      
   14199     |      79.74       |      10.25      
   14200     |      87.33       |      12.45      
   14201     |      85.56       |      24.59      
   14202     |      82.48       |      19.84      
   14203     |      81.89       |      22.34      
   14204     |      78.66       |      20.31      
   14205     |      78.38       |      15.39      
   14206     |      76.77       |      14.59      
   14207     |      76.20       |      13.85      
   14252     |      77.95       |      19.89      
   14253     |      86.92       |       3.72      
   14261     |      82.76       |       8.50      
   14262     |      80.77       |      15.81      
   14263     |      78.64       |      13.25      
   14264     |      87.15       |       7.07      
   14265     |      82.39       |       7.84      
   14266     |      89.93       |       5.54      
   14267     |      85.56       |       8.30      
   14268     |      86.11       |       7.24      
   14274     |      79.16       |      20.50      
   14275     |      79.55       |      19.60      
   14276     |      73.29       |      18.41      
   14277     |      72.67       |      18.10      
   14314     |      82.97       |       8.32      
   14316     |      88.83       |      17.74      
   14317     |      86.37       |       9.39      
   14318     |      87.79       |       4.62      
   14325     |      87.51       |      27.58      
   14326     |      82.81       |      17.99      
   14327     |      84.24       |      15.92      
   14328     |      84.62       |      17.31      
   14330     |      82.89       |      14.45      
   14331     |      83.33       |      11.44      
   14335     |      86.22       |       5.29      
   14336     |      82.93       |      19.23      
   14337     |      77.63       |      13.06      
   14338     |      68.45       |      23.71      
   14339     |      77.65       |      12.47      
   14378     |      82.89       |      24.15      
   14379     |      87.80       |      15.07      
   14380     |      84.00       |      20.73      
   14381     |      81.69       |      13.47      
   14385     |      86.67       |      20.00      
   14442     |      87.77       |      19.68      
   14443     |      80.71       |      15.08      
   14444     |      79.16       |      11.00      
   14445     |      77.09       |      15.16      
   14446     |      79.59       |      10.66      
   14447     |      83.57       |      12.75      
   14454     |      87.56       |      19.80      
   14455     |      86.53       |       5.55      
   14458     |      83.16       |       8.01      
   14459     |      85.50       |      10.93      
   14460     |      78.74       |      19.62      
   14463     |      89.45       |      14.91      
   14464     |      79.71       |      11.71      
   14465     |      77.96       |      12.82      
   14466     |      70.43       |      22.85      
   14467     |      69.84       |      20.78      
   14468     |      69.75       |      20.70      
   14469     |      72.24       |      19.76      
   14516     |      85.56       |      23.20      
   14517     |      86.17       |      24.48      
   14518     |      88.19       |       5.18      
   14519     |      87.17       |       3.54      
   14520     |      82.53       |      13.04      
   14521     |      86.81       |      20.73      
   14523     |      79.66       |      18.22      
   14524     |      83.16       |      25.97      
   14525     |      82.65       |      20.86      
   14526     |      82.25       |      30.08      
   14535     |      85.78       |       5.08      
   14536     |      78.56       |      11.99      
   14537     |      79.00       |      12.12      
   14538     |      76.91       |      15.61      
   14539     |      76.85       |      16.26      
   14540     |      72.98       |      21.09      
   14582     |      78.01       |      19.36      
   14583     |      74.65       |      18.49      
   14584     |      79.66       |      10.79      
   14585     |      86.38       |       5.40      
   14586     |      89.28       |      26.41      
   14587     |      87.98       |      20.65      
   14589     |      86.23       |       6.87      
   14590     |      74.84       |      21.14      
   14591     |      78.71       |      11.63      
   14592     |      82.84       |      11.81      
   14597     |      89.57       |      13.73      
   14598     |      87.43       |       7.76      
   14599     |      84.94       |      11.81      
   14600     |      84.31       |      11.39      
   14601     |      85.57       |       5.15      
   14609     |      79.77       |      11.31      
   14610     |      79.66       |      10.71      
   14611     |      80.88       |      15.76      
   14612     |      78.59       |      14.97      
   14659     |      78.72       |      20.69      
   14660     |      85.91       |      20.90      
   14661     |      80.90       |      19.26      
   14662     |      83.44       |       7.69      
   14664     |      88.51       |      25.30      
   14666     |      83.69       |       7.37      
   14668     |      77.22       |      20.10      
   14669     |      67.67       |      24.06      
   14670     |      60.43       |      29.80      
   14671     |      66.32       |      28.11      
   14672     |      65.61       |      32.28      
   14673     |      78.74       |      14.21      
   14674     |      78.00       |      12.20      
   14675     |      83.26       |      11.21      
   14676     |      83.87       |      19.99      
   14677     |      85.06       |       5.52      
   14678     |      86.31       |      19.76      
   14679     |      88.28       |       9.68      
   14680     |      89.95       |       7.46      
   14681     |      84.01       |       6.69      
   14682     |      82.81       |       7.54      
   14683     |      83.36       |       7.20      
   14684     |      82.67       |      15.84      
   14685     |      82.83       |      13.64      
   14686     |      84.91       |       7.43      
   14739     |      83.40       |      25.59      
   14740     |      84.71       |      14.04      
   14741     |      86.73       |       3.51      
   14742     |      88.73       |       2.82      
   14745     |      87.72       |       2.53      
   14746     |      75.46       |      19.45      
   14747     |      75.94       |      14.52      
   14748     |      80.29       |      17.92      
   14749     |      78.05       |      12.83      
   14750     |      72.90       |      17.62      
   14751     |      76.95       |      16.64      
   14752     |      76.74       |      21.18      
   14757     |      84.67       |      20.07      
   14758     |      78.65       |      11.57      
   14760     |      86.13       |      12.12      
   14761     |      86.72       |       8.00      
   14762     |      88.85       |      14.47      
   14763     |      86.37       |       6.65      
   14808     |      83.69       |      12.40      
   14809     |      83.47       |      13.42      
   14810     |      86.12       |      15.07      
   14811     |      86.10       |      12.89      
   14812     |      83.41       |      17.56      
   14813     |      82.07       |      15.25      
   14814     |      74.35       |      21.61      
   14815     |      77.61       |      13.28      
   14816     |      78.85       |      13.26      
   14817     |      81.75       |      11.62      
   14818     |      85.92       |       4.86      
   14819     |      87.81       |       6.71      
   14820     |      83.16       |      26.57      
   14821     |      83.43       |      15.06      
   14823     |      85.22       |      20.24      
   14824     |      77.77       |      12.63      
   14825     |      87.97       |       9.36      
   14826     |      87.11       |       5.06      
   14828     |      88.83       |      15.71      
   14829     |      89.60       |      10.05      
   14830     |      87.84       |       4.77      
   14885     |      88.46       |      18.13      
   14886     |      88.25       |      17.31      
   14888     |      89.84       |       0.69      
   14889     |      87.70       |       8.73      
   14890     |      80.58       |       9.94      
   14891     |      75.77       |      14.69      
   14892     |      75.82       |      15.63      
   14893     |      81.49       |       8.84      
   14899     |      84.22       |      15.37      
   14900     |      85.47       |       7.48      
   14901     |      85.27       |       7.34      
   14902     |      89.47       |       1.80      
   14903     |      80.84       |      12.50      
   14907     |      77.80       |      12.75      
   14948     |      81.28       |      15.45      
   14949     |      80.70       |      17.32      
   14950     |      79.87       |      17.10      
   14951     |      81.32       |      10.88      
   14952     |      81.62       |      11.37      
   14953     |      80.48       |      15.59      
   14954     |      84.57       |      20.85      
   14955     |      81.69       |      18.38      
   14958     |      89.73       |       2.62      
   14959     |      88.82       |      15.09      
   14960     |      87.05       |      12.87      
   14961     |      82.85       |       9.63      
   14962     |      87.73       |       3.84      
   14963     |      81.24       |      12.38      
   14964     |      82.80       |       9.19      
   14965     |      78.83       |      11.94      
   15012     |      86.86       |       7.02      
   15019     |      87.57       |       5.02      
   15020     |      84.56       |      11.90      
   15021     |      75.46       |      17.88      
   15022     |      77.68       |      12.62      
   15024     |      80.02       |      10.37      
   15025     |      77.24       |      14.12      
   15026     |      84.88       |       6.50      
   15027     |      85.95       |       8.39      
   15028     |      78.38       |      12.61      
   15029     |      82.01       |      12.95      
   15030     |      88.20       |      16.21      
   15031     |      88.00       |      15.22      
   15032     |      81.22       |      13.10      
   15033     |      79.46       |      13.79      
   15034     |      81.26       |      13.80      
   15035     |      81.46       |      13.56      
   15036     |      84.81       |      19.57      
   15037     |      83.74       |      22.21      
   15038     |      77.25       |      16.57      
   15080     |      87.09       |      18.00      
   15081     |      80.03       |      11.58      
   15082     |      82.54       |      19.73      
   15084     |      85.14       |      16.44      
   15085     |      85.21       |      10.68      
   15086     |      85.47       |       7.21      
   15087     |      86.09       |       8.28      
   15088     |      78.00       |      12.41      
   15089     |      77.36       |      17.46      
   15090     |      82.55       |       8.37      
   15091     |      85.92       |       5.07      
   15094     |      72.81       |      21.35      
   15095     |      72.13       |      25.07      
   15096     |      68.70       |      23.51      
   15097     |      79.56       |      25.92      
   15098     |      81.08       |      16.91      
   15099     |      70.91       |      20.76      
   15147     |      84.65       |      13.54      
   15149     |      87.92       |      18.35      
   15150     |      88.01       |      18.52      
   15152     |      86.25       |       4.32      
   15153     |      86.03       |      11.07      
   15154     |      81.61       |      10.14      
   15155     |      81.90       |       9.49      
   15156     |      87.42       |      14.09      
   15157     |      81.80       |      10.47      
   15160     |      74.75       |      18.07      
   15163     |      78.39       |      25.00      
   15164     |      69.18       |      22.66      
   15165     |      82.18       |      15.64      
   15166     |      73.65       |      22.72      
   15167     |      75.05       |      18.60      
   15168     |      73.91       |      16.59      
   15216     |      74.29       |      16.85      
   15217     |      89.18       |      16.41      
   15218     |      74.28       |      16.10      
   15219     |      86.81       |      15.35      
   15220     |      71.00       |      23.96      
   15221     |      67.53       |      26.81      
   15222     |      78.99       |      13.59      
   15227     |      78.96       |      12.11      
   15228     |      78.27       |      12.19      
   15229     |      84.29       |       9.51      
   15230     |      81.76       |      17.76      
   15231     |      75.96       |      14.50      
   15232     |      86.71       |      30.60      
   15236     |      88.32       |      15.07      
   15237     |      87.43       |      26.01      
   15238     |      68.22       |      28.75      
   15280     |      71.34       |      19.04      
   15281     |      87.03       |      10.98      
   15282     |      79.06       |      17.56      
   15283     |      69.81       |      20.88      
   15284     |      71.57       |      20.14      
   15285     |      77.67       |      17.07      
   15286     |      81.20       |      18.15      
   15287     |      80.02       |      18.77      
   15288     |      79.81       |      12.00      
   15289     |      79.48       |      14.18      
   15290     |      67.09       |      23.97      
   15291     |      89.18       |      11.23      
   15292     |      88.38       |       8.52      
   15293     |      77.32       |      13.49      
   15294     |      80.66       |       9.91      
   15295     |      76.26       |      15.02      
   15296     |      85.90       |      14.82      
   15297     |      85.60       |       4.95      
   15299     |      76.70       |      33.27      
   15300     |      76.40       |      34.43      
   15301     |      68.56       |      25.99      
   15302     |      65.65       |      26.18      
   15303     |      66.03       |      25.53      
   15353     |      77.40       |      35.10      
   15354     |      70.59       |      28.92      
   15355     |      72.47       |      17.96      
   15356     |      81.40       |      15.44      
   15357     |      80.39       |      12.13      
   15359     |      81.06       |      12.16      
   15360     |      79.99       |      12.51      
   15361     |      82.93       |       7.90      
   15362     |      79.95       |      13.55      
   15363     |      88.83       |       2.42      
   15364     |      87.47       |       3.37      
   15365     |      86.81       |       9.43      
   15366     |      83.43       |      24.75      
   15367     |      82.57       |      18.81      
   15368     |      77.49       |      14.32      
   15369     |      77.90       |      21.78      
   15370     |      75.95       |      19.33      
   15371     |      75.41       |      15.41      
   15372     |      81.19       |      11.16      
   15373     |      78.88       |      16.64      
   15399     |      85.97       |      11.98      
   15400     |      89.40       |      16.57      
   15401     |      88.95       |       5.84      
   15403     |      85.20       |       6.18      
   15404     |      87.21       |       8.25      
   15405     |      86.66       |       3.85      
   15406     |      84.95       |       8.66      
   15407     |      83.94       |       6.57      
   15408     |      86.37       |       4.16      
   15410     |      78.45       |      19.88      
   15411     |      80.46       |      34.74      
   15412     |      85.87       |      21.62      
   15413     |      85.99       |      32.63      
   15415     |      87.87       |      17.94      
   15418     |      79.56       |      15.92      
   15419     |      78.90       |      13.96      
   15463     |      84.50       |      25.68      
   15465     |      84.17       |      20.60      
   15466     |      87.34       |       3.97      
   15467     |      87.93       |      13.30      
   15468     |      89.20       |      11.88      
   15469     |      89.70       |       8.48      
   15470     |      82.97       |       7.57      
   15471     |      79.68       |      19.74      
   15474     |      88.30       |       2.23      
   15475     |      88.34       |       3.28      
   15476     |      79.18       |      11.68      
   15477     |      81.61       |       9.22      
   15485     |      87.93       |       4.00      
   15486     |      88.19       |       4.11      
   15487     |      82.90       |      19.30      
   15489     |      86.78       |      16.96      
   15537     |      88.71       |      10.37      
   15538     |      88.76       |      10.58      
   15539     |      82.62       |       9.58      
   15540     |      81.20       |      10.08      
   15541     |      83.49       |      13.26      
   15542     |      86.60       |      24.18      
   15543     |      88.31       |      13.08      
   15544     |      88.29       |       2.31      
   15549     |      88.26       |      10.04      
   15550     |      89.06       |      22.39      
   15551     |      88.85       |      22.85      
   15555     |      89.74       |      19.34      
   15594     |      86.93       |      17.78      
   15595     |      86.16       |      14.69      
   15596     |      82.91       |      14.46      
   15597     |      81.33       |       9.17      
   15598     |      89.01       |      15.22      
   15603     |      84.64       |       6.50      
   15610     |      88.77       |       1.82      
   15611     |      86.98       |      10.78      
   15614     |      88.72       |      10.06      
   15615     |      86.95       |      14.38      
   15616     |      88.94       |      10.23      
   15654     |      82.36       |      23.97      
   15656     |      85.44       |       5.13      
   15660     |      85.00       |      16.45      
   15661     |      84.36       |       6.53      
   15662     |      81.15       |      28.14      
   15663     |      85.25       |      25.17      
   15664     |      85.13       |      25.69      
   15665     |      75.65       |      15.35      
   15666     |      77.21       |      14.33      
   15670     |      80.96       |       9.92      
   15671     |      85.83       |      23.85      
   15715     |      89.42       |      15.84      
   15716     |      85.42       |       5.26      
   15719     |      83.93       |       7.42      
   15720     |      83.31       |      18.05      
   15721     |      81.48       |       9.14      
   15722     |      84.00       |       8.51      
   15723     |      80.51       |      28.19      
   15724     |      75.53       |      22.76      
   15729     |      75.09       |      15.57      
   15730     |      85.07       |      16.94      
   15775     |      89.29       |      15.89      
   15776     |      79.74       |      14.84      
   15777     |      74.33       |      16.26      
   15778     |      77.48       |      13.47      
   15779     |      88.43       |       3.46      
   15782     |      81.69       |      10.48      
   15783     |      87.82       |      18.45      
   15784     |      79.73       |      12.46      
   15785     |      89.77       |       9.58      
   15786     |      70.14       |      23.78      
   15787     |      68.46       |      25.36      
   15788     |      77.32       |      13.32      
   15789     |      82.11       |      26.61      
   15791     |      89.84       |      11.26      
   15795     |      80.33       |      11.37      
   15796     |      80.46       |      12.51      
   15797     |      72.62       |      18.87      
   15798     |      73.04       |      18.43      
   15799     |      74.16       |      18.97      
   15800     |      86.56       |       4.62      
   15801     |      89.76       |       9.58      
   15836     |      72.36       |      24.46      
   15837     |      75.24       |      26.11      
   15840     |      88.69       |      12.47      
   15841     |      89.53       |       6.18      
   15842     |      83.45       |      12.63      
   15844     |      85.67       |       6.86      
   15846     |      79.69       |      11.84      
   15847     |      81.32       |      24.10      
   15848     |      78.02       |      12.75      
   15849     |      77.89       |      12.96      
   15850     |      84.26       |       8.01      
   15851     |      86.40       |       9.91      
   15852     |      68.38       |      22.94      
   15853     |      71.13       |      19.58      
   15854     |      87.43       |      10.02      
   15855     |      87.20       |      18.52      
   15893     |      70.45       |      31.03      
   15894     |      83.37       |      26.52      
   15895     |      84.13       |       6.57      
   15896     |      77.22       |      17.87      
   15897     |      73.56       |      19.57      
   15898     |      75.39       |      15.58      
   15902     |      86.88       |       4.36      
   15903     |      82.60       |       9.05      
   15904     |      80.29       |      10.38      
   15907     |      72.21       |      19.14      
   15908     |      76.78       |      25.58      
   15909     |      76.93       |      18.88      
   15910     |      73.98       |      16.94      
   15911     |      74.74       |      16.07      
   15912     |      74.41       |      16.33      
   15913     |      75.03       |      15.75      
   15914     |      73.50       |      17.44      
   15915     |      82.72       |      20.71      
   15970     |      78.86       |      25.62      
   15971     |      83.06       |      26.87      
   15972     |      78.05       |      16.05      
   15973     |      74.38       |      16.68      
   15974     |      75.59       |      26.20      
   15975     |      84.46       |      22.01      
   15976     |      81.68       |      14.77      
   15977     |      80.00       |      10.75      
   15978     |      78.63       |      12.06      
   15979     |      77.70       |      13.07      
   15980     |      75.10       |      25.15      
   15981     |      74.38       |      23.74      
   15982     |      84.68       |      14.48      
   15983     |      89.40       |       1.99      
   15984     |      80.15       |      10.87      
   15985     |      76.56       |      15.03      
   15986     |      76.86       |      23.88      
   15987     |      76.67       |      16.33      
   15988     |      77.29       |      15.51      
   15989     |      70.01       |      29.14      
   15990     |      69.12       |      32.17      
   16026     |      73.66       |      29.84      
   16027     |      70.53       |      28.45      
   16028     |      75.86       |      14.93      
   16029     |      76.23       |      26.40      
   16030     |      81.94       |      10.51      
   16031     |      84.81       |      12.31      
   16032     |      86.80       |      30.24      
   16033     |      86.45       |       9.21      
   16036     |      76.88       |      13.88      
   16037     |      78.86       |      21.75      
   16038     |      78.64       |      14.38      
   16039     |      79.96       |      12.66      
   16040     |      78.78       |      15.80      
   16041     |      73.88       |      16.89      
   16042     |      74.04       |      16.95      
   16043     |      76.90       |      18.47      
   16044     |      76.38       |      24.48      
   16045     |      80.04       |      28.09      
   16046     |      77.55       |      17.87      
   16047     |      78.90       |      14.42      
   16048     |      76.70       |      14.66      
   16049     |      64.71       |      26.41      
   16050     |      66.45       |      32.43      
   16051     |      67.34       |      30.60      
   16052     |      76.10       |      16.00      
   16053     |      73.67       |      17.19      
   16054     |      76.29       |      14.77      
   16055     |      76.29       |      14.53      
   16056     |      73.94       |      16.89      
   16057     |      67.15       |      26.78      
   16058     |      68.75       |      31.98      
   16099     |      81.15       |      10.17      
   16100     |      81.11       |      10.14      
   16101     |      80.66       |      17.59      
   16102     |      85.39       |      12.37      
   16103     |      81.42       |      12.21      
   16104     |      82.52       |       9.07      
   16105     |      74.20       |      19.95      
   16106     |      74.10       |      18.01      
   16107     |      77.17       |      14.28      
   16108     |      77.18       |      14.22      
   16109     |      75.86       |      15.15      
   16152     |      86.58       |      21.45      
   16153     |      77.70       |      17.65      
   16154     |      76.57       |      20.54      
   16155     |      85.86       |      30.56      
   16156     |      76.99       |      23.99      
   16157     |      72.00       |      22.87      
   16158     |      76.69       |      16.42      
   16159     |      75.69       |      20.63      
   16160     |      83.42       |      10.99      
   16161     |      80.83       |      11.46      
   16162     |      70.38       |      20.48      
   16163     |      76.38       |      15.36      
   16164     |      79.44       |      19.37      
   16165     |      83.79       |       7.28      
   16166     |      58.85       |      34.18      
   16167     |      59.05       |      34.71      
   16168     |      63.37       |      33.90      
   16169     |      64.35       |      26.55      
   16170     |      65.51       |      25.55      
   16171     |      65.31       |      26.94      
   16172     |      61.09       |      29.85      
   16173     |      80.04       |      10.83      
   16174     |      81.67       |       9.67      
   16175     |      80.83       |      10.28      
   16176     |      80.68       |      10.50      
   16177     |      80.00       |      18.17      
   16212     |      75.26       |      28.92      
   16213     |      77.50       |      22.36      
   16214     |      78.81       |      12.54      
   16215     |      81.47       |      17.65      
   16218     |      77.98       |      26.79      
   16219     |      70.15       |      21.14      
   16220     |      66.09       |      27.88      
   16221     |      69.80       |      21.38      
   16222     |      72.07       |      18.77      
   16223     |      65.75       |      25.35      
   16224     |      71.07       |      21.86      
   16225     |      64.31       |      26.62      
   16226     |      63.80       |      28.24      
   16227     |      67.23       |      24.34      
   16228     |      67.79       |      25.47      
   16229     |      86.26       |       6.09      
   16230     |      87.61       |       6.54      
   16231     |      87.11       |       6.45      
   16232     |      71.03       |      19.91      
   16233     |      70.92       |      32.16      
   16234     |      71.19       |      30.66      
   16235     |      73.63       |      26.02      
   16273     |      76.45       |      19.85      
   16274     |      82.58       |      17.35      
   16275     |      77.23       |      13.80      
   16276     |      77.76       |      24.31      
   16277     |      84.06       |      12.83      
   16278     |      82.28       |      11.53      
   16279     |      69.44       |      22.95      
   16280     |      67.03       |      23.96      
   16281     |      68.80       |      22.02      
   16282     |      81.08       |      20.48      
   16283     |      68.21       |      23.65      
   16284     |      75.68       |      15.86      
   16285     |      68.91       |      22.14      
   16286     |      68.98       |      24.48      
   16287     |      76.77       |      18.47      
   16288     |      78.04       |      13.13      
   16289     |      77.73       |      13.80      
   16290     |      77.00       |      18.58      
   16291     |      80.45       |      11.87      
   16292     |      80.49       |      18.97      
   16293     |      81.94       |      22.49      
   16294     |      79.52       |      18.58      
   16295     |      72.13       |      18.95      
   16296     |      64.84       |      26.56      
   16297     |      64.89       |      31.56      
   16298     |      62.45       |      34.94      
   16299     |      64.05       |      34.68      
   16300     |      68.68       |      26.71      
   16301     |      63.81       |      31.88      
   16335     |      73.23       |      23.97      
   16336     |      73.33       |      24.61      
   16337     |      79.00       |      11.84      
   16338     |      69.43       |      21.40      
   16339     |      79.30       |      19.77      
   16340     |      77.18       |      22.57      
   16341     |      72.35       |      24.73      
   16342     |      72.36       |      19.59      
   16343     |      78.66       |      12.48      
   16344     |      78.82       |      12.06      
   16345     |      73.52       |      18.14      
   16346     |      62.13       |      28.88      
   16347     |      70.15       |      24.58      
   16348     |      73.44       |      18.53      
   16349     |      74.35       |      16.81      
   16350     |      74.18       |      16.78      
   16351     |      79.38       |      14.60      
   16352     |      71.99       |      20.93      
   16353     |      71.80       |      21.21      
   16354     |      72.00       |      28.03      
   16355     |      63.75       |      31.91      
   16385     |      78.10       |      12.74      
   16386     |      87.28       |      18.38      
   16387     |      79.15       |      18.69      
   16388     |      76.94       |      16.52      
   16389     |      71.45       |      20.58      
   16390     |      76.17       |      14.72      
   16391     |      71.73       |      25.69      
   16392     |      67.55       |      23.93      
   16393     |      66.91       |      24.73      
   16394     |      75.10       |      23.37      
   16395     |      59.97       |      32.71      
   16396     |      68.58       |      22.89      
   16397     |      69.94       |      21.26      
   16398     |      65.20       |      27.51      
   16399     |      66.01       |      27.38      
   16400     |      81.44       |      12.83      
   16401     |      83.96       |       7.20      
   16402     |      77.94       |      20.84      
   16403     |      78.84       |      14.29      
   16404     |      80.68       |      17.72      
   16405     |      79.00       |      21.21      
   16406     |      76.62       |      31.09      
   16407     |      64.32       |      37.35      
   16434     |      76.52       |      28.39      
   16435     |      76.96       |      23.14      
   16436     |      73.78       |      22.32      
   16437     |      74.18       |      16.97      
   16438     |      77.82       |      20.05      
   16439     |      70.83       |      20.68      
   16440     |      78.88       |      15.87      
   16441     |      76.62       |      14.35      
   16442     |      63.53       |      27.41      
   16443     |      63.55       |      31.16      
   16444     |      75.70       |      15.34      
   16445     |      75.99       |      14.97      
   16446     |      70.02       |      21.11      
   16447     |      63.40       |      29.29      
   16448     |      70.41       |      29.33      
   16449     |      68.96       |      22.32      
   16450     |      76.89       |      23.94      
   16451     |      73.98       |      17.01      
   16452     |      77.76       |      13.46      
   16453     |      71.09       |      20.17      
   16504     |      76.21       |      15.47      
   16505     |      64.43       |      27.12      
   16506     |      64.42       |      27.05      
   16507     |      77.15       |      13.81      
   16508     |      75.95       |      19.28      
   16509     |      74.90       |      16.96      
   16510     |      69.61       |      21.52      
   16511     |      76.44       |      14.85      
   16559     |      68.43       |      25.05      
   16560     |      70.55       |      28.63      
   16561     |      67.35       |      29.01      
   16562     |      65.36       |      25.56      
   16563     |      70.19       |      21.80      
   16564     |      70.17       |      22.17      
   16565     |      75.20       |      16.57      
   16566     |      55.66       |      35.64      
   16567     |      64.67       |      27.45      
   16568     |      66.14       |      28.05      
   16569     |      64.12       |      29.06      
   16570     |      63.86       |      27.18      
   16571     |      67.65       |      24.89      
   16572     |      72.99       |      19.20      
   16623     |      69.31       |      32.44      
   16624     |      63.07       |      32.20      
   16625     |      63.33       |      30.06      
   16626     |      57.63       |      33.36      
   16627     |      56.40       |      40.53      
   16628     |      52.89       |      41.02      
   16629     |      76.06       |      19.28      
   16630     |      68.18       |      22.93      
   16631     |      69.65       |      22.74      
   16632     |      70.80       |      21.40      
   16683     |      68.26       |      23.02      
   16684     |      65.03       |      30.58      
   16685     |      70.41       |      25.61      
   16686     |      71.42       |      21.95      
   16687     |      72.72       |      27.22      
   16728     |      64.35       |      30.93      
   16729     |      63.67       |      28.01      
   16730     |      74.54       |      27.96      
   16731     |      74.23       |      17.98      
   16732     |      72.63       |      18.89      
   16733     |      75.17       |      24.76      
   16734     |      78.03       |      13.14      
   16797     |      61.62       |      31.84      
   16798     |      67.61       |      34.72      
   16799     |      62.15       |      33.84      
   16800     |      68.22       |      23.31      
   33578     |      72.32       |      21.12      
   33579     |      72.92       |      21.48      
   33627     |      66.87       |      27.31      
   33686     |      64.69       |      31.70      
   33742     |      65.42       |      26.02      
