=== Visibility Analysis Summary ===
Total patches: 49152
Geometric visible: 2782 (5.7%)
Light illuminated: 1253 (45.0% of geometric)
Reflection conditions met: 2782 (100.0% of geometric)
Light unoccluded: 1253 (45.0% of geometric)
Final visible: 1253 (2.5% of total)
Visible area: 199.62 (2.5% of total area)

=== Detailed Visibility Information ===
Patch Index  | Incidence Angle  |  Viewing Angle  
-------------+------------------+-----------------
    3762     |      88.35       |      28.35      
    3763     |      88.25       |      20.53      
    3899     |      89.47       |      28.45      
    3900     |      89.66       |      33.78      
    4180     |      88.22       |      21.13      
    4181     |      88.56       |      20.76      
    4182     |      87.49       |      17.68      
    4183     |      89.04       |      15.10      
    4184     |      86.98       |      13.68      
    4257     |      87.10       |      21.59      
    4258     |      88.66       |      28.19      
    4260     |      83.10       |      14.46      
    4321     |      89.38       |      13.82      
    4322     |      83.42       |      14.15      
    4323     |      89.97       |      18.35      
    4324     |      84.37       |      19.68      
    4388     |      80.21       |      16.91      
    4389     |      86.55       |      12.70      
    4390     |      88.91       |      20.74      
    4391     |      89.40       |      15.95      
    4392     |      80.34       |      15.08      
    4448     |      84.61       |      34.38      
    4449     |      84.75       |      14.32      
    4450     |      82.09       |      12.89      
    4451     |      82.10       |      13.42      
    4452     |      86.47       |      12.58      
    4519     |      87.27       |      35.78      
    4520     |      82.31       |      20.15      
    4521     |      87.44       |      19.96      
    4522     |      84.99       |      12.96      
    4524     |      87.71       |      18.57      
    4525     |      87.26       |      20.94      
    4526     |      78.25       |      26.61      
    4527     |      85.14       |      24.04      
    4528     |      88.94       |      15.57      
    4529     |      85.65       |      10.23      
    4593     |      81.01       |      26.21      
    4598     |      89.50       |      23.35      
    4601     |      87.30       |      23.79      
    4602     |      85.82       |      10.26      
    4666     |      80.08       |      19.61      
    4667     |      79.74       |      22.53      
    4668     |      88.64       |      34.58      
    4672     |      81.00       |      21.35      
    4673     |      78.98       |      19.10      
    4676     |      89.39       |      17.72      
    4677     |      89.02       |      16.98      
    4679     |      88.84       |      25.25      
    4739     |      88.08       |      20.79      
    4740     |      73.86       |      26.95      
    4741     |      88.05       |      27.05      
    4742     |      84.56       |      35.77      
    4743     |      84.12       |      23.52      
    4744     |      84.99       |       8.62      
    4745     |      89.38       |      31.85      
    4748     |      86.62       |      25.98      
    4749     |      86.14       |      10.07      
    4802     |      86.19       |      19.48      
    4803     |      80.95       |      33.49      
    4804     |      82.42       |       9.36      
    4805     |      82.93       |       8.50      
    4806     |      83.48       |      17.83      
    4807     |      88.61       |      21.05      
    4808     |      86.45       |       4.38      
    4809     |      88.75       |      12.19      
    4881     |      82.25       |      29.06      
    4882     |      80.53       |      23.89      
    4883     |      78.63       |      32.97      
    4884     |      70.19       |      20.56      
    4885     |      87.84       |      13.67      
    4886     |      81.74       |      24.09      
    4887     |      80.68       |      16.74      
    4888     |      84.40       |       6.74      
    4961     |      85.13       |      13.27      
    4962     |      85.06       |      14.90      
    5097     |      84.75       |      21.18      
    5102     |      88.81       |      12.74      
    5103     |      89.04       |      17.35      
    5104     |      86.24       |      12.12      
    5105     |      85.90       |      20.66      
    5106     |      81.23       |      16.11      
    5107     |      84.14       |       7.78      
    5108     |      80.20       |      10.05      
    5109     |      81.03       |      14.04      
    5167     |      88.85       |      23.52      
    5173     |      86.14       |      15.55      
    5174     |      87.84       |      21.51      
    5242     |      81.66       |      21.52      
    5243     |      78.35       |      20.59      
    5244     |      79.77       |      27.51      
    5245     |      85.91       |      23.94      
    5246     |      89.37       |       5.89      
    5247     |      84.39       |      13.85      
    5248     |      85.27       |       5.46      
    5249     |      84.40       |       6.38      
    5250     |      78.99       |      11.62      
    5251     |      76.74       |      17.31      
    5252     |      88.77       |      12.65      
    5253     |      83.17       |       7.07      
    5254     |      83.91       |      10.89      
    5316     |      87.00       |      17.24      
    5317     |      83.18       |      33.37      
    5318     |      70.14       |      24.11      
    5319     |      71.61       |      32.04      
    5320     |      72.93       |      29.90      
    5321     |      79.53       |      27.84      
    5323     |      88.65       |       1.63      
    5324     |      79.41       |      13.68      
    5325     |      73.13       |      18.94      
    5384     |      83.38       |      13.09      
    5385     |      73.94       |      25.69      
    5386     |      81.60       |       8.73      
    5387     |      83.01       |       8.38      
    5388     |      78.73       |      18.04      
    5390     |      85.97       |      14.33      
    5391     |      86.73       |       9.58      
    5392     |      85.98       |      10.54      
    5456     |      74.34       |      17.84      
    5457     |      72.73       |      20.82      
    5458     |      71.56       |      21.90      
    5459     |      70.80       |      28.19      
    5460     |      74.40       |      20.41      
    5461     |      76.50       |      13.86      
    5462     |      89.48       |       6.00      
    5463     |      88.65       |       9.27      
    5464     |      82.67       |      31.09      
    5465     |      84.03       |      30.92      
    5466     |      87.59       |      13.04      
    5517     |      64.28       |      28.08      
    5518     |      61.41       |      32.06      
    5519     |      73.57       |      31.79      
    5520     |      72.76       |      32.21      
    5521     |      77.06       |      23.49      
    5522     |      75.14       |      23.20      
    5523     |      81.09       |       9.96      
    5524     |      83.37       |      10.67      
    5525     |      79.19       |      12.53      
    5526     |      87.73       |       2.53      
    5528     |      87.48       |      10.16      
    5586     |      65.87       |      26.68      
    5587     |      77.08       |      21.34      
    5588     |      74.70       |      32.13      
    5589     |      85.69       |      17.32      
    5590     |      88.07       |      11.47      
    5594     |      72.65       |      22.65      
    5595     |      80.86       |      10.99      
    5596     |      83.42       |      12.65      
    5597     |      86.20       |       5.61      
    5598     |      79.77       |      14.28      
    5657     |      70.00       |      24.95      
    5658     |      70.11       |      28.81      
    5659     |      75.15       |      23.35      
    5660     |      75.64       |      22.47      
    5661     |      76.12       |      36.58      
    5662     |      86.43       |      18.70      
    5663     |      86.94       |      12.02      
    5664     |      87.50       |      12.96      
    5665     |      85.72       |      16.86      
    5666     |      85.50       |      16.96      
    5667     |      83.25       |       7.88      
    5668     |      75.22       |      16.76      
    5669     |      67.76       |      23.71      
    5670     |      68.12       |      22.57      
    5732     |      78.75       |      12.50      
    5733     |      81.35       |       9.14      
    5734     |      81.59       |      13.50      
    5735     |      79.64       |      27.73      
    5736     |      79.72       |      10.85      
    5737     |      60.73       |      29.80      
    5738     |      60.50       |      30.24      
    5739     |      70.75       |      20.39      
    5804     |      87.81       |      15.77      
    5805     |      88.07       |      19.00      
    5806     |      79.69       |      24.29      
    5807     |      83.33       |      31.55      
    5809     |      83.67       |      37.80      
    5810     |      80.58       |      22.89      
    5811     |      85.43       |      11.23      
    5812     |      77.51       |      15.46      
    5813     |      72.77       |      17.63      
    5866     |      60.82       |      45.59      
    5867     |      75.07       |      15.73      
    5868     |      79.36       |      23.11      
    5871     |      79.42       |      21.70      
    5872     |      75.48       |      18.57      
    5873     |      77.48       |      13.43      
    5874     |      72.41       |      19.82      
    5875     |      70.10       |      23.20      
    5936     |      55.61       |      46.58      
    5937     |      71.05       |      26.33      
    5938     |      80.49       |      36.37      
    5939     |      83.90       |      26.59      
    5941     |      84.68       |      20.02      
    5942     |      82.73       |      25.04      
    5943     |      80.75       |      16.68      
    5944     |      82.03       |      14.21      
    5945     |      79.15       |      13.55      
    6004     |      77.39       |      35.18      
    6005     |      79.12       |      27.87      
    6006     |      75.66       |      21.11      
    6007     |      80.13       |      13.23      
    6008     |      80.98       |      14.19      
    6059     |      81.00       |      36.39      
    6060     |      81.05       |      35.86      
    6061     |      81.33       |      25.52      
    6062     |      75.95       |      25.76      
    6063     |      76.41       |      23.78      
    6064     |      79.52       |      20.55      
    6065     |      80.57       |      14.44      
    6066     |      75.84       |      18.79      
    6067     |      75.89       |      17.97      
    6068     |      76.85       |      16.52      
    6069     |      76.35       |      16.08      
    6070     |      73.23       |      20.35      
    6071     |      80.74       |      12.91      
    6072     |      75.76       |      21.03      
    6073     |      79.21       |      11.31      
    6074     |      82.98       |       8.71      
    6142     |      72.17       |      28.60      
    6143     |      72.47       |      29.47      
    6144     |      71.47       |      27.75      
    6145     |      70.50       |      20.64      
    6146     |      70.32       |      23.39      
    6147     |      82.83       |      14.38      
    6148     |      75.40       |      16.11      
    6149     |      86.24       |       4.49      
    6150     |      85.75       |       5.15      
    6151     |      85.48       |       6.03      
    6152     |      85.17       |       6.33      
    6200     |      83.87       |      37.73      
    6201     |      85.61       |      33.09      
    6202     |      69.39       |      29.95      
    6203     |      69.35       |      30.27      
    6204     |      69.69       |      23.02      
    6205     |      69.30       |      23.54      
    6206     |      62.21       |      30.83      
    6207     |      82.48       |      12.74      
    6208     |      80.39       |      15.22      
    6209     |      80.67       |      12.72      
    6210     |      81.46       |      11.47      
    6278     |      78.38       |      27.65      
    6279     |      70.40       |      29.57      
    6280     |      71.81       |      26.57      
    6281     |      84.76       |      11.94      
    6282     |      81.16       |      10.20      
    6340     |      82.29       |      30.24      
    6341     |      79.18       |      26.68      
    6342     |      72.84       |      24.67      
    6343     |      66.40       |      32.64      
    6344     |      73.71       |      31.54      
    6345     |      80.01       |      14.13      
    6346     |      81.25       |      12.39      
    6347     |      72.79       |      23.78      
    6348     |      68.97       |      25.47      
    6349     |      87.41       |       5.51      
    6404     |      70.93       |      27.04      
    6405     |      70.98       |      26.87      
    6406     |      76.42       |      21.39      
    6407     |      76.26       |      21.71      
    6408     |      67.07       |      35.17      
    6409     |      81.43       |      11.30      
    6410     |      74.27       |      20.83      
    6411     |      71.59       |      24.79      
    6412     |      84.90       |      11.95      
    6413     |      86.96       |       8.54      
    6414     |      86.41       |       5.39      
    6415     |      84.87       |       7.15      
    6416     |      82.34       |       9.39      
    6417     |      83.31       |       8.25      
    6470     |      75.42       |      19.85      
    6471     |      68.90       |      28.01      
    6472     |      61.77       |      36.23      
    6473     |      63.43       |      31.54      
    6474     |      74.30       |      19.28      
    6475     |      73.73       |      26.99      
    6476     |      76.77       |      22.09      
    6477     |      77.97       |      22.87      
    6478     |      79.98       |      15.89      
    6480     |      79.11       |      11.66      
    6545     |      66.04       |      39.95      
    6546     |      63.06       |      46.21      
    6547     |      65.87       |      31.73      
    6548     |      70.00       |      26.83      
    6549     |      74.65       |      20.58      
    6550     |      66.06       |      33.45      
    6551     |      67.68       |      31.18      
    6552     |      59.92       |      32.36      
    6553     |      68.67       |      22.18      
    6554     |      69.35       |      24.30      
    6555     |      66.84       |      32.13      
    6556     |      76.46       |      26.80      
    6557     |      76.16       |      14.96      
    6558     |      68.85       |      26.80      
    6559     |      79.51       |      16.01      
    6560     |      80.87       |      22.09      
    6617     |      70.58       |      26.37      
    6618     |      66.72       |      28.40      
    6619     |      69.99       |      23.81      
    6620     |      68.55       |      23.42      
    6621     |      66.57       |      25.94      
    6622     |      67.14       |      31.59      
    6623     |      66.66       |      32.15      
    6624     |      69.47       |      27.56      
    6625     |      69.58       |      27.24      
    6626     |      76.89       |      19.46      
    6666     |      76.59       |      23.96      
    6667     |      72.72       |      21.71      
    6668     |      66.30       |      26.71      
    6669     |      66.53       |      25.58      
    6670     |      61.98       |      32.10      
    6671     |      57.91       |      32.78      
    6672     |      65.42       |      27.90      
    6673     |      77.24       |      18.98      
    6722     |      52.28       |      48.05      
    6723     |      52.42       |      51.69      
    6724     |      53.95       |      49.09      
    6725     |      53.64       |      48.31      
    6726     |      69.92       |      32.22      
    6727     |      69.75       |      27.75      
    6728     |      72.34       |      30.68      
    6729     |      73.18       |      21.03      
    6730     |      73.12       |      21.23      
    6731     |      77.80       |      25.72      
    6732     |      77.30       |      26.81      
    6733     |      78.08       |      15.73      
    6788     |      69.29       |      28.96      
    6789     |      66.57       |      31.84      
    6790     |      66.48       |      41.89      
    6791     |      56.59       |      50.17      
    6792     |      59.55       |      44.00      
    6793     |      55.99       |      47.10      
    6794     |      64.48       |      32.03      
    6795     |      61.05       |      35.55      
    6796     |      62.92       |      31.63      
    6797     |      78.12       |      30.15      
    6798     |      81.73       |      22.27      
    6799     |      77.69       |      22.88      
    6800     |      78.52       |      21.35      
    6801     |      79.09       |      16.93      
    6802     |      84.20       |       8.53      
    6803     |      80.10       |      16.04      
    6804     |      69.55       |      32.70      
    6805     |      69.58       |      27.12      
    6806     |      72.07       |      27.95      
    6807     |      73.58       |      21.92      
    6808     |      69.07       |      27.85      
    6809     |      69.28       |      23.17      
    6810     |      65.13       |      25.71      
    6811     |      74.55       |      16.27      
    6812     |      72.91       |      24.15      
    6861     |      63.56       |      43.39      
    6862     |      64.34       |      41.40      
    6863     |      84.24       |       8.44      
    6864     |      75.98       |      18.98      
    6865     |      77.81       |      14.49      
    6866     |      68.53       |      27.45      
    6867     |      70.09       |      35.14      
    6868     |      74.64       |      25.97      
    6869     |      62.64       |      28.36      
    6870     |      65.00       |      25.94      
    6871     |      65.44       |      25.52      
    6922     |      50.74       |      44.30      
    6923     |      71.20       |      36.72      
    6924     |      63.53       |      41.42      
    6925     |      73.89       |      26.19      
    6926     |      68.63       |      35.43      
    6927     |      68.32       |      35.98      
    6928     |      64.03       |      33.11      
    6929     |      74.38       |      21.41      
    6930     |      72.69       |      27.07      
    6931     |      69.83       |      21.47      
    6932     |      69.02       |      23.55      
    6933     |      70.31       |      21.83      
    6934     |      75.39       |      23.75      
    6935     |      74.73       |      24.71      
    6983     |      63.76       |      40.11      
    6984     |      64.03       |      38.92      
    6985     |      56.60       |      45.53      
    6986     |      72.43       |      25.23      
    6987     |      66.32       |      36.96      
    6988     |      68.58       |      27.28      
    6989     |      69.36       |      21.99      
    6990     |      82.29       |      24.22      
    6991     |      74.06       |      18.58      
    6992     |      74.84       |      17.14      
    6993     |      72.39       |      18.76      
    6994     |      71.55       |      20.57      
    6995     |      73.84       |      24.43      
    7061     |      52.45       |      46.70      
    7062     |      57.38       |      36.95      
    7063     |      58.82       |      38.24      
    7064     |      60.21       |      35.35      
    7065     |      79.26       |      18.99      
    7066     |      72.36       |      28.40      
    7067     |      75.11       |      22.89      
    7068     |      86.96       |      27.06      
    7120     |      60.20       |      37.52      
    7121     |      61.80       |      34.66      
    7122     |      76.62       |      18.04      
    7123     |      75.93       |      18.63      
    7124     |      73.11       |      23.42      
    7125     |      64.90       |      26.01      
    7126     |      63.86       |      27.20      
    7174     |      61.81       |      34.31      
    7175     |      66.98       |      25.50      
    7176     |      66.90       |      24.35      
    7177     |      61.89       |      29.22      
    7178     |      65.79       |      27.32      
    7179     |      71.88       |      22.47      
    7180     |      71.44       |      23.29      
    7181     |      77.14       |      33.40      
    7182     |      78.06       |      31.82      
    7237     |      65.63       |      37.96      
    7238     |      65.15       |      35.54      
    7239     |      57.63       |      33.44      
    7240     |      58.73       |      33.14      
    7241     |      63.30       |      27.66      
    7296     |      61.54       |      31.60      
    7297     |      64.13       |      26.86      
    7298     |      66.31       |      26.66      
    7346     |      70.08       |      22.39      
    7347     |      69.03       |      24.96      
    7348     |      74.88       |      25.72      
    7349     |      73.97       |      33.93      
    7433     |      73.89       |      19.15      
    7434     |      72.52       |      25.10      
    7435     |      69.63       |      31.50      
    7436     |      74.46       |      34.32      
    7437     |      75.62       |      42.21      
    7493     |      67.28       |      29.42      
    7494     |      73.42       |      36.26      
    7495     |      76.00       |      34.30      
    7562     |      68.39       |      36.67      
    7563     |      68.31       |      35.29      
   11016     |      89.60       |       9.52      
   11090     |      86.35       |       7.04      
   11091     |      86.80       |       8.73      
   11159     |      87.25       |       9.45      
   11160     |      84.60       |       6.29      
   11165     |      88.27       |       2.81      
   11315     |      87.76       |      19.12      
   11316     |      87.53       |      21.55      
   12034     |      88.98       |       4.76      
   12040     |      87.33       |      11.07      
   12184     |      89.84       |       5.48      
   12257     |      89.24       |      24.23      
   12319     |      89.19       |       3.65      
   12320     |      89.73       |       0.62      
   12400     |      84.61       |      10.98      
   12476     |      88.62       |       8.74      
   12560     |      84.75       |       8.87      
   12564     |      88.86       |      16.02      
   12626     |      84.99       |      11.70      
   12627     |      88.89       |      17.75      
   12628     |      85.67       |      24.32      
   12629     |      85.20       |      21.02      
   12688     |      85.22       |      14.75      
   12689     |      83.88       |      13.24      
   12690     |      82.04       |       8.25      
   12698     |      80.20       |      19.22      
   12699     |      82.60       |      12.97      
   12700     |      88.81       |      15.86      
   12760     |      84.15       |       5.71      
   12766     |      87.98       |      15.34      
   12767     |      88.06       |      15.01      
   12772     |      83.45       |       6.63      
   12773     |      84.24       |       8.22      
   12818     |      89.21       |       2.90      
   12888     |      82.13       |       9.28      
   12892     |      89.17       |      10.39      
   12893     |      89.22       |       1.32      
   12894     |      86.20       |       5.81      
   12895     |      86.96       |       5.85      
   12896     |      86.13       |       8.18      
   12902     |      83.59       |       9.53      
   12903     |      83.68       |       9.50      
   12964     |      72.49       |      17.56      
   12965     |      79.44       |      10.73      
   12967     |      89.15       |      12.30      
   12976     |      89.51       |      12.84      
   12977     |      88.01       |       4.17      
   13048     |      75.46       |      18.83      
   13049     |      75.77       |      18.83      
   13050     |      76.39       |      13.98      
   13051     |      80.68       |       9.24      
   13052     |      84.34       |      15.16      
   13112     |      88.21       |       7.29      
   13113     |      80.22       |       9.72      
   13114     |      79.41       |      11.10      
   13115     |      82.97       |      10.31      
   13127     |      88.79       |       5.12      
   13128     |      89.17       |       9.68      
   13129     |      87.71       |       8.10      
   13130     |      86.56       |      15.19      
   13131     |      80.91       |      19.57      
   13132     |      78.48       |      17.05      
   13133     |      85.51       |       4.45      
   13143     |      88.74       |      19.84      
   13193     |      87.08       |       8.55      
   13194     |      82.23       |      11.17      
   13195     |      81.53       |       8.45      
   13196     |      89.01       |      14.08      
   13204     |      82.53       |      12.88      
   13206     |      88.17       |      25.03      
   13207     |      86.86       |      14.27      
   13208     |      87.15       |      12.69      
   13212     |      88.54       |      20.09      
   13213     |      89.84       |      32.18      
   13262     |      85.29       |       7.03      
   13263     |      86.82       |      13.09      
   13272     |      83.91       |      11.97      
   13273     |      84.27       |       5.85      
   13326     |      87.94       |       2.26      
   13329     |      82.69       |       7.35      
   13330     |      82.93       |      10.40      
   13331     |      84.88       |      12.40      
   13332     |      82.23       |      24.31      
   13333     |      79.53       |      20.76      
   13334     |      82.60       |       8.62      
   13335     |      79.48       |      10.95      
   13336     |      80.13       |       9.99      
   13347     |      89.64       |       7.09      
   13348     |      89.54       |       6.49      
   13349     |      89.23       |       7.55      
   13395     |      87.03       |       4.52      
   13396     |      86.27       |       4.16      
   13397     |      88.69       |      12.30      
   13398     |      85.61       |      21.52      
   13399     |      87.34       |      11.98      
   13402     |      80.34       |       9.85      
   13403     |      83.14       |       6.90      
   13404     |      87.41       |       3.37      
   13405     |      87.20       |       4.14      
   13412     |      89.88       |       6.16      
   13415     |      85.71       |      15.93      
   13416     |      84.98       |      29.51      
   13457     |      88.18       |       1.94      
   13458     |      86.80       |       3.58      
   13520     |      84.60       |       6.51      
   13521     |      87.73       |       2.95      
   13522     |      88.70       |       1.61      
   13525     |      88.87       |      20.62      
   13527     |      76.89       |      13.74      
   13528     |      80.19       |      13.49      
   13529     |      84.93       |       6.75      
   13530     |      77.81       |      14.79      
   13531     |      81.00       |       9.93      
   13532     |      81.24       |      17.10      
   13533     |      87.06       |       4.85      
   13537     |      89.69       |      21.56      
   13538     |      88.43       |      24.07      
   13539     |      80.85       |       9.35      
   13540     |      78.50       |      15.14      
   13576     |      85.75       |       8.62      
   13578     |      88.87       |      20.58      
   13579     |      80.96       |      10.54      
   13580     |      85.06       |       8.74      
   13581     |      78.87       |      14.39      
   13582     |      77.79       |      14.16      
   13583     |      82.79       |      17.10      
   13584     |      80.00       |      15.19      
   13589     |      84.93       |       5.74      
   13591     |      83.59       |      19.66      
   13592     |      83.50       |      21.50      
   13642     |      80.48       |      14.07      
   13646     |      78.46       |      23.83      
   13647     |      76.95       |      23.35      
   13648     |      76.55       |      16.14      
   13651     |      88.43       |       8.99      
   13652     |      85.90       |       8.54      
   13654     |      82.09       |      10.95      
   13655     |      83.84       |      10.75      
   13658     |      87.81       |      12.07      
   13659     |      88.17       |      13.28      
   13660     |      85.68       |      21.57      
   13661     |      81.50       |      12.23      
   13664     |      89.80       |      23.28      
   13665     |      88.91       |      19.73      
   13724     |      80.36       |       9.97      
   13725     |      83.70       |       9.11      
   13726     |      88.64       |      11.01      
   13728     |      88.88       |       8.28      
   13729     |      85.38       |       8.89      
   13730     |      85.58       |      13.95      
   13731     |      81.02       |      15.33      
   13735     |      87.33       |       4.96      
   13736     |      87.21       |       6.56      
   13737     |      86.38       |       5.67      
   13738     |      84.55       |      13.31      
   13739     |      83.15       |      11.68      
   13740     |      88.70       |      10.65      
   13779     |      86.35       |      10.78      
   13783     |      88.11       |      18.75      
   13784     |      88.65       |      21.14      
   13793     |      89.80       |       1.69      
   13794     |      82.46       |      19.60      
   13795     |      83.94       |      10.87      
   13852     |      83.76       |       6.54      
   13862     |      89.42       |       4.57      
   13863     |      89.80       |       7.73      
   13866     |      80.33       |      10.21      
   13867     |      78.69       |      16.35      
   13868     |      72.63       |      17.68      
   13869     |      72.36       |      27.78      
   13870     |      75.80       |      24.19      
   13871     |      81.51       |       8.84      
   13872     |      83.44       |       7.68      
   13873     |      81.41       |      13.06      
   13874     |      82.39       |      10.33      
   13928     |      89.78       |       9.19      
   13929     |      89.31       |       3.96      
   13930     |      83.39       |      10.19      
   13931     |      83.28       |       8.74      
   13932     |      81.31       |       9.46      
   13933     |      69.24       |      28.98      
   13934     |      65.31       |      26.23      
   13935     |      83.47       |      18.71      
   13936     |      83.48       |      18.68      
   13937     |      80.36       |      21.88      
   13985     |      86.07       |       6.39      
   13988     |      85.69       |       7.04      
   13989     |      86.04       |       8.11      
   13990     |      82.94       |      17.00      
   13991     |      80.51       |      10.70      
   13992     |      84.86       |       7.44      
   13993     |      84.17       |       9.28      
   13994     |      81.48       |      10.00      
   13996     |      84.74       |      18.65      
   13997     |      76.10       |      19.20      
   13998     |      76.67       |      18.43      
   13999     |      77.70       |      23.77      
   14000     |      76.75       |      23.66      
   14001     |      82.67       |      16.09      
   14002     |      82.38       |      18.30      
   14003     |      81.25       |      15.63      
   14004     |      76.71       |      23.57      
   14050     |      85.56       |      10.46      
   14051     |      84.68       |      11.66      
   14052     |      84.87       |      10.56      
   14053     |      86.22       |      11.54      
   14056     |      88.76       |      17.75      
   14057     |      88.75       |      17.25      
   14058     |      80.72       |      11.17      
   14059     |      86.63       |       4.19      
   14062     |      87.31       |       7.09      
   14063     |      83.91       |       8.67      
   14064     |      84.24       |       7.45      
   14065     |      78.17       |      12.74      
   14066     |      84.29       |       7.97      
   14067     |      88.68       |       4.50      
   14068     |      85.67       |      13.83      
   14070     |      73.32       |      25.43      
   14071     |      82.65       |      26.63      
   14072     |      82.76       |      21.00      
   14073     |      86.37       |      16.77      
   14074     |      86.43       |       9.64      
   14075     |      84.14       |      15.11      
   14076     |      81.08       |      10.89      
   14077     |      78.53       |      11.89      
   14078     |      78.05       |      22.08      
   14079     |      78.42       |      23.27      
   14113     |      72.91       |      17.83      
   14114     |      78.52       |      21.42      
   14115     |      78.87       |      11.48      
   14116     |      79.50       |      17.45      
   14117     |      80.87       |      12.02      
   14118     |      81.02       |      12.31      
   14119     |      81.24       |      18.63      
   14120     |      82.11       |      18.93      
   14121     |      84.94       |      13.93      
   14122     |      71.23       |      19.31      
   14124     |      85.30       |       7.30      
   14125     |      85.27       |       7.43      
   14126     |      75.11       |      20.60      
   14127     |      83.21       |      13.96      
   14128     |      84.74       |       7.62      
   14129     |      81.08       |       9.28      
   14130     |      84.89       |       7.04      
   14131     |      86.03       |       8.38      
   14132     |      79.78       |      13.85      
   14133     |      79.31       |      11.26      
   14134     |      79.31       |      11.23      
   14135     |      79.53       |      16.20      
   14136     |      78.63       |      14.22      
   14137     |      78.87       |      20.71      
   14138     |      80.33       |      22.36      
   14181     |      89.86       |      20.63      
   14182     |      86.73       |       6.37      
   14183     |      87.26       |      10.83      
   14184     |      82.67       |      18.64      
   14185     |      86.75       |      16.25      
   14186     |      85.41       |      19.96      
   14187     |      79.02       |      12.28      
   14188     |      79.04       |      12.21      
   14189     |      73.99       |      16.58      
   14190     |      77.55       |      15.05      
   14193     |      88.09       |      13.88      
   14194     |      87.01       |       3.37      
   14195     |      87.99       |       8.42      
   14196     |      77.94       |      12.50      
   14197     |      77.97       |      12.44      
   14198     |      72.07       |      19.28      
   14199     |      71.23       |      19.25      
   14200     |      80.04       |      16.53      
   14201     |      79.89       |      27.26      
   14202     |      76.03       |      24.39      
   14203     |      75.80       |      26.62      
   14204     |      72.07       |      26.17      
   14205     |      70.94       |      22.79      
   14206     |      68.89       |      22.98      
   14207     |      67.56       |      22.87      
   14252     |      71.07       |      26.12      
   14253     |      78.45       |      12.23      
   14254     |      85.41       |      12.95      
   14255     |      87.02       |      21.89      
   14256     |      87.61       |      15.40      
   14257     |      84.36       |      14.31      
   14258     |      85.81       |      26.15      
   14259     |      86.97       |      14.54      
   14260     |      83.82       |      26.16      
   14261     |      73.79       |      16.96      
   14262     |      73.57       |      22.08      
   14263     |      70.75       |      21.37      
   14264     |      79.18       |      13.32      
   14265     |      73.98       |      16.69      
   14266     |      80.88       |      10.86      
   14267     |      77.68       |      14.97      
   14268     |      78.14       |      14.08      
   14269     |      82.85       |      15.27      
   14270     |      88.61       |       3.32      
   14271     |      88.59       |       3.81      
   14272     |      89.62       |       1.84      
   14273     |      88.06       |       7.64      
   14274     |      72.63       |      26.15      
   14275     |      72.91       |      25.31      
   14276     |      64.14       |      26.99      
   14277     |      63.71       |      26.94      
   14278     |      82.04       |      15.01      
   14314     |      74.74       |      16.55      
   14315     |      82.51       |      12.93      
   14316     |      82.11       |      20.05      
   14317     |      78.60       |      15.12      
   14318     |      79.53       |      11.83      
   14319     |      84.99       |      14.74      
   14320     |      86.46       |       4.02      
   14321     |      88.99       |       5.43      
   14322     |      86.38       |      13.01      
   14323     |      84.00       |      14.38      
   14324     |      85.00       |      15.08      
   14325     |      77.52       |      30.09      
   14326     |      73.11       |      23.41      
   14327     |      77.26       |      20.65      
   14328     |      77.84       |      21.55      
   14330     |      73.39       |      20.71      
   14331     |      75.71       |      18.04      
   14332     |      84.81       |       7.47      
   14333     |      89.29       |      14.12      
   14334     |      88.42       |      15.62      
   14335     |      77.35       |      13.46      
   14336     |      76.42       |      23.75      
   14337     |      69.52       |      21.73      
   14338     |      59.16       |      32.28      
   14339     |      68.99       |      21.48      
   14340     |      70.20       |      21.70      
   14378     |      76.93       |      27.83      
   14379     |      80.72       |      18.33      
   14380     |      77.60       |      24.55      
   14381     |      74.15       |      20.13      
   14382     |      86.47       |      22.34      
   14383     |      84.83       |      25.34      
   14384     |      84.31       |      17.08      
   14385     |      80.31       |      22.90      
   14387     |      84.72       |       7.74      
   14388     |      88.52       |      10.22      
   14389     |      87.81       |      12.41      
   14390     |      84.96       |       8.13      
   14442     |      81.32       |      22.19      
   14443     |      73.36       |      21.64      
   14444     |      70.64       |      19.98      
   14445     |      69.29       |      23.23      
   14446     |      71.16       |      19.57      
   14447     |      74.14       |      19.24      
   14448     |      85.21       |       5.37      
   14451     |      88.60       |      11.57      
   14452     |      87.17       |       7.92      
   14453     |      86.21       |      16.21      
   14454     |      81.19       |      22.38      
   14455     |      77.57       |      13.41      
   14458     |      74.98       |      16.34      
   14459     |      77.94       |      16.59      
   14460     |      72.00       |      25.65      
   14461     |      84.90       |      10.96      
   14462     |      83.14       |       8.32      
   14463     |      82.49       |      17.36      
   14464     |      70.72       |      20.24      
   14465     |      69.86       |      21.46      
   14466     |      61.01       |      31.12      
   14467     |      60.93       |      29.70      
   14468     |      61.69       |      29.55      
   14469     |      64.67       |      28.06      
   14470     |      66.19       |      24.41      
   14516     |      79.53       |      26.10      
   14517     |      80.33       |      27.02      
   14518     |      79.98       |      11.78      
   14519     |      78.69       |      12.05      
   14520     |      74.99       |      19.46      
   14521     |      80.47       |      23.50      
   14522     |      83.10       |      12.47      
   14523     |      72.68       |      24.28      
   14524     |      77.52       |      29.32      
   14525     |      76.26       |      25.20      
   14526     |      77.25       |      33.22      
   14530     |      83.33       |      17.18      
   14531     |      83.77       |      15.07      
   14532     |      87.49       |      17.81      
   14533     |      89.87       |      15.24      
   14535     |      77.46       |      13.54      
   14536     |      70.35       |      20.75      
   14537     |      70.05       |      20.80      
   14538     |      67.71       |      23.88      
   14539     |      67.57       |      24.34      
   14540     |      63.52       |      29.09      
   14582     |      71.04       |      25.75      
   14583     |      67.11       |      26.36      
   14584     |      71.28       |      19.60      
   14585     |      78.10       |      13.21      
   14586     |      83.76       |      27.71      
   14587     |      81.67       |      22.96      
   14588     |      83.11       |      10.46      
   14589     |      77.14       |      14.24      
   14590     |      67.90       |      28.17      
   14591     |      70.32       |      20.51      
   14592     |      75.19       |      18.57      
   14593     |      85.92       |       4.70      
   14594     |      85.74       |      14.77      
   14595     |      82.44       |      23.35      
   14596     |      87.64       |       7.43      
   14597     |      82.41       |      16.37      
   14598     |      79.55       |      13.58      
   14599     |      77.45       |      17.48      
   14600     |      76.73       |      17.56      
   14601     |      76.78       |      13.88      
   14604     |      88.74       |      17.46      
   14608     |      88.73       |      10.39      
   14609     |      70.84       |      20.00      
   14610     |      71.33       |      19.58      
   14611     |      71.39       |      22.52      
   14612     |      71.09       |      22.49      
   14659     |      72.03       |      26.50      
   14660     |      79.58       |      24.00      
   14661     |      74.15       |      24.61      
   14662     |      75.16       |      16.07      
   14663     |      84.00       |      16.12      
   14664     |      82.84       |      26.96      
   14665     |      85.48       |      16.60      
   14666     |      75.39       |      15.80      
   14667     |      83.47       |       8.18      
   14668     |      70.35       |      26.60      
   14669     |      60.06       |      32.56      
   14670     |      51.81       |      38.81      
   14671     |      56.69       |      36.28      
   14672     |      55.73       |      39.86      
   14673     |      69.49       |      22.28      
   14674     |      69.36       |      21.22      
   14675     |      75.57       |      18.02      
   14676     |      77.44       |      24.05      
   14677     |      76.68       |      14.23      
   14678     |      76.51       |      23.56      
   14679     |      78.97       |      14.70      
   14680     |      80.78       |      12.12      
   14681     |      75.70       |      15.33      
   14682     |      74.12       |      16.51      
   14683     |      74.60       |      16.05      
   14684     |      73.11       |      21.87      
   14685     |      73.41       |      20.21      
   14686     |      76.89       |      15.06      
   14739     |      77.70       |      28.94      
   14740     |      75.16       |      19.66      
   14741     |      78.05       |      12.50      
   14742     |      80.31       |      10.68      
   14743     |      86.59       |      19.14      
   14744     |      87.40       |      12.39      
   14745     |      79.06       |      11.53      
   14746     |      68.28       |      26.75      
   14747     |      67.62       |      23.39      
   14748     |      73.36       |      23.86      
   14749     |      69.89       |      21.48      
   14750     |      64.07       |      26.57      
   14751     |      69.46       |      24.28      
   14752     |      70.05       |      27.58      
   14753     |      85.81       |       4.85      
   14754     |      85.84       |       4.80      
   14755     |      88.37       |       3.33      
   14756     |      86.07       |       5.48      
   14757     |      78.30       |      23.80      
   14758     |      70.20       |      20.55      
   14759     |      85.11       |       9.21      
   14760     |      76.71       |      17.62      
   14761     |      77.58       |      14.63      
   14762     |      79.27       |      18.03      
   14763     |      78.36       |      13.78      
   14807     |      87.49       |      18.37      
   14808     |      76.13       |      18.53      
   14809     |      76.03       |      19.30      
   14810     |      79.01       |      19.22      
   14811     |      78.72       |      17.63      
   14812     |      76.54       |      22.32      
   14813     |      74.81       |      21.21      
   14814     |      67.40       |      28.70      
   14815     |      69.42       |      21.93      
   14816     |      70.94       |      21.37      
   14817     |      72.53       |      19.38      
   14818     |      77.13       |      13.59      
   14819     |      79.81       |      12.83      
   14820     |      77.69       |      29.88      
   14821     |      76.30       |      20.48      
   14822     |      85.41       |       6.26      
   14823     |      78.89       |      23.74      
   14824     |      69.43       |      21.53      
   14825     |      80.32       |      14.21      
   14826     |      78.92       |      12.65      
   14827     |      82.47       |       8.31      
   14828     |      79.19       |      19.10      
   14829     |      80.27       |      14.18      
   14830     |      79.68       |      11.98      
   14831     |      76.92       |      14.16      
   14884     |      85.15       |      10.04      
   14885     |      81.80       |      20.62      
   14886     |      81.48       |      20.02      
   14887     |      81.92       |       8.71      
   14888     |      81.16       |       9.46      
   14889     |      79.91       |      14.01      
   14890     |      71.79       |      18.87      
   14891     |      67.45       |      23.57      
   14892     |      66.74       |      24.29      
   14893     |      72.99       |      17.79      
   14894     |      84.16       |      12.68      
   14895     |      84.11       |       6.82      
   14896     |      83.84       |       6.93      
   14897     |      84.83       |      13.15      
   14898     |      87.67       |      17.28      
   14899     |      77.17       |      20.35      
   14900     |      77.45       |      14.79      
   14901     |      77.21       |      14.86      
   14902     |      80.73       |      10.02      
   14903     |      73.13       |      20.03      
   14904     |      88.34       |       6.37      
   14905     |      89.26       |      10.99      
   14906     |      84.80       |       9.61      
   14907     |      69.05       |      21.69      
   14908     |      69.04       |      21.70      
   14946     |      87.79       |       8.68      
   14947     |      85.31       |      12.23      
   14948     |      74.00       |      21.71      
   14949     |      73.66       |      23.27      
   14950     |      72.73       |      23.45      
   14951     |      73.31       |      18.86      
   14952     |      73.75       |      18.98      
   14953     |      73.17       |      22.16      
   14954     |      78.23       |      24.53      
   14955     |      74.92       |      23.68      
   14956     |      84.06       |       6.77      
   14957     |      85.67       |       8.90      
   14958     |      81.36       |       9.81      
   14959     |      81.84       |      17.93      
   14960     |      79.77       |      17.15      
   14961     |      74.88       |      17.42      
   14962     |      78.90       |      12.02      
   14963     |      72.02       |      20.10      
   14964     |      73.81       |      17.46      
   14965     |      70.02       |      20.82      
   15012     |      78.79       |      13.66      
   15013     |      83.64       |      14.11      
   15014     |      84.15       |      16.23      
   15015     |      88.22       |      19.61      
   15016     |      85.01       |      18.80      
   15017     |      83.30       |      18.55      
   15018     |      84.57       |      10.99      
   15019     |      79.32       |      12.33      
   15020     |      77.00       |      17.81      
   15021     |      67.93       |      25.71      
   15022     |      69.13       |      21.61      
   15023     |      85.22       |       6.27      
   15024     |      71.55       |      19.31      
   15025     |      68.22       |      22.81      
   15026     |      76.61       |      14.79      
   15027     |      78.06       |      14.98      
   15028     |      70.21       |      21.26      
   15029     |      74.47       |      19.76      
   15030     |      81.38       |      19.16      
   15031     |      81.06       |      18.46      
   15032     |      73.65       |      20.24      
   15033     |      70.24       |      21.78      
   15034     |      71.91       |      21.06      
   15035     |      72.12       |      20.81      
   15036     |      75.04       |      24.02      
   15037     |      73.88       |      26.62      
   15038     |      67.92       |      24.49      
   15079     |      83.65       |       7.08      
   15080     |      80.39       |      21.15      
   15081     |      71.95       |      19.90      
   15082     |      75.97       |      24.41      
   15083     |      83.28       |      15.45      
   15084     |      75.47       |      21.36      
   15085     |      77.57       |      16.73      
   15086     |      77.40       |      14.71      
   15087     |      78.21       |      14.85      
   15088     |      69.58       |      21.36      
   15089     |      70.08       |      24.71      
   15090     |      74.27       |      17.00      
   15091     |      77.13       |      13.72      
   15092     |      84.45       |      13.28      
   15093     |      87.48       |       7.00      
   15094     |      63.36       |      29.40      
   15095     |      62.42       |      32.47      
   15096     |      59.45       |      32.13      
   15097     |      69.64       |      31.10      
   15098     |      71.52       |      23.36      
   15099     |      61.81       |      29.47      
   15100     |      70.70       |      20.45      
   15101     |      70.63       |      20.38      
   15147     |      77.28       |      18.88      
   15149     |      81.28       |      21.09      
   15150     |      81.39       |      21.20      
   15151     |      83.32       |       8.86      
   15152     |      77.49       |      13.21      
   15153     |      78.43       |      16.51      
   15154     |      73.50       |      18.36      
   15155     |      73.70       |      17.88      
   15156     |      80.25       |      17.89      
   15157     |      73.78       |      18.44      
   15158     |      87.95       |      11.66      
   15159     |      87.12       |       4.47      
   15160     |      67.19       |      26.12      
   15162     |      88.76       |       4.68      
   15163     |      68.51       |      30.68      
   15164     |      60.02       |      31.36      
   15165     |      72.66       |      22.00      
   15166     |      64.03       |      30.21      
   15167     |      65.71       |      26.70      
   15168     |      65.61       |      25.53      
   15169     |      68.30       |      24.06      
   15170     |      70.41       |      25.64      
   15171     |      72.23       |      21.66      
   15216     |      65.26       |      25.66      
   15217     |      82.29       |      18.89      
   15218     |      65.64       |      25.11      
   15219     |      79.78       |      19.17      
   15220     |      64.05       |      31.54      
   15221     |      57.94       |      34.99      
   15222     |      69.80       |      21.84      
   15223     |      84.76       |      12.91      
   15224     |      86.07       |       4.86      
   15226     |      88.83       |      11.06      
   15227     |      70.79       |      20.75      
   15228     |      69.83       |      21.14      
   15229     |      76.44       |      16.61      
   15230     |      74.92       |      23.22      
   15231     |      67.55       |      23.46      
   15232     |      81.92       |      32.47      
   15233     |      88.49       |      14.55      
   15234     |      89.73       |      18.02      
   15236     |      78.70       |      18.89      
   15237     |      77.46       |      28.78      
   15238     |      58.47       |      36.42      
   15239     |      74.07       |      24.50      
   15280     |      62.76       |      28.04      
   15281     |      79.44       |      15.91      
   15282     |      71.90       |      24.14      
   15283     |      60.93       |      29.84      
   15284     |      63.75       |      28.63      
   15285     |      70.28       |      24.35      
   15286     |      74.31       |      23.75      
   15287     |      73.14       |      24.65      
   15288     |      71.77       |      20.28      
   15289     |      71.82       |      21.72      
   15290     |      58.07       |      32.87      
   15291     |      81.71       |      14.81      
   15292     |      80.59       |      13.54      
   15293     |      68.47       |      22.39      
   15294     |      72.25       |      18.81      
   15295     |      68.21       |      23.62      
   15296     |      78.84       |      19.24      
   15297     |      76.93       |      13.92      
   15298     |      86.19       |      30.23      
   15299     |      66.70       |      38.25      
   15300     |      66.40       |      39.36      
   15301     |      59.00       |      34.12      
   15302     |      56.46       |      34.93      
   15303     |      56.91       |      34.33      
   15304     |      63.83       |      27.40      
   15353     |      72.97       |      39.04      
   15354     |      64.54       |      35.52      
   15355     |      63.80       |      26.96      
   15356     |      74.12       |      21.72      
   15357     |      72.47       |      20.08      
   15358     |      86.75       |       7.88      
   15359     |      73.25       |      19.79      
   15360     |      72.10       |      20.51      
   15361     |      74.57       |      16.63      
   15362     |      70.69       |      21.46      
   15363     |      80.06       |      10.86      
   15364     |      79.01       |      12.04      
   15365     |      77.54       |      15.57      
   15366     |      77.70       |      28.28      
   15367     |      75.94       |      23.73      
   15368     |      69.57       |      22.71      
   15369     |      68.16       |      28.23      
   15370     |      66.47       |      26.96      
   15371     |      66.61       |      24.34      
   15372     |      72.14       |      19.43      
   15373     |      69.44       |      24.01      
   15374     |      66.42       |      29.28      
   15375     |      66.37       |      32.65      
   15399     |      78.46       |      17.18      
   15400     |      82.53       |      18.93      
   15401     |      80.84       |      11.69      
   15402     |      83.81       |       7.67      
   15403     |      76.89       |      14.55      
   15404     |      79.34       |      14.21      
   15405     |      78.00       |      12.84      
   15406     |      77.00       |      15.82      
   15407     |      75.38       |      15.56      
   15408     |      77.83       |      13.11      
   15409     |      89.36       |       6.31      
   15410     |      68.80       |      26.58      
   15411     |      70.47       |      38.66      
   15412     |      76.01       |      25.43      
   15413     |      75.99       |      35.32      
   15414     |      80.65       |      28.16      
   15415     |      78.13       |      21.50      
   15416     |      85.26       |      10.87      
   15417     |      81.77       |      10.43      
   15418     |      70.15       |      23.25      
   15419     |      69.75       |      22.15      
   15463     |      78.81       |      28.73      
   15464     |      83.25       |      14.70      
   15465     |      77.75       |      24.52      
   15466     |      78.92       |      12.27      
   15467     |      78.37       |      17.66      
   15468     |      79.70       |      15.90      
   15469     |      81.88       |      12.61      
   15470     |      74.26       |      16.55      
   15471     |      72.92       |      25.52      
   15472     |      84.02       |      13.91      
   15473     |      82.47       |       9.73      
   15474     |      79.70       |      11.21      
   15475     |      79.95       |      11.35      
   15476     |      70.36       |      20.59      
   15477     |      73.26       |      18.01      
   15478     |      89.46       |      13.52      
   15479     |      89.10       |      15.29      
   15480     |      84.45       |       8.76      
   15481     |      84.33       |      11.04      
   15482     |      87.47       |      12.55      
   15483     |      88.37       |      16.09      
   15484     |      84.17       |      23.64      
   15485     |      79.64       |      11.89      
   15486     |      79.93       |      11.75      
   15487     |      73.16       |      24.59      
   15489     |      77.10       |      21.16      
   15490     |      78.94       |      12.90      
   15491     |      76.54       |      19.53      
   15492     |      75.24       |      18.28      
   15536     |      87.40       |      21.85      
   15537     |      81.08       |      14.54      
   15538     |      81.16       |      14.66      
   15539     |      74.52       |      17.60      
   15540     |      72.95       |      18.63      
   15541     |      74.03       |      19.78      
   15542     |      80.77       |      26.71      
   15543     |      81.02       |      16.73      
   15544     |      79.72       |      11.23      
   15545     |      89.31       |       1.88      
   15546     |      83.28       |       9.14      
   15549     |      78.93       |      15.19      
   15550     |      79.17       |      24.96      
   15551     |      78.95       |      25.46      
   15552     |      81.59       |      27.70      
   15553     |      88.93       |      17.55      
   15554     |      88.24       |       8.66      
   15556     |      86.26       |      17.09      
   15594     |      80.18       |      21.11      
   15595     |      79.00       |      19.04      
   15596     |      73.39       |      20.88      
   15597     |      72.73       |      18.16      
   15598     |      82.00       |      18.05      
   15603     |      75.81       |      15.23      
   15604     |      88.22       |       9.80      
   15605     |      87.07       |       6.29      
   15654     |      76.35       |      27.99      
   15655     |      84.85       |      12.42      
   15656     |      76.85       |      14.09      
   15657     |      83.91       |       9.22      
   15659     |      88.20       |      17.04      
   15660     |      78.06       |      20.93      
   15661     |      75.94       |      15.28      
   15662     |      75.80       |      31.95      
   15663     |      75.30       |      28.76      
   15664     |      75.17       |      29.26      
   15665     |      66.77       |      24.25      
   15666     |      69.16       |      22.86      
   15667     |      83.62       |      13.33      
   15668     |      87.48       |       4.43      
   15714     |      88.10       |      25.42      
   15715     |      82.45       |      18.37      
   15716     |      76.88       |      14.13      
   15717     |      82.85       |      13.03      
   15718     |      86.20       |       4.74      
   15719     |      75.63       |      15.90      
   15720     |      76.52       |      22.88      
   15721     |      72.94       |      18.10      
   15722     |      75.91       |      16.36      
   15723     |      75.13       |      32.18      
   15724     |      68.92       |      29.29      
   15725     |      82.92       |      16.66      
   15726     |      82.66       |      14.53      
   15774     |      83.87       |      15.38      
   15775     |      82.33       |      18.49      
   15776     |      72.17       |      22.09      
   15777     |      65.80       |      25.23      
   15778     |      69.16       |      22.26      
   15779     |      80.03       |      11.37      
   15780     |      88.11       |       3.29      
   15781     |      83.48       |      20.36      
   15782     |      73.61       |      18.62      
   15783     |      81.22       |      21.32      
   15784     |      71.74       |      20.67      
   15785     |      82.10       |      13.40      
   15786     |      62.95       |      31.73      
   15787     |      58.97       |      33.68      
   15789     |      72.15       |      31.00      
   15836     |      65.63       |      31.56      
   15837     |      69.14       |      32.00      
   15838     |      85.96       |       7.97      
   15840     |      81.34       |      16.14      
   15841     |      81.48       |      11.58      
   15842     |      75.92       |      19.00      
   15893     |      64.78       |      37.31      
   15894     |      77.78       |      29.88      
   15895     |      75.41       |      15.54      
   15896     |      69.88       |      25.14      
   15897     |      65.99       |      27.63      
   15898     |      67.12       |      24.39      
   15899     |      85.23       |      14.75      
   15900     |      83.73       |      10.85      
   15970     |      72.93       |      30.52      
   15971     |      77.51       |      30.28      
   15972     |      70.48       |      23.61      
   15974     |      69.54       |      31.99      
   16026     |      68.07       |      35.51      
   16027     |      64.36       |      35.22      
   16028     |      67.09       |      23.90      
