=== Visibility Analysis Summary ===
Total patches: 12288
Geometric visible: 1551 (12.6%)
Light illuminated: 249 (16.1% of geometric)
Reflection conditions met: 1551 (100.0% of geometric)
Light unoccluded: 249 (16.1% of geometric)
Final visible: 249 (2.0% of total)
Visible area: 80.99 (2.2% of total area)

=== Detailed Visibility Information ===
Patch Index  | Incidence Angle  |  Viewing Angle  
-------------+------------------+-----------------
     23      |      87.00       |      42.96      
     42      |      76.66       |      41.68      
     43      |      76.77       |      41.76      
     44      |      77.30       |      50.40      
     64      |      69.21       |      37.22      
     65      |      70.94       |      55.37      
     66      |      84.85       |      36.85      
     67      |      81.98       |      43.50      
     68      |      79.41       |      41.85      
     69      |      76.98       |      50.90      
     83      |      89.60       |      38.36      
     84      |      83.56       |      52.30      
     85      |      81.78       |      34.79      
     86      |      80.76       |      34.70      
     87      |      77.54       |      43.53      
     88      |      74.03       |      41.17      
     89      |      72.23       |      45.36      
     90      |      70.34       |      55.53      
     93      |      71.45       |      57.27      
    103      |      80.01       |      44.49      
    104      |      77.93       |      39.84      
    105      |      84.69       |      41.30      
    106      |      84.71       |      41.31      
    107      |      80.79       |      49.75      
    108      |      74.82       |      52.64      
    109      |      75.12       |      55.14      
    122      |      81.49       |      46.59      
    123      |      86.81       |      38.73      
    124      |      84.33       |      41.94      
    125      |      82.48       |      47.35      
    126      |      87.80       |      38.68      
    127      |      79.45       |      39.95      
    128      |      84.48       |      34.65      
    129      |      75.79       |      46.85      
    130      |      76.52       |      50.07      
    131      |      70.31       |      46.34      
    133      |      71.91       |      57.69      
    143      |      74.87       |      50.77      
    144      |      79.67       |      40.14      
    145      |      81.50       |      47.99      
    146      |      88.44       |      46.27      
    147      |      78.19       |      50.40      
    148      |      79.50       |      44.12      
    149      |      79.55       |      44.17      
    151      |      68.67       |      57.99      
    152      |      70.97       |      51.52      
    164      |      83.00       |      54.01      
    165      |      86.74       |      35.41      
    166      |      77.56       |      46.81      
    167      |      76.98       |      39.97      
    168      |      77.07       |      39.87      
    169      |      82.54       |      37.61      
    170      |      71.81       |      55.56      
    171      |      72.64       |      50.83      
    172      |      68.95       |      58.40      
    183      |      83.63       |      38.22      
    184      |      82.34       |      37.02      
    185      |      81.30       |      38.67      
    186      |      79.42       |      38.28      
    187      |      75.19       |      46.47      
    188      |      74.57       |      41.81      
    189      |      73.17       |      46.95      
    190      |      74.61       |      44.39      
    191      |      75.18       |      47.28      
    192      |      69.56       |      57.04      
    201      |      82.97       |      36.61      
    202      |      76.43       |      33.32      
    203      |      74.53       |      36.60      
    204      |      75.17       |      36.12      
    205      |      71.48       |      44.85      
    206      |      77.46       |      40.09      
    207      |      74.76       |      53.33      
    209      |      72.09       |      57.21      
    220      |      83.98       |      34.16      
    221      |      78.04       |      37.82      
    222      |      72.03       |      45.04      
    223      |      72.08       |      43.01      
    224      |      67.53       |      46.82      
    225      |      62.53       |      58.28      
    226      |      74.04       |      46.42      
    227      |      74.10       |      46.71      
    228      |      75.70       |      58.77      
    229      |      75.15       |      52.87      
    238      |      80.86       |      39.44      
    239      |      80.75       |      36.24      
    240      |      83.85       |      28.52      
    241      |      75.89       |      41.08      
    242      |      60.91       |      34.04      
    244      |      77.66       |      50.81      
    245      |      78.17       |      55.31      
    246      |      79.15       |      54.31      
    247      |      78.36       |      56.90      
    257      |      83.94       |      34.18      
    258      |      83.94       |      33.98      
    259      |      89.33       |      44.21      
    260      |      78.82       |      35.59      
    261      |      79.25       |      41.36      
    264      |      68.18       |      56.63      
    265      |      85.50       |      50.19      
    266      |      83.33       |      57.96      
    267      |      80.79       |      48.56      
    268      |      78.50       |      54.50      
    269      |      66.55       |      53.97      
    275      |      83.72       |      33.61      
    276      |      89.43       |      33.23      
    277      |      81.17       |      35.42      
    282      |      82.97       |      38.47      
    284      |      74.11       |      59.80      
    295      |      81.77       |      20.74      
    296      |      74.63       |      31.59      
    297      |      80.73       |      42.04      
    303      |      76.10       |      45.46      
    304      |      81.98       |      50.70      
    305      |      73.73       |      58.45      
    307      |      76.60       |      53.34      
    316      |      89.95       |      47.99      
    323      |      81.89       |      48.48      
    324      |      79.86       |      50.64      
    325      |      80.41       |      51.58      
    326      |      78.52       |      58.45      
    338      |      77.49       |      54.31      
    340      |      83.37       |      52.64      
    350      |      81.03       |      47.13      
    351      |      74.10       |      54.15      
    352      |      74.72       |      55.53      
    363      |      85.61       |      40.64      
    364      |      85.66       |      38.32      
    365      |      83.10       |      45.19      
    366      |      83.71       |      47.60      
    367      |      84.36       |      45.80      
    368      |      80.66       |      42.22      
    369      |      76.88       |      59.50      
    377      |      84.50       |      37.04      
    378      |      81.79       |      31.83      
    379      |      77.13       |      41.80      
    380      |      79.77       |      48.38      
    381      |      79.32       |      34.94      
    382      |      79.94       |      57.35      
    383      |      80.55       |      42.27      
    384      |      76.91       |      59.82      
    392      |      87.67       |       9.93      
    393      |      76.51       |      45.72      
    396      |      81.85       |      44.02      
    397      |      88.59       |      41.30      
    399      |      87.91       |      56.92      
    400      |      76.95       |      59.83      
    409      |      82.29       |      50.77      
    410      |      80.84       |      53.89      
    411      |      78.93       |      57.89      
    420      |      86.59       |      16.65      
    421      |      79.43       |      40.66      
    425      |      85.76       |      47.66      
    426      |      85.98       |      48.79      
    427      |      80.96       |      53.08      
    436      |      88.70       |      43.67      
    437      |      87.10       |      47.40      
    438      |      84.06       |      43.75      
    439      |      82.68       |      49.85      
    450      |      87.70       |      43.94      
    451      |      87.31       |      42.18      
    452      |      86.97       |      43.58      
    474      |      87.66       |      49.79      
    475      |      87.70       |      50.88      
    476      |      88.00       |      49.80      
    477      |      84.97       |      54.16      
    478      |      84.19       |      58.38      
    488      |      71.01       |      43.63      
    491      |      85.37       |      19.85      
    493      |      86.31       |       7.03      
    498      |      83.91       |      58.22      
    505      |      88.92       |      29.47      
    694      |      83.85       |      33.32      
    762      |      85.13       |      30.84      
    763      |      87.90       |      46.09      
    818      |      87.24       |      29.94      
    819      |      88.23       |      34.86      
    824      |      87.21       |      49.65      
    844      |      82.02       |      22.31      
    845      |      79.47       |      58.99      
    892      |      88.09       |      25.45      
    1006     |      84.97       |      44.07      
    1044     |      89.68       |      47.76      
    1045     |      89.76       |      40.35      
    1046     |      86.26       |      54.31      
    6746     |      85.40       |      28.61      
    6747     |      88.75       |      35.41      
    6916     |      89.53       |      39.14      
    6919     |      89.51       |      33.90      
    6942     |      88.85       |      44.82      
    6944     |      87.56       |       3.35      
    7016     |      89.71       |      36.13      
    7020     |      89.21       |      39.50      
    7139     |      79.32       |      34.47      
    7181     |      79.36       |      28.79      
    7211     |      87.26       |      44.48      
    7248     |      84.37       |      33.33      
    7251     |      85.54       |      19.40      
    7252     |      85.11       |      19.98      
    7286     |      84.72       |      29.31      
    7320     |      79.46       |      45.29      
    7323     |      82.26       |      40.85      
    7357     |      87.91       |      45.09      
    7358     |      88.41       |      38.88      
    7363     |      87.58       |      21.70      
    7399     |      87.04       |      45.63      
    7400     |      77.42       |      38.91      
    7401     |      83.77       |      18.39      
    7407     |      85.12       |      22.74      
    7447     |      87.21       |      45.86      
    7449     |      87.11       |      27.21      
    7450     |      84.27       |      32.92      
    7496     |      77.43       |      49.86      
    7497     |      75.54       |      34.10      
    7498     |      81.81       |      24.95      
    7499     |      81.98       |      30.69      
    7500     |      79.96       |      33.77      
    7538     |      80.35       |      43.16      
    7539     |      83.80       |      39.32      
    7540     |      84.45       |      38.14      
    7542     |      89.45       |      21.55      
    7543     |      87.13       |      34.25      
    7544     |      86.69       |      32.56      
    7550     |      82.15       |      18.84      
    7551     |      84.46       |      32.11      
    7552     |      87.87       |      26.53      
    7574     |      72.58       |      39.43      
    7575     |      77.28       |      33.65      
    7576     |      85.19       |      41.68      
    7579     |      83.95       |      30.12      
    7580     |      87.16       |      17.96      
    7582     |      82.84       |      25.85      
    7583     |      86.55       |      20.35      
    7620     |      80.93       |      37.10      
    7621     |      76.63       |      45.28      
    7622     |      78.33       |      41.47      
    7624     |      83.35       |      32.53      
    7625     |      76.17       |      42.79      
    7626     |      76.12       |      40.36      
    7631     |      87.30       |      29.49      
    7632     |      88.01       |      20.28      
    7637     |      86.51       |       7.31      
    7638     |      88.27       |      36.54      
    7660     |      82.28       |      40.04      
    7661     |      82.99       |      37.26      
    7667     |      85.47       |      15.06      
    7668     |      85.51       |      14.91      
    7669     |      78.30       |      27.15      
    7670     |      83.68       |      20.93      
    7671     |      84.49       |      12.63      
