=== Visibility Analysis Summary ===
Total patches: 12288
Geometric visible: 1541 (12.5%)
Light illuminated: 1218 (79.0% of geometric)
Reflection conditions met: 1541 (100.0% of geometric)
Light unoccluded: 1218 (79.0% of geometric)
Final visible: 1218 (9.9% of total)
Visible area: 356.07 (9.8% of total area)

=== Detailed Visibility Information ===
Patch Index  | Incidence Angle  |  Viewing Angle  
-------------+------------------+-----------------
    260      |      62.54       |      57.51      
    261      |      67.50       |      59.31      
    262      |      57.37       |      39.98      
    265      |      79.01       |      58.40      
    277      |      64.43       |      55.43      
    278      |      74.96       |      30.69      
    282      |      68.12       |      55.01      
    297      |      69.31       |      58.35      
    298      |      79.93       |      51.53      
    299      |      81.96       |      52.82      
    300      |      79.59       |      34.73      
    312      |      85.15       |      24.38      
    315      |      83.80       |      27.71      
    316      |      80.44       |      53.49      
    317      |      83.63       |      42.67      
    318      |      87.80       |      41.74      
    319      |      84.84       |      53.69      
    320      |      82.22       |      50.44      
    321      |      79.86       |      49.64      
    335      |      75.47       |      33.97      
    336      |      73.25       |      34.04      
    337      |      74.55       |      38.14      
    339      |      79.22       |      51.73      
    348      |      71.43       |      38.01      
    349      |      64.47       |      39.49      
    354      |      80.46       |      37.29      
    355      |      75.49       |      34.04      
    356      |      69.00       |      37.42      
    357      |      68.96       |      37.39      
    358      |      82.86       |      41.54      
    359      |      78.19       |      26.10      
    362      |      73.99       |      47.46      
    363      |      71.81       |      53.57      
    364      |      70.06       |      52.53      
    365      |      73.41       |      57.75      
    366      |      75.71       |      58.41      
    367      |      74.76       |      57.00      
    368      |      69.10       |      58.39      
    376      |      81.31       |      33.42      
    377      |      68.26       |      53.00      
    378      |      62.07       |      53.56      
    381      |      62.28       |      56.71      
    383      |      69.06       |      58.48      
    388      |      68.55       |      37.53      
    389      |      68.88       |      37.78      
    390      |      70.97       |      41.76      
    391      |      72.21       |      44.87      
    392      |      51.68       |      44.93      
    394      |      74.29       |      47.88      
    395      |      73.36       |      47.50      
    396      |      71.58       |      58.19      
    397      |      74.31       |      51.24      
    398      |      82.14       |      54.53      
    406      |      80.82       |      30.55      
    407      |      86.70       |      51.09      
    408      |      74.28       |      47.80      
    418      |      72.50       |      39.38      
    419      |      70.09       |      39.90      
    420      |      55.13       |      46.05      
    421      |      67.11       |      58.68      
    422      |      75.83       |      46.50      
    423      |      81.25       |      48.99      
    424      |      82.59       |      53.06      
    425      |      77.14       |      56.71      
    426      |      78.12       |      57.11      
    430      |      70.04       |      35.20      
    431      |      67.57       |      41.73      
    432      |      70.09       |      41.54      
    433      |      79.49       |      22.30      
    435      |      75.97       |      43.07      
    436      |      76.17       |      52.21      
    437      |      77.88       |      55.45      
    438      |      72.91       |      56.16      
    444      |      71.16       |      35.35      
    445      |      72.20       |      34.57      
    446      |      72.51       |      34.70      
    447      |      71.39       |      31.22      
    448      |      78.50       |      37.79      
    449      |      74.61       |      37.61      
    450      |      75.73       |      53.16      
    451      |      74.11       |      52.64      
    452      |      74.92       |      53.61      
    453      |      80.43       |      50.16      
    456      |      71.21       |      39.16      
    457      |      72.59       |      45.82      
    458      |      72.49       |      45.83      
    459      |      87.00       |      56.05      
    460      |      80.70       |      51.36      
    468      |      71.40       |      30.84      
    469      |      70.56       |      35.12      
    470      |      73.94       |      36.52      
    471      |      71.15       |      37.90      
    472      |      76.67       |      40.38      
    473      |      80.26       |      50.10      
    474      |      80.01       |      56.22      
    475      |      80.83       |      56.77      
    476      |      80.20       |      55.93      
    490      |      84.55       |      52.16      
    491      |      56.47       |      47.36      
    492      |      75.89       |      37.93      
    493      |      48.32       |      46.31      
    496      |      78.57       |      45.19      
    497      |      80.01       |      50.59      
    503      |      79.91       |      36.07      
    504      |      73.70       |      31.78      
    505      |      65.94       |      46.09      
    506      |      85.57       |      45.42      
    507      |      67.20       |      35.91      
    508      |      67.65       |      31.09      
    509      |      80.89       |      50.74      
    510      |      81.80       |      51.41      
    511      |      84.88       |      54.38      
    520      |      73.27       |      31.86      
    521      |      73.37       |      34.27      
    522      |      72.28       |      33.23      
    523      |      87.55       |      43.36      
    526      |      84.29       |      48.23      
    527      |      86.67       |      48.95      
    528      |      88.47       |      51.02      
    529      |      85.51       |      50.39      
    530      |      85.96       |      52.63      
    536      |      71.65       |      29.77      
    537      |      72.38       |      31.66      
    538      |      72.88       |      34.12      
    539      |      77.74       |      32.96      
    540      |      85.99       |      37.36      
    541      |      84.56       |      40.05      
    542      |      80.99       |      39.69      
    543      |      86.63       |      44.48      
    544      |      82.56       |      41.98      
    545      |      88.33       |      47.43      
    550      |      70.24       |      31.41      
    551      |      75.37       |      41.54      
    552      |      80.63       |      48.59      
    553      |      81.11       |      46.03      
    554      |      86.63       |      47.05      
    555      |      87.50       |      48.19      
    566      |      73.15       |      30.91      
    567      |      73.11       |      30.80      
    568      |      66.27       |      39.01      
    569      |      74.97       |      34.75      
    570      |      81.37       |      41.88      
    571      |      66.71       |      40.26      
    572      |      78.60       |      36.56      
    575      |      82.90       |      41.03      
    576      |      82.42       |      47.09      
    577      |      89.98       |      48.66      
    582      |      72.67       |      31.76      
    583      |      69.56       |      31.83      
    584      |      65.55       |      28.95      
    585      |      84.93       |      31.47      
    586      |      76.90       |      40.72      
    587      |      86.48       |      56.88      
    588      |      84.94       |      39.91      
    589      |      87.84       |      39.92      
    590      |      86.31       |      48.26      
    598      |      68.77       |      33.07      
    599      |      80.41       |      32.84      
    600      |      67.71       |      33.13      
    601      |      87.24       |      40.38      
    602      |      88.46       |      45.05      
    603      |      80.02       |      42.41      
    611      |      74.56       |      29.97      
    612      |      69.44       |      26.84      
    614      |      82.34       |      27.35      
    615      |      68.81       |      33.39      
    618      |      85.43       |      37.64      
    619      |      85.72       |      38.18      
    620      |      85.92       |      38.30      
    621      |      88.84       |      33.29      
    628      |      78.06       |      22.16      
    630      |      84.51       |      44.37      
    633      |      88.15       |      40.46      
    651      |      74.42       |      35.55      
    652      |      80.45       |      34.15      
    653      |      78.66       |      27.02      
    654      |      78.85       |      27.91      
    655      |      71.23       |      25.27      
    656      |      71.89       |      29.79      
    658      |      89.28       |      41.85      
    659      |      85.15       |      37.98      
    660      |      84.41       |      38.57      
    661      |      85.36       |      39.70      
    662      |      85.38       |      42.45      
    675      |      86.50       |      30.96      
    676      |      68.44       |      32.09      
    677      |      72.91       |      42.69      
    678      |      77.85       |      27.85      
    679      |      80.89       |      18.43      
    681      |      86.29       |      49.48      
    682      |      89.37       |      41.84      
    683      |      84.85       |      42.39      
    692      |      75.76       |      24.72      
    693      |      62.79       |      30.75      
    694      |      65.10       |      51.63      
    695      |      83.91       |      44.34      
    696      |      82.37       |      31.98      
    697      |      84.86       |      12.31      
    699      |      88.56       |      37.03      
    700      |      84.86       |      37.93      
    701      |      84.31       |      37.25      
    713      |      76.47       |      23.30      
    715      |      81.07       |      42.45      
    716      |      82.21       |      32.28      
    717      |      86.01       |      33.14      
    718      |      84.46       |      37.31      
    719      |      85.29       |      39.75      
    720      |      88.98       |      51.65      
    721      |      89.00       |      51.77      
    733      |      79.25       |      24.95      
    734      |      83.62       |      45.57      
    735      |      70.94       |      40.92      
    736      |      82.27       |      38.59      
    737      |      82.36       |      38.35      
    738      |      89.43       |      50.59      
    739      |      87.13       |      39.75      
    741      |      89.75       |      51.66      
    759      |      64.29       |      31.65      
    760      |      84.21       |      38.47      
    761      |      78.81       |      32.62      
    762      |      64.13       |      49.59      
    763      |      77.55       |      53.60      
    764      |      70.48       |      42.11      
    765      |      75.33       |      43.31      
    766      |      75.98       |      47.96      
    767      |      83.54       |      50.52      
    769      |      88.46       |      44.64      
    781      |      67.61       |      31.74      
    782      |      71.85       |      40.51      
    783      |      73.62       |      26.10      
    784      |      68.19       |      36.01      
    785      |      75.51       |      44.83      
    786      |      64.18       |      43.48      
    787      |      88.70       |      48.27      
    788      |      84.85       |      32.36      
    789      |      86.47       |      32.76      
    790      |      83.89       |      50.40      
    791      |      85.76       |      51.41      
    792      |      87.11       |      33.44      
    795      |      87.99       |      40.54      
    815      |      78.17       |      30.96      
    816      |      78.83       |      51.29      
    817      |      66.39       |      42.33      
    818      |      64.97       |      47.31      
    819      |      69.26       |      48.12      
    821      |      89.20       |      47.69      
    824      |      79.52       |      56.12      
    837      |      77.71       |      20.06      
    838      |      81.99       |      30.12      
    839      |      66.11       |      29.45      
    840      |      68.26       |      35.90      
    842      |      78.19       |      30.92      
    843      |      85.57       |      37.17      
    844      |      55.10       |      50.30      
    848      |      80.31       |      26.02      
    856      |      89.73       |      58.08      
    864      |      76.36       |      31.29      
    865      |      73.94       |      31.36      
    866      |      73.28       |      20.37      
    867      |      72.32       |      39.79      
    868      |      70.36       |      22.04      
    882      |      75.23       |      29.23      
    885      |      78.20       |      30.86      
    886      |      82.41       |      34.81      
    887      |      89.38       |      21.08      
    892      |      62.31       |      45.15      
    915      |      86.82       |      14.56      
    916      |      77.52       |      12.34      
    917      |      78.40       |      32.79      
    918      |      69.55       |      40.60      
    919      |      81.73       |      39.52      
    923      |      88.21       |      23.06      
    942      |      62.80       |      32.57      
    943      |      71.78       |      42.73      
    944      |      87.69       |      52.46      
    947      |      89.14       |      32.97      
    952      |      89.07       |      46.06      
    970      |      76.26       |      20.39      
    971      |      85.28       |      14.98      
    974      |      86.89       |      37.07      
    975      |      84.23       |      35.86      
    976      |      81.95       |      26.29      
    977      |      88.85       |      31.38      
    978      |      88.79       |      32.65      
    980      |      84.20       |      47.63      
    982      |      84.84       |      47.35      
    983      |      85.59       |      56.66      
    992      |      88.31       |       9.76      
    993      |      71.48       |      23.03      
    994      |      82.14       |      24.80      
    995      |      83.62       |      27.87      
    996      |      89.46       |       3.11      
    998      |      83.62       |      36.46      
    999      |      80.66       |      44.60      
    1003     |      85.67       |      47.28      
    1004     |      88.89       |      57.10      
    1005     |      87.17       |      54.20      
    1006     |      73.75       |      54.88      
    1031     |      71.03       |      23.17      
    1032     |      71.47       |      23.03      
    1033     |      75.07       |      15.78      
    1034     |      67.98       |      22.25      
    1035     |      81.01       |      45.42      
    1036     |      85.03       |      33.64      
    1041     |      83.95       |      44.99      
    1042     |      83.65       |      46.44      
    1043     |      84.03       |      54.06      
    1044     |      79.73       |      52.82      
    1045     |      74.20       |      48.93      
    1046     |      82.46       |      59.39      
    1047     |      74.82       |      42.33      
    1050     |      62.80       |      56.03      
    1052     |      58.90       |      59.64      
    1060     |      83.87       |      20.50      
    1061     |      84.86       |      18.92      
    1063     |      89.16       |      10.12      
    1064     |      85.97       |       3.88      
    1065     |      76.96       |      26.05      
    1068     |      82.80       |      21.53      
    1069     |      86.39       |      41.29      
    1070     |      85.64       |      40.62      
    1072     |      84.60       |      46.72      
    1073     |      81.79       |      50.09      
    1074     |      82.01       |      50.34      
    1075     |      87.39       |      54.17      
    1077     |      62.93       |      51.46      
    1096     |      82.86       |      19.19      
    1097     |      89.52       |       3.77      
    1099     |      80.16       |      11.09      
    1100     |      76.37       |      15.95      
    1101     |      76.07       |      37.93      
    1102     |      81.86       |      43.42      
    1103     |      81.31       |      43.19      
    1104     |      84.03       |      46.66      
    1105     |      84.30       |      49.50      
    1106     |      86.48       |      49.85      
    1107     |      72.20       |      44.40      
    1108     |      82.28       |      54.00      
    1109     |      76.26       |      54.88      
    1110     |      78.36       |      57.63      
    1111     |      80.30       |      48.47      
    1112     |      80.03       |      42.66      
    1128     |      79.35       |      15.98      
    1132     |      88.61       |      13.66      
    1133     |      84.52       |       9.76      
    1134     |      70.55       |      43.12      
    1135     |      84.01       |      59.51      
    1136     |      85.76       |      45.37      
    1137     |      79.75       |      49.47      
    1138     |      77.24       |      39.43      
    1140     |      81.01       |      49.67      
    1141     |      85.16       |      52.20      
    1142     |      83.44       |      42.90      
    1157     |      89.04       |       3.96      
    1161     |      78.43       |      14.57      
    1165     |      88.21       |      26.38      
    1166     |      74.68       |      15.11      
    1171     |      83.24       |      25.38      
    1172     |      72.67       |      43.70      
    1173     |      69.96       |      41.30      
    1174     |      70.47       |      49.28      
    1201     |      83.44       |      36.96      
    1202     |      63.00       |      52.04      
    1220     |      82.96       |      32.23      
    1222     |      83.57       |      25.38      
    1224     |      77.73       |      40.81      
    1225     |      67.29       |      42.14      
    1227     |      88.13       |      22.46      
    1256     |      86.99       |      29.28      
    1257     |      83.58       |      25.38      
    1258     |      76.60       |      35.05      
    1259     |      66.43       |      37.49      
    1279     |      89.86       |      14.36      
    1287     |      82.08       |      25.21      
    1311     |      87.53       |       2.17      
    1312     |      84.49       |      42.35      
    1313     |      67.99       |      41.89      
    1314     |      80.81       |      43.45      
    1315     |      88.18       |      38.17      
    1316     |      87.53       |      22.12      
    5688     |      89.66       |       6.31      
    5689     |      80.04       |      12.39      
    5690     |      72.21       |      16.96      
    5691     |      73.12       |      17.11      
    5692     |      62.26       |      42.21      
    5693     |      57.09       |      32.07      
    5694     |      55.48       |      33.63      
    5695     |      51.29       |      38.32      
    5696     |      49.80       |      39.53      
    5701     |      42.68       |      55.30      
    5702     |      67.62       |      47.84      
    5705     |      39.38       |      49.87      
    5713     |      89.16       |      29.28      
    5714     |      83.76       |       8.39      
    5715     |      71.32       |      19.67      
    5716     |      66.88       |      33.87      
    5717     |      62.72       |      28.29      
    5718     |      69.88       |      33.25      
    5719     |      69.43       |      19.82      
    5720     |      54.50       |      34.98      
    5721     |      48.48       |      40.64      
    5727     |      48.71       |      42.17      
    5728     |      51.57       |      37.69      
    5730     |      38.03       |      51.13      
    5736     |      42.02       |      47.31      
    5737     |      53.08       |      51.37      
    5738     |      56.36       |      34.47      
    5739     |      39.54       |      52.55      
    5740     |      39.30       |      55.08      
    5747     |      89.78       |      53.43      
    5749     |      88.59       |      15.99      
    5750     |      79.59       |      20.93      
    5751     |      79.54       |      18.39      
    5752     |      72.15       |      19.06      
    5753     |      56.57       |      49.56      
    5754     |      58.89       |      48.75      
    5755     |      56.92       |      32.27      
    5756     |      54.42       |      36.13      
    5757     |      53.92       |      35.24      
    5758     |      47.55       |      41.49      
    5759     |      55.47       |      43.07      
    5762     |      42.61       |      46.53      
    5765     |      31.06       |      58.32      
    5768     |      44.61       |      45.55      
    5769     |      61.42       |      27.77      
    5770     |      56.23       |      53.21      
    5772     |      47.85       |      58.00      
    5777     |      68.33       |      52.58      
    5783     |      88.59       |      15.92      
    5784     |      70.07       |      32.94      
    5785     |      67.24       |      33.30      
    5786     |      66.36       |      25.04      
    5787     |      51.66       |      39.23      
    5788     |      50.56       |      44.55      
    5789     |      47.17       |      43.63      
    5790     |      39.11       |      51.15      
    5791     |      39.30       |      49.78      
    5792     |      48.01       |      42.54      
    5793     |      47.04       |      42.65      
    5794     |      44.18       |      45.38      
    5795     |      29.82       |      59.38      
    5796     |      41.52       |      54.51      
    5797     |      54.91       |      36.34      
    5806     |      84.21       |      45.03      
    5807     |      88.86       |       8.72      
    5808     |      78.64       |      15.00      
    5809     |      81.37       |      49.06      
    5812     |      88.53       |      37.75      
    5813     |      85.24       |      23.79      
    5814     |      81.59       |      16.42      
    5815     |      77.60       |      24.57      
    5816     |      63.60       |      29.09      
    5817     |      49.41       |      39.72      
    5818     |      40.35       |      48.70      
    5819     |      46.00       |      48.71      
    5820     |      34.33       |      55.14      
    5821     |      39.48       |      57.35      
    5822     |      41.26       |      56.38      
    5824     |      38.97       |      52.19      
    5826     |      38.98       |      51.33      
    5827     |      48.06       |      41.29      
    5828     |      45.55       |      53.95      
    5829     |      47.32       |      51.00      
    5830     |      31.78       |      57.53      
    5832     |      57.33       |      55.71      
    5833     |      57.44       |      53.84      
    5834     |      53.62       |      59.47      
    5838     |      81.10       |      36.27      
    5839     |      83.39       |      18.25      
    5842     |      83.14       |      12.93      
    5843     |      81.07       |      32.91      
    5844     |      74.61       |      19.76      
    5845     |      54.50       |      34.89      
    5846     |      53.92       |      37.34      
    5847     |      51.18       |      37.95      
    5848     |      55.80       |      37.07      
    5849     |      57.38       |      32.30      
    5850     |      48.91       |      44.34      
    5851     |      38.21       |      50.89      
    5852     |      37.54       |      51.56      
    5853     |      42.89       |      46.75      
    5854     |      36.73       |      56.64      
    5855     |      47.02       |      44.85      
    5856     |      48.76       |      40.91      
    5857     |      43.41       |      53.21      
    5859     |      48.87       |      48.09      
    5860     |      45.98       |      56.88      
    5861     |      50.84       |      50.01      
    5872     |      84.48       |      16.57      
    5873     |      83.74       |      20.46      
    5874     |      86.09       |      17.35      
    5876     |      76.63       |      31.50      
    5877     |      63.44       |      29.85      
    5878     |      39.32       |      55.31      
    5879     |      42.07       |      54.98      
    5880     |      36.17       |      53.06      
    5881     |      37.53       |      51.57      
    5882     |      45.34       |      50.29      
    5883     |      48.45       |      48.69      
    5884     |      46.64       |      43.07      
    5889     |      68.63       |      44.67      
    5891     |      89.51       |      21.64      
    5895     |      86.19       |      16.80      
    5902     |      72.35       |      31.96      
    5903     |      54.22       |      36.96      
    5904     |      54.22       |      37.01      
    5905     |      43.63       |      48.30      
    5906     |      42.10       |      50.72      
    5907     |      42.76       |      46.59      
    5908     |      45.44       |      43.71      
    5909     |      52.22       |      37.15      
    5910     |      52.21       |      37.80      
    5911     |      53.69       |      39.35      
    5912     |      51.29       |      46.60      
    5913     |      47.80       |      50.58      
    5914     |      48.98       |      55.15      
    5915     |      50.29       |      52.64      
    5916     |      59.55       |      45.10      
    5917     |      59.80       |      51.06      
    5918     |      59.09       |      53.35      
    5923     |      81.16       |      17.51      
    5926     |      86.84       |      15.56      
    5927     |      69.31       |      24.95      
    5933     |      86.93       |      20.04      
    5934     |      89.63       |      15.70      
    5935     |      71.07       |      37.32      
    5936     |      69.89       |      20.91      
    5940     |      69.12       |      23.86      
    5941     |      67.00       |      35.02      
    5942     |      63.75       |      29.40      
    5943     |      47.91       |      46.95      
    5944     |      52.77       |      37.21      
    5945     |      65.08       |      53.28      
    5948     |      66.68       |      58.68      
    5950     |      80.88       |      38.94      
    5951     |      85.66       |       5.30      
    5956     |      84.27       |      29.58      
    5957     |      83.88       |      25.71      
    5958     |      86.11       |      31.28      
    5959     |      84.29       |      10.83      
    5960     |      83.69       |      36.70      
    5961     |      62.44       |      54.21      
    5962     |      62.19       |      53.81      
    5963     |      73.32       |      47.37      
    5967     |      79.95       |      24.54      
    5968     |      49.24       |      49.88      
    5969     |      52.15       |      37.82      
    5970     |      59.10       |      40.95      
    5971     |      60.86       |      37.74      
    5972     |      60.68       |      50.99      
    5973     |      59.18       |      49.23      
    5974     |      60.05       |      45.30      
    5975     |      62.97       |      44.47      
    5976     |      67.19       |      59.56      
    5979     |      76.86       |      13.04      
    5980     |      76.40       |      23.14      
    5981     |      88.69       |      22.65      
    5986     |      89.86       |      46.33      
    5987     |      83.71       |      45.20      
    5988     |      84.23       |      45.84      
    5989     |      62.03       |      54.59      
    5992     |      85.55       |      48.33      
    5993     |      60.23       |      41.81      
    5994     |      60.75       |      42.46      
    5995     |      63.75       |      32.18      
    5996     |      60.83       |      34.74      
    5997     |      68.46       |      44.17      
    5998     |      69.40       |      47.44      
    6003     |      89.97       |      19.55      
    6004     |      75.67       |      30.99      
    6007     |      85.81       |       9.20      
    6008     |      83.64       |      30.42      
    6009     |      83.42       |      32.34      
    6010     |      71.99       |      26.76      
    6011     |      72.86       |      34.73      
    6012     |      70.07       |      36.21      
    6013     |      66.56       |      44.45      
    6014     |      73.31       |      45.82      
    6015     |      74.09       |      58.65      
    6020     |      78.96       |      21.09      
    6021     |      79.16       |      10.76      
    6022     |      89.62       |      21.57      
    6023     |      88.61       |       7.02      
    6024     |      80.60       |      54.27      
    6025     |      86.97       |      19.05      
    6026     |      75.76       |      17.22      
    6027     |      66.15       |      34.48      
    6028     |      77.73       |      29.71      
    6029     |      72.90       |      45.00      
    6030     |      85.28       |       9.34      
    6031     |      87.70       |      26.32      
    6037     |      83.84       |      29.73      
    6038     |      83.90       |      45.43      
    6039     |      78.86       |      27.11      
    6040     |      80.48       |      36.37      
    6041     |      71.98       |      40.22      
    6042     |      74.88       |      42.09      
    6043     |      73.26       |      47.77      
    6044     |      79.63       |      53.07      
    6046     |      86.21       |       5.30      
    6047     |      61.62       |      28.28      
    6048     |      75.45       |      19.67      
    6049     |      76.38       |      40.40      
    6052     |      82.31       |      37.07      
    6053     |      79.04       |      32.60      
    6054     |      78.58       |      52.71      
    6057     |      82.98       |      32.91      
    6058     |      74.03       |      38.88      
    6059     |      76.86       |      46.28      
    6061     |      74.90       |      24.66      
    6062     |      81.34       |      18.08      
    6063     |      81.39       |      40.27      
    6064     |      81.31       |      21.97      
    6065     |      78.34       |      15.81      
    6066     |      77.84       |      18.04      
    6067     |      84.41       |      25.63      
    6068     |      84.67       |      35.99      
    6069     |      82.80       |      35.53      
    6072     |      83.27       |      34.34      
    6073     |      81.59       |      34.25      
    6074     |      84.05       |      45.69      
    6075     |      80.66       |      48.29      
    6076     |      75.28       |      55.83      
    6080     |      68.61       |      23.35      
    6081     |      64.94       |      33.94      
    6082     |      68.13       |      23.39      
    6083     |      66.36       |      23.71      
    6084     |      67.83       |      23.13      
    6085     |      70.99       |      19.02      
    6086     |      76.32       |      20.42      
    6087     |      76.09       |      13.85      
    6088     |      78.01       |      24.37      
    6089     |      86.87       |      20.68      
    6090     |      89.52       |      26.72      
    6091     |      82.75       |      32.90      
    6092     |      76.97       |      13.31      
    6093     |      87.27       |      16.18      
    6094     |      80.45       |      48.93      
    6095     |      89.84       |       8.17      
    6097     |      77.54       |      42.27      
    6098     |      77.28       |      42.87      
    6099     |      77.00       |      41.49      
    6100     |      80.16       |      45.26      
    6101     |      80.47       |      44.09      
    6102     |      81.57       |      49.86      
    6105     |      68.23       |      21.69      
    6106     |      70.85       |      20.52      
    6107     |      74.14       |      22.69      
    6108     |      87.72       |      13.67      
    6110     |      86.61       |      26.49      
    6111     |      72.72       |      28.72      
    6112     |      61.90       |      39.62      
    6113     |      69.16       |      42.57      
    6114     |      73.07       |      55.71      
    6115     |      72.13       |      25.84      
    6116     |      72.65       |      48.89      
    6118     |      80.42       |      35.95      
    6119     |      85.17       |      39.28      
    6120     |      89.24       |      56.22      
    6121     |      87.53       |      50.87      
    6122     |      80.10       |      45.06      
    6123     |      79.83       |      49.14      
    6124     |      81.97       |      59.41      
    6126     |      64.12       |      28.27      
    6127     |      55.99       |      34.50      
    6128     |      54.20       |      35.83      
    6129     |      69.05       |      37.36      
    6130     |      64.27       |      27.03      
    6131     |      77.60       |      30.20      
    6132     |      50.16       |      40.45      
    6133     |      50.14       |      40.38      
    6134     |      73.82       |      33.41      
    6135     |      72.13       |      28.91      
    6136     |      72.42       |      28.24      
    6137     |      73.54       |      34.35      
    6138     |      74.69       |      28.22      
    6139     |      78.41       |      31.29      
    6141     |      84.76       |      32.22      
    6142     |      80.10       |      33.54      
    6143     |      85.14       |      53.85      
    6144     |      77.19       |      52.20      
    6145     |      78.42       |      50.22      
    6146     |      78.40       |      44.09      
    6147     |      79.58       |      51.90      
    6149     |      68.37       |      23.60      
    6150     |      62.79       |      29.76      
    6151     |      62.68       |      33.08      
    6152     |      55.86       |      34.70      
    6153     |      83.64       |      35.78      
    6154     |      68.65       |      30.88      
    6155     |      75.29       |      15.04      
    6156     |      82.50       |      36.81      
    6157     |      71.81       |      31.18      
    6158     |      76.50       |      26.94      
    6159     |      83.37       |      15.21      
    6160     |      89.03       |      23.21      
    6161     |      86.44       |      51.92      
    6162     |      77.93       |      40.98      
    6163     |      79.30       |      25.36      
    6164     |      76.71       |      17.60      
    6171     |      79.60       |      59.79      
    6172     |      83.32       |      58.09      
    6174     |      69.52       |      23.12      
    6175     |      69.44       |      20.60      
    6176     |      71.65       |      18.65      
    6177     |      70.59       |      20.11      
    6178     |      73.78       |      30.95      
    6179     |      84.21       |       8.32      
    6180     |      87.47       |       2.75      
    6181     |      71.98       |      22.09      
    6182     |      74.20       |      17.73      
    6183     |      75.15       |      17.95      
    6184     |      75.54       |      16.83      
    6185     |      77.17       |      41.71      
    6186     |      80.49       |      10.56      
    6187     |      77.23       |      44.45      
    6188     |      63.69       |      41.37      
    6190     |      71.70       |      42.47      
    6193     |      82.86       |      59.47      
    6194     |      83.42       |      58.70      
    6195     |      77.97       |      43.92      
    6196     |      75.83       |      57.09      
    6199     |      71.97       |      26.42      
    6200     |      71.23       |      20.28      
    6201     |      84.16       |       6.04      
    6202     |      57.86       |      36.01      
    6203     |      73.97       |      18.65      
    6204     |      70.34       |      32.78      
    6205     |      71.44       |      27.48      
    6206     |      73.52       |      43.32      
    6207     |      76.23       |      26.60      
    6208     |      77.59       |      43.44      
    6209     |      78.16       |      49.84      
    6210     |      74.24       |      42.62      
    6211     |      71.23       |      41.45      
    6212     |      69.26       |      37.29      
    6213     |      67.32       |      34.99      
    6214     |      68.90       |      39.69      
    6215     |      79.94       |      57.84      
    6216     |      81.11       |      54.29      
    6217     |      75.25       |      59.45      
    6218     |      77.86       |      54.02      
    6219     |      80.99       |      58.13      
    6220     |      78.82       |      52.03      
    6221     |      75.84       |      57.57      
    6222     |      75.86       |      18.80      
    6223     |      80.73       |      15.57      
    6224     |      84.99       |       5.45      
    6225     |      85.78       |       4.57      
    6226     |      85.54       |      14.70      
    6227     |      75.34       |      16.20      
    6228     |      74.25       |      16.22      
    6229     |      76.74       |      15.39      
    6230     |      74.46       |      18.63      
    6231     |      80.15       |      26.77      
    6232     |      87.26       |       3.59      
    6234     |      78.19       |      46.87      
    6235     |      80.46       |      50.17      
    6236     |      71.82       |      53.68      
    6239     |      74.64       |      54.78      
    6240     |      73.85       |      57.81      
    6241     |      84.25       |      54.97      
    6242     |      84.29       |      54.71      
    6243     |      78.02       |      43.88      
    6244     |      75.66       |      57.61      
    6245     |      82.33       |      16.61      
    6246     |      71.74       |      26.99      
    6250     |      82.16       |      13.97      
    6251     |      76.00       |      17.09      
    6254     |      79.10       |      16.59      
    6260     |      77.44       |      35.86      
    6261     |      83.57       |      41.54      
    6262     |      78.21       |      11.97      
    6263     |      89.18       |      17.20      
    6264     |      85.99       |      16.18      
    6266     |      71.42       |      57.79      
    6267     |      69.69       |      54.23      
    6268     |      80.59       |      48.00      
    6270     |      74.19       |      56.54      
    6272     |      72.34       |      59.46      
    6277     |      76.92       |      13.33      
    6278     |      84.97       |      14.32      
    6279     |      78.16       |      23.33      
    6280     |      78.26       |      24.77      
    6281     |      68.24       |      27.94      
    6282     |      64.81       |      38.10      
    6283     |      72.80       |      27.04      
    6284     |      72.98       |      18.38      
    6285     |      71.19       |      19.50      
    6286     |      73.01       |      19.25      
    6287     |      77.10       |      13.50      
    6288     |      75.49       |      23.20      
    6289     |      75.60       |      45.31      
    6290     |      76.22       |      47.01      
    6291     |      86.55       |      11.96      
    6292     |      89.05       |       6.80      
    6295     |      82.14       |      58.53      
    6296     |      73.73       |      45.00      
    6298     |      83.33       |      29.44      
    6300     |      69.95       |      51.38      
    6302     |      78.14       |      57.81      
    6303     |      81.20       |      48.22      
    6305     |      83.19       |      55.43      
    6306     |      76.79       |      55.73      
    6308     |      76.14       |      49.83      
    6310     |      72.76       |      19.20      
    6311     |      84.52       |       6.76      
    6314     |      72.64       |      26.95      
    6315     |      65.47       |      25.63      
    6316     |      79.71       |      11.03      
    6317     |      83.49       |       8.05      
    6318     |      71.60       |      22.09      
    6319     |      57.68       |      32.82      
    6320     |      80.88       |      33.52      
    6321     |      79.54       |      11.74      
    6322     |      60.48       |      44.27      
    6323     |      67.05       |      58.40      
    6324     |      87.19       |      48.85      
    6325     |      80.95       |      26.13      
    6326     |      80.93       |      30.48      
    6327     |      74.29       |      18.32      
    6328     |      77.10       |      46.42      
    6329     |      78.25       |      59.94      
    6331     |      81.62       |      45.51      
    6332     |      83.42       |      59.07      
    6333     |      88.38       |      55.54      
    6334     |      88.18       |      53.89      
    6336     |      76.02       |      20.72      
    6337     |      74.91       |      31.56      
    6338     |      65.64       |      50.62      
    6339     |      70.19       |      22.52      
    6340     |      84.47       |      16.59      
    6341     |      81.76       |      33.95      
    6342     |      62.12       |      44.33      
    6343     |      85.52       |      48.89      
    6344     |      78.79       |      24.17      
    6345     |      84.41       |      26.54      
    6346     |      87.28       |      35.15      
    6347     |      81.93       |      30.48      
    6348     |      80.89       |      48.49      
    6349     |      79.67       |      52.90      
    6350     |      89.69       |      55.32      
    6351     |      89.90       |      57.96      
    6356     |      74.29       |      35.76      
    6357     |      69.67       |      25.13      
    6358     |      74.78       |      31.77      
    6359     |      53.63       |      37.99      
    6360     |      66.76       |      23.85      
    6361     |      71.94       |      27.19      
    6362     |      73.18       |      19.86      
    6363     |      77.48       |      13.68      
    6364     |      77.96       |      12.76      
    6365     |      77.69       |      13.19      
    6366     |      71.93       |      29.60      
    6367     |      69.35       |      23.03      
    6368     |      56.06       |      34.49      
    6369     |      72.40       |      39.66      
    6370     |      72.42       |      42.51      
    6371     |      66.79       |      32.19      
    6372     |      75.30       |      34.13      
    6373     |      77.48       |      41.87      
    6374     |      79.09       |      43.34      
    6375     |      78.89       |      42.79      
    6376     |      84.89       |      53.17      
    6378     |      88.94       |      53.42      
    6379     |      84.25       |      54.61      
    6380     |      84.29       |      54.77      
    6381     |      85.83       |      51.00      
    6386     |      65.78       |      34.13      
    6387     |      61.53       |      34.61      
    6388     |      60.81       |      30.12      
    6389     |      72.52       |      17.98      
    6390     |      73.87       |      26.77      
    6391     |      66.25       |      42.67      
    6392     |      71.96       |      47.65      
    6393     |      76.94       |      59.68      
    6394     |      78.92       |      50.38      
    6395     |      81.63       |      59.76      
    6396     |      82.50       |      52.55      
    6397     |      83.35       |      50.71      
    6401     |      80.12       |      58.88      
    6407     |      71.11       |      31.53      
    6408     |      72.20       |      28.71      
    6409     |      66.57       |      27.97      
    6410     |      70.34       |      22.70      
    6411     |      71.39       |      19.76      
    6412     |      73.50       |      17.15      
    6413     |      72.57       |      17.91      
    6414     |      63.83       |      30.36      
    6415     |      64.37       |      30.79      
    6416     |      68.25       |      25.06      
    6417     |      84.38       |      24.68      
    6421     |      77.79       |      43.25      
    6422     |      78.62       |      43.44      
    6423     |      78.58       |      43.40      
    6424     |      77.00       |      46.10      
    6425     |      79.78       |      50.00      
    6426     |      81.00       |      54.06      
    6427     |      81.20       |      53.27      
    6428     |      88.86       |      35.11      
    6429     |      88.52       |      41.14      
    6431     |      84.11       |      50.17      
    6439     |      63.79       |      30.84      
    6440     |      68.34       |      22.22      
    6441     |      64.96       |      27.93      
    6442     |      65.48       |      27.67      
    6443     |      67.05       |      45.36      
    6444     |      71.81       |      27.63      
    6445     |      71.75       |      26.73      
    6446     |      71.67       |      26.94      
    6447     |      71.36       |      31.88      
    6448     |      52.62       |      37.92      
    6449     |      85.35       |      59.61      
    6451     |      76.65       |      44.51      
    6452     |      77.46       |      45.95      
    6453     |      80.38       |      46.19      
    6454     |      80.45       |      55.47      
    6464     |      69.97       |      32.96      
    6465     |      60.36       |      35.62      
    6466     |      64.82       |      34.74      
    6467     |      66.25       |      27.92      
    6468     |      66.08       |      28.46      
    6469     |      64.13       |      26.47      
    6470     |      66.66       |      24.02      
    6471     |      65.85       |      29.34      
    6472     |      65.73       |      29.15      
    6473     |      70.50       |      20.79      
    6474     |      70.93       |      19.91      
    6475     |      74.17       |      20.23      
    6476     |      78.78       |      18.52      
    6477     |      77.39       |      28.39      
    6478     |      71.28       |      27.39      
    6479     |      52.98       |      37.58      
    6481     |      73.28       |      52.32      
    6482     |      70.38       |      44.68      
    6483     |      78.27       |      35.37      
    6484     |      77.53       |      45.87      
    6485     |      80.39       |      50.61      
    6486     |      79.70       |      50.22      
    6487     |      80.03       |      43.45      
    6488     |      86.56       |      49.25      
    6489     |      86.82       |      45.72      
    6490     |      78.51       |      44.72      
    6491     |      83.27       |      59.21      
    6497     |      69.20       |      29.28      
    6498     |      67.65       |      31.26      
    6499     |      70.54       |      23.24      
    6500     |      67.05       |      24.61      
    6501     |      67.29       |      23.51      
    6502     |      79.45       |      22.33      
    6503     |      72.77       |      21.47      
    6504     |      83.77       |      10.08      
    6506     |      80.75       |      46.39      
    6507     |      63.13       |      33.44      
    6508     |      68.75       |      26.71      
    6509     |      83.84       |      49.03      
    6510     |      78.70       |      30.95      
    6512     |      80.80       |      53.57      
    6513     |      79.40       |      45.36      
    6514     |      83.00       |      53.18      
    6518     |      71.05       |      29.99      
    6519     |      70.53       |      26.22      
    6520     |      61.57       |      31.52      
    6521     |      69.48       |      39.69      
    6522     |      53.36       |      39.31      
    6523     |      55.83       |      40.62      
    6524     |      69.70       |      20.95      
    6525     |      71.83       |      30.16      
    6526     |      77.14       |      14.83      
    6527     |      84.91       |      12.54      
    6528     |      67.66       |      23.26      
    6529     |      72.31       |      50.93      
    6530     |      81.90       |      30.52      
    6531     |      76.00       |      22.91      
    6533     |      78.41       |      35.41      
    6534     |      85.43       |      23.63      
    6535     |      83.76       |      31.02      
    6536     |      82.41       |      41.95      
    6537     |      80.44       |      47.84      
    6538     |      83.49       |      53.99      
    6539     |      80.74       |      42.03      
    6540     |      82.73       |      53.00      
    6541     |      82.62       |      56.48      
    6550     |      84.74       |      18.53      
    6551     |      60.89       |      30.09      
    6552     |      70.23       |      28.66      
    6553     |      69.37       |      28.98      
    6554     |      66.35       |      28.31      
    6555     |      75.17       |      22.84      
    6556     |      76.29       |      34.49      
    6557     |      76.71       |      34.94      
    6558     |      81.52       |      11.28      
    6559     |      70.33       |      21.52      
    6560     |      68.49       |      22.59      
    6561     |      64.90       |      25.79      
    6562     |      64.42       |      26.55      
    6563     |      73.40       |      18.73      
    6564     |      80.97       |       9.96      
    6565     |      81.13       |       9.65      
    6566     |      77.23       |      23.71      
    6567     |      66.08       |      33.84      
    6568     |      67.46       |      55.64      
    6569     |      76.67       |      34.35      
    6570     |      73.02       |      30.23      
    6571     |      73.83       |      39.42      
    6572     |      74.79       |      40.36      
    6573     |      76.24       |      56.47      
    6574     |      80.27       |      45.13      
    6575     |      81.33       |      37.47      
    6576     |      79.00       |      47.89      
    6577     |      88.83       |      44.49      
    6578     |      82.12       |      54.09      
    6579     |      79.41       |      46.11      
    6580     |      87.88       |      58.16      
    6590     |      69.42       |      30.72      
    6591     |      66.45       |      28.24      
    6592     |      73.81       |      25.92      
    6593     |      60.05       |      38.53      
    6594     |      56.83       |      35.01      
    6595     |      63.10       |      28.09      
    6596     |      82.64       |      33.30      
    6598     |      74.74       |      36.56      
    6599     |      72.14       |      19.46      
    6600     |      71.34       |      19.69      
    6601     |      70.69       |      21.82      
    6602     |      67.61       |      23.66      
    6603     |      77.01       |      22.71      
    6604     |      68.82       |      22.26      
    6605     |      69.87       |      39.60      
    6606     |      74.90       |      31.00      
    6607     |      74.30       |      34.54      
    6608     |      73.91       |      35.18      
    6609     |      73.95       |      34.95      
    6610     |      73.69       |      54.38      
    6611     |      75.16       |      55.18      
    6612     |      76.30       |      51.66      
    6613     |      73.01       |      48.34      
    6614     |      71.84       |      44.64      
    6615     |      71.57       |      49.82      
    6624     |      73.47       |      25.80      
    6625     |      67.39       |      29.76      
    6626     |      65.76       |      29.18      
    6627     |      74.29       |      37.73      
    6628     |      69.35       |      39.78      
    6629     |      84.41       |       9.71      
    6630     |      71.95       |      19.09      
    6631     |      66.89       |      23.92      
    6632     |      69.58       |      21.62      
    6633     |      70.92       |      23.37      
    6634     |      81.56       |      19.12      
    6635     |      79.52       |      32.85      
    6636     |      81.09       |      25.35      
    6637     |      79.11       |      39.99      
    6639     |      82.12       |      44.27      
    6640     |      81.91       |      43.88      
    6641     |      86.72       |      24.53      
    6642     |      87.87       |      27.77      
    6643     |      85.40       |      57.50      
    6645     |      79.55       |      56.22      
    6646     |      77.98       |      53.36      
    6647     |      77.80       |      50.36      
    6648     |      76.60       |      53.30      
    6660     |      75.36       |      21.40      
    6661     |      74.73       |      20.52      
    6662     |      71.27       |      44.89      
    6663     |      60.08       |      38.08      
    6664     |      72.94       |      17.98      
    6665     |      70.54       |      20.28      
    6666     |      70.64       |      21.18      
    6667     |      74.41       |      16.84      
    6668     |      74.60       |      16.44      
    6669     |      74.64       |      16.59      
    6676     |      76.46       |      57.47      
    6677     |      82.31       |      47.00      
    6679     |      80.02       |      50.85      
    6680     |      82.37       |      46.58      
    6681     |      75.16       |      44.83      
    6683     |      77.69       |      50.77      
    6688     |      71.07       |      27.31      
    6689     |      69.69       |      26.91      
    6690     |      73.54       |      24.83      
    6691     |      75.45       |      29.71      
    6692     |      69.75       |      21.14      
    6696     |      87.78       |       6.25      
    6697     |      66.74       |      51.48      
    6698     |      63.80       |      47.50      
    6699     |      65.59       |      39.65      
    6700     |      72.72       |      28.83      
    6701     |      72.29       |      26.70      
    6702     |      74.09       |      22.47      
    6703     |      78.91       |      15.90      
    6704     |      81.20       |      10.83      
    6705     |      84.08       |      18.32      
    6712     |      79.37       |      54.60      
    6713     |      81.25       |      45.78      
    6714     |      89.14       |      50.94      
    6715     |      88.57       |      48.68      
    6718     |      86.47       |      45.15      
    6719     |      76.32       |      56.54      
    6726     |      68.97       |      31.25      
    6727     |      73.63       |      21.28      
    6728     |      66.01       |      25.08      
    6729     |      69.45       |      21.45      
    6730     |      77.14       |      18.64      
    6731     |      71.74       |      46.22      
    6732     |      65.73       |      37.52      
    6733     |      89.89       |      20.45      
    6734     |      89.81       |      21.00      
    6735     |      83.13       |      12.44      
    6736     |      81.91       |      19.28      
    6738     |      60.17       |      54.97      
    6739     |      68.84       |      38.96      
    6740     |      71.30       |      26.74      
    6741     |      76.23       |      27.81      
    6742     |      88.27       |      22.46      
    6743     |      74.90       |      17.20      
    6744     |      70.70       |      25.84      
    6745     |      56.27       |      41.51      
    6746     |      35.46       |      59.59      
    6752     |      73.75       |      51.40      
    6753     |      73.59       |      48.05      
    6756     |      72.50       |      58.83      
    6758     |      64.96       |      46.97      
    6760     |      81.42       |      54.01      
    6770     |      68.52       |      31.94      
    6771     |      73.10       |      25.68      
    6772     |      73.16       |      25.88      
    6773     |      70.90       |      26.15      
    6774     |      73.95       |      32.00      
    6775     |      77.52       |      21.49      
    6776     |      81.68       |      43.61      
    6777     |      85.05       |      10.45      
    6779     |      72.08       |      27.75      
    6780     |      79.14       |      12.60      
    6781     |      67.97       |      26.89      
    6782     |      64.01       |      27.67      
    6783     |      61.63       |      40.94      
    6784     |      51.48       |      42.23      
    6785     |      54.49       |      41.73      
    6786     |      83.18       |      13.51      
    6792     |      76.51       |      22.11      
    6793     |      65.77       |      44.17      
    6794     |      63.97       |      37.19      
    6796     |      65.33       |      49.81      
    6798     |      67.58       |      50.55      
    6799     |      72.36       |      50.21      
    6800     |      72.74       |      40.33      
    6806     |      71.18       |      31.93      
    6807     |      69.98       |      31.15      
    6808     |      71.21       |      26.08      
    6809     |      68.81       |      30.75      
    6810     |      84.35       |      19.01      
    6811     |      69.16       |      25.86      
    6812     |      69.19       |      25.75      
    6813     |      65.77       |      27.45      
    6815     |      58.44       |      46.98      
    6817     |      72.12       |      20.43      
    6822     |      69.88       |      50.81      
    6823     |      79.62       |      53.77      
    6827     |      57.39       |      48.02      
    6838     |      71.24       |      30.83      
    6839     |      74.78       |      31.67      
    6840     |      81.64       |      28.96      
    6841     |      80.97       |      17.81      
    6842     |      84.11       |      19.84      
    6868     |      73.40       |      28.83      
    6869     |      82.46       |      28.74      
    6870     |      80.64       |      11.21      
    6871     |      77.30       |      20.45      
    6873     |      83.54       |      27.18      
    6913     |      73.55       |      28.48      
    6914     |      87.75       |      31.97      
    6915     |      82.77       |       9.10      
    6916     |      73.78       |      49.38      
    6941     |      78.07       |      27.52      
    6942     |      77.56       |      52.66      
   10199     |      82.35       |       7.01      
   10273     |      89.45       |      16.03      
   10511     |      88.19       |       8.80      
   10609     |      80.43       |      10.43      
   10610     |      78.02       |      16.67      
   10652     |      89.05       |      11.01      
   10711     |      85.69       |      24.45      
   10712     |      85.11       |      12.12      
   10839     |      79.37       |       9.92      
   10840     |      78.34       |      16.66      
   10877     |      84.24       |       7.14      
   10878     |      69.70       |      25.19      
   10879     |      73.73       |      15.68      
   10880     |      78.80       |      11.98      
   10964     |      81.53       |       8.05      
   10965     |      78.88       |      11.99      
   10966     |      88.15       |       3.48      
   10967     |      72.35       |      18.43      
   10994     |      89.90       |       2.97      
   10995     |      85.37       |       4.72      
   10996     |      82.34       |      17.06      
   10997     |      71.45       |      17.69      
   11041     |      71.07       |      18.78      
   11042     |      70.41       |      18.71      
   11043     |      74.01       |      16.22      
   11044     |      77.05       |      30.19      
   11077     |      83.49       |       7.31      
   11078     |      82.96       |       6.29      
   11109     |      59.08       |      30.85      
   11110     |      71.14       |      24.74      
   11111     |      63.10       |      37.25      
   11112     |      70.67       |      20.19      
   11113     |      65.65       |      25.42      
   11114     |      65.88       |      27.60      
   11115     |      64.73       |      24.49      
   11131     |      42.20       |      51.14      
   11132     |      41.87       |      52.25      
   11142     |      52.44       |      50.47      
   11144     |      60.81       |      53.92      
   12038     |      62.90       |      57.30      
   12216     |      78.78       |      54.28      
   12217     |      77.87       |      41.23      
