=== Visibility Analysis Summary ===
Total patches: 12288
Geometric visible: 1537 (12.5%)
Light illuminated: 1369 (89.1% of geometric)
Reflection conditions met: 1537 (100.0% of geometric)
Light unoccluded: 1369 (89.1% of geometric)
Final visible: 1369 (11.1% of total)
Visible area: 392.40 (10.8% of total area)

=== Detailed Visibility Information ===
Patch Index  | Incidence Angle  |  Viewing Angle  
-------------+------------------+-----------------
    259      |      74.58       |      57.61      
    262      |      46.88       |      54.90      
    278      |      64.52       |      41.40      
    298      |      77.07       |      56.10      
    299      |      79.53       |      56.50      
    300      |      70.94       |      42.27      
    301      |      79.27       |      20.64      
    314      |      87.92       |      36.09      
    315      |      73.08       |      34.96      
    316      |      78.27       |      57.62      
    317      |      77.69       |      46.99      
    318      |      81.47       |      44.42      
    319      |      82.62       |      56.21      
    320      |      78.94       |      54.26      
    335      |      66.31       |      43.55      
    336      |      63.89       |      44.55      
    337      |      66.80       |      47.06      
    339      |      76.43       |      56.50      
    349      |      55.88       |      52.00      
    355      |      66.38       |      43.59      
    356      |      60.39       |      48.76      
    357      |      60.32       |      48.74      
    358      |      76.61       |      46.34      
    359      |      66.60       |      36.73      
    360      |      81.99       |      30.50      
    361      |      88.90       |      53.45      
    362      |      69.61       |      54.74      
    376      |      72.38       |      40.49      
    388      |      59.94       |      49.03      
    389      |      60.42       |      49.07      
    390      |      64.30       |      51.26      
    391      |      66.80       |      53.27      
    394      |      70.07       |      54.96      
    395      |      68.97       |      54.98      
    397      |      71.29       |      57.77      
    406      |      70.90       |      38.48      
    407      |      83.57       |      53.16      
    408      |      70.04       |      54.90      
    418      |      65.09       |      48.81      
    419      |      62.61       |      50.14      
    422      |      71.17       |      53.22      
    423      |      77.51       |      53.31      
    424      |      80.22       |      56.41      
    430      |      60.75       |      46.71      
    431      |      60.54       |      52.50      
    432      |      63.27       |      51.41      
    433      |      66.85       |      33.57      
    435      |      70.10       |      50.34      
    436      |      73.55       |      57.95      
    444      |      62.10       |      46.36      
    445      |      63.00       |      45.34      
    446      |      63.39       |      45.29      
    447      |      60.76       |      43.34      
    448      |      70.93       |      45.07      
    449      |      66.73       |      46.56      
    450      |      73.47       |      58.93      
    451      |      71.64       |      59.04      
    452      |      72.80       |      59.59      
    453      |      77.09       |      54.60      
    456      |      63.61       |      49.12      
    457      |      67.58       |      53.86      
    458      |      67.48       |      53.89      
    459      |      85.53       |      57.51      
    460      |      77.79       |      55.56      
    468      |      60.68       |      43.08      
    469      |      61.36       |      46.40      
    470      |      65.64       |      46.01      
    471      |      63.09       |      48.18      
    472      |      69.91       |      47.85      
    473      |      76.90       |      54.60      
    490      |      81.85       |      54.85      
    492      |      68.24       |      46.24      
    494      |      89.94       |      35.28      
    496      |      73.53       |      51.00      
    497      |      76.83       |      55.10      
    503      |      71.87       |      43.09      
    504      |      63.68       |      42.67      
    505      |      60.54       |      56.45      
    506      |      80.59       |      48.47      
    507      |      57.76       |      48.26      
    508      |      56.20       |      44.80      
    509      |      77.75       |      54.90      
    510      |      78.87       |      55.15      
    520      |      63.25       |      42.90      
    521      |      64.23       |      44.56      
    522      |      62.61       |      44.27      
    523      |      81.83       |      45.83      
    524      |      81.47       |      33.67      
    525      |      85.56       |      41.39      
    526      |      80.26       |      51.43      
    527      |      82.77       |      51.12      
    528      |      85.19       |      52.31      
    529      |      82.14       |      52.85      
    530      |      83.31       |      54.70      
    536      |      60.61       |      42.22      
    537      |      62.16       |      43.15      
    538      |      63.64       |      44.65      
    539      |      68.52       |      41.62      
    540      |      78.37       |      41.32      
    541      |      77.83       |      44.22      
    542      |      74.13       |      45.45      
    543      |      81.27       |      47.17      
    544      |      76.44       |      46.66      
    545      |      83.87       |      49.09      
    550      |      59.61       |      43.93      
    551      |      69.00       |      49.26      
    552      |      76.82       |      53.14      
    553      |      76.40       |      50.72      
    554      |      82.11       |      49.41      
    555      |      83.31       |      50.09      
    566      |      62.80       |      42.27      
    567      |      62.71       |      42.21      
    568      |      58.04       |      50.88      
    569      |      66.18       |      44.18      
    570      |      75.29       |      47.12      
    571      |      59.08       |      51.62      
    572      |      70.65       |      43.95      
    573      |      87.73       |      46.61      
    575      |      76.50       |      45.73      
    576      |      78.05       |      51.11      
    577      |      85.83       |      49.52      
    578      |      87.68       |      50.05      
    582      |      62.58       |      43.07      
    583      |      58.97       |      44.47      
    584      |      52.47       |      44.40      
    585      |      75.49       |      36.99      
    586      |      70.35       |      48.01      
    587      |      85.39       |      58.43      
    588      |      78.15       |      43.88      
    589      |      80.97       |      42.60      
    590      |      82.22       |      50.62      
    598      |      58.55       |      45.64      
    599      |      71.33       |      40.26      
    600      |      57.27       |      46.10      
    601      |      80.55       |      43.26      
    602      |      83.22       |      46.88      
    603      |      74.07       |      48.04      
    611      |      64.08       |      40.96      
    612      |      56.72       |      41.34      
    613      |      83.69       |      38.67      
    614      |      71.59       |      35.22      
    615      |      58.72       |      45.82      
    616      |      80.99       |      24.23      
    618      |      77.92       |      41.74      
    619      |      78.37       |      42.06      
    620      |      78.61       |      42.06      
    621      |      79.81       |      36.38      
    622      |      88.42       |      46.91      
    628      |      65.36       |      34.15      
    629      |      81.90       |      29.62      
    630      |      79.27       |      47.92      
    633      |      81.44       |      42.91      
    634      |      85.39       |      46.62      
    635      |      84.93       |      46.33      
    651      |      65.96       |      45.02      
    652      |      71.87       |      41.24      
    653      |      67.61       |      36.90      
    654      |      68.09       |      37.41      
    655      |      58.34       |      39.51      
    656      |      60.94       |      42.02      
    658      |      83.03       |      43.68      
    659      |      77.77       |      42.14      
    660      |      77.23       |      42.95      
    661      |      78.52       |      43.47      
    662      |      79.43       |      45.83      
    663      |      87.04       |      46.80      
    675      |      76.96       |      35.76      
    676      |      57.80       |      45.10      
    677      |      66.95       |      51.14      
    678      |      67.02       |      37.86      
    679      |      67.35       |      30.33      
    681      |      82.73       |      51.73      
    682      |      83.12       |      43.62      
    683      |      78.88       |      45.99      
    684      |      87.19       |      51.93      
    692      |      63.63       |      36.89      
    693      |      43.65       |      47.58      
    695      |      78.73       |      48.13      
    696      |      73.11       |      38.60      
    697      |      69.98       |      24.65      
    699      |      80.80       |      39.72      
    700      |      77.48       |      42.21      
    701      |      76.70       |      41.88      
    713      |      63.96       |      35.65      
    714      |      84.14       |       6.60      
    715      |      75.27       |      47.66      
    716      |      73.05       |      38.89      
    717      |      77.10       |      37.68      
    718      |      76.88       |      41.84      
    719      |      78.47       |      43.53      
    720      |      85.95       |      52.61      
    721      |      85.99       |      52.71      
    722      |      89.12       |      55.82      
    733      |      67.63       |      35.17      
    734      |      78.84       |      49.28      
    735      |      64.16       |      50.43      
    736      |      75.12       |      43.85      
    737      |      75.12       |      43.62      
    738      |      86.05       |      51.47      
    739      |      80.24       |      42.68      
    740      |      87.68       |      45.11      
    741      |      86.66       |      52.31      
    743      |      86.91       |      25.28      
    759      |      52.39       |      46.54      
    760      |      77.07       |      42.96      
    761      |      69.64       |      40.76      
    762      |      60.18       |      59.81      
    763      |      75.63       |      58.59      
    764      |      64.13       |      51.54      
    765      |      69.70       |      50.63      
    766      |      72.01       |      54.26      
    767      |      80.41       |      53.66      
    768      |      87.64       |      44.95      
    769      |      83.11       |      46.41      
    770      |      86.83       |      48.06      
    781      |      56.72       |      45.17      
    782      |      65.05       |      49.79      
    783      |      61.67       |      38.79      
    784      |      59.19       |      47.86      
    785      |      70.45       |      51.84      
    786      |      57.67       |      54.94      
    787      |      84.62       |      49.64      
    788      |      75.71       |      37.58      
    789      |      77.43       |      37.07      
    790      |      80.71       |      53.41      
    791      |      82.86       |      53.61      
    792      |      78.24       |      37.30      
    793      |      86.60       |      47.52      
    794      |      84.97       |      45.91      
    795      |      81.33       |      42.94      
    814      |      83.97       |      40.36      
    815      |      68.43       |      39.79      
    816      |      76.09       |      56.08      
    817      |      59.71       |      53.22      
    818      |      60.16       |      57.65      
    819      |      65.13       |      56.81      
    821      |      84.88       |      48.88      
    822      |      86.73       |      47.47      
    823      |      84.86       |      46.24      
    837      |      64.34       |      33.05      
    838      |      72.19       |      37.33      
    839      |      53.76       |      44.34      
    840      |      59.24       |      47.75      
    841      |      84.85       |      41.15      
    842      |      68.45       |      39.74      
    843      |      77.97       |      41.18      
    846      |      87.48       |      49.46      
    847      |      85.83       |      46.76      
    848      |      69.05       |      35.03      
    856      |      88.78       |      58.20      
    864      |      66.64       |      40.92      
    865      |      64.01       |      42.07      
    866      |      59.03       |      35.68      
    867      |      65.28       |      48.97      
    868      |      55.82       |      38.03      
    869      |      87.31       |      31.12      
    871      |      85.18       |      46.01      
    873      |      89.89       |      46.38      
    874      |      88.34       |      47.64      
    882      |      64.70       |      39.98      
    883      |      82.76       |      37.40      
    884      |      84.84       |      41.12      
    885      |      68.46       |      39.68      
    886      |      74.09       |      40.68      
    887      |      76.87       |      26.26      
    888      |      84.69       |      31.63      
    890      |      88.39       |      50.47      
    891      |      87.25       |      49.73      
    892      |      56.28       |      56.81      
    894      |      87.11       |      44.91      
    915      |      72.70       |      24.12      
    916      |      60.25       |      30.03      
    917      |      69.32       |      41.01      
    918      |      62.60       |      50.68      
    919      |      74.96       |      44.82      
    920      |      85.65       |      46.42      
    921      |      88.22       |      50.78      
    922      |      86.70       |      50.46      
    923      |      76.26       |      28.40      
    924      |      88.20       |      30.67      
    939      |      77.78       |      12.45      
    940      |      81.10       |      29.90      
    941      |      86.17       |      32.27      
    942      |      50.97       |      47.66      
    943      |      65.84       |      51.51      
    944      |      85.10       |      53.81      
    946      |      89.16       |      47.65      
    947      |      80.08       |      35.77      
    948      |      88.36       |      36.09      
    951      |      88.17       |      50.91      
    952      |      84.19       |      47.37      
    953      |      88.27       |      47.60      
    955      |      89.29       |      55.39      
    970      |      62.81       |      33.98      
    971      |      71.23       |      25.39      
    972      |      77.57       |      24.90      
    973      |      77.23       |      12.91      
    974      |      79.27       |      40.44      
    975      |      76.28       |      40.66      
    976      |      70.94       |      34.44      
    977      |      79.36       |      34.62      
    978      |      79.68       |      35.72      
    980      |      80.10       |      50.76      
    982      |      80.58       |      50.20      
    983      |      84.45       |      58.37      
    992      |      73.06       |      20.61      
    993      |      57.94       |      37.96      
    994      |      70.73       |      33.31      
    995      |      73.19       |      34.68      
    996      |      71.66       |      18.42      
    997      |      81.93       |      16.83      
    998      |      75.87       |      41.43      
    999      |      75.61       |      49.52      
    1001     |      81.87       |      37.00      
    1003     |      81.40       |      49.84      
    1004     |      87.78       |      57.62      
    1005     |      85.16       |      55.54      
    1031     |      57.42       |      38.27      
    1032     |      57.94       |      37.96      
    1033     |      59.38       |      32.48      
    1034     |      50.09       |      39.84      
    1035     |      76.29       |      50.11      
    1036     |      76.35       |      38.42      
    1038     |      84.80       |      29.53      
    1039     |      81.46       |      30.29      
    1041     |      78.98       |      48.52      
    1042     |      79.17       |      49.89      
    1043     |      82.12       |      56.58      
    1044     |      77.52       |      57.00      
    1045     |      70.60       |      55.61      
    1047     |      68.85       |      49.85      
    1060     |      71.30       |      29.46      
    1061     |      65.29       |      29.83      
    1062     |      81.97       |      17.70      
    1063     |      73.99       |      19.92      
    1064     |      69.03       |      21.26      
    1065     |      65.57       |      36.91      
    1067     |      88.19       |      41.68      
    1068     |      70.43       |      30.70      
    1069     |      80.15       |      44.25      
    1070     |      79.19       |      43.99      
    1071     |      86.47       |      44.86      
    1072     |      80.17       |      49.73      
    1073     |      78.58       |      53.80      
    1074     |      78.87       |      53.94      
    1075     |      85.33       |      55.41      
    1096     |      69.88       |      29.26      
    1097     |      72.98       |      17.78      
    1098     |      79.18       |      17.86      
    1099     |      64.28       |      27.34      
    1100     |      57.82       |      32.56      
    1101     |      68.67       |      45.89      
    1102     |      76.42       |      48.00      
    1103     |      75.80       |      48.02      
    1104     |      79.64       |      49.94      
    1105     |      80.85       |      52.34      
    1106     |      83.05       |      51.80      
    1107     |      66.91       |      52.56      
    1108     |      80.42       |      57.11      
    1111     |      76.51       |      52.88      
    1112     |      74.25       |      47.96      
    1127     |      81.55       |      18.99      
    1128     |      65.03       |      29.82      
    1129     |      79.28       |      14.54      
    1131     |      85.00       |      33.98      
    1132     |      74.24       |      21.98      
    1133     |      69.05       |      23.54      
    1134     |      64.69       |      52.19      
    1136     |      80.82       |      48.02      
    1137     |      76.36       |      54.00      
    1138     |      70.34       |      46.48      
    1140     |      77.64       |      53.68      
    1141     |      82.52       |      54.38      
    1142     |      77.71       |      46.76      
    1155     |      85.19       |      32.02      
    1157     |      71.14       |      18.89      
    1158     |      73.70       |      16.26      
    1159     |      73.67       |      16.26      
    1161     |      63.42       |      29.69      
    1162     |      83.22       |      34.74      
    1165     |      77.27       |      30.80      
    1166     |      58.42       |      32.34      
    1170     |      84.15       |      38.68      
    1171     |      71.99       |      32.86      
    1172     |      67.14       |      51.76      
    1173     |      63.36       |      50.88      
    1174     |      66.91       |      57.19      
    1177     |      85.53       |      56.93      
    1190     |      88.93       |      30.00      
    1191     |      82.41       |       7.63      
    1192     |      81.24       |       8.61      
    1193     |      84.95       |      18.61      
    1194     |      85.94       |      19.91      
    1195     |      83.57       |      29.54      
    1201     |      75.80       |      41.75      
    1213     |      88.30       |      11.28      
    1215     |      88.40       |       1.55      
    1216     |      82.14       |      20.80      
    1217     |      81.19       |      18.65      
    1218     |      76.19       |      17.99      
    1220     |      73.85       |      38.18      
    1221     |      85.73       |      35.27      
    1222     |      72.33       |      32.65      
    1223     |      86.90       |      37.91      
    1224     |      71.37       |      47.40      
    1225     |      60.77       |      52.55      
    1227     |      76.00       |      27.69      
    1249     |      85.76       |      12.62      
    1250     |      84.92       |      15.32      
    1251     |      83.32       |      10.73      
    1253     |      84.60       |       5.08      
    1255     |      89.66       |      33.33      
    1256     |      76.92       |      33.69      
    1257     |      72.36       |      32.63      
    1258     |      68.23       |      43.29      
    1259     |      57.92       |      49.35      
    1260     |      88.38       |      39.92      
    1277     |      74.12       |      21.20      
    1278     |      79.15       |      10.83      
    1279     |      75.67       |      21.20      
    1280     |      86.68       |      20.64      
    1281     |      83.26       |      16.80      
    1282     |      81.08       |      11.02      
    1284     |      88.92       |       4.06      
    1285     |      80.75       |      27.69      
    1286     |      86.63       |      27.51      
    1287     |      70.78       |      33.32      
    1306     |      87.68       |       4.92      
    1307     |      82.46       |      16.16      
    1308     |      86.58       |      10.13      
    1309     |      74.13       |      19.87      
    1310     |      85.61       |      21.70      
    1311     |      70.03       |      19.46      
    1312     |      78.68       |      45.88      
    1313     |      61.50       |      52.11      
    1314     |      75.42       |      48.34      
    1315     |      80.82       |      40.56      
    1316     |      75.35       |      27.85      
    1318     |      88.17       |      24.23      
    1319     |      84.98       |      20.11      
    1323     |      87.37       |      52.05      
    1324     |      89.84       |      59.50      
    5687     |      75.96       |      36.58      
    5688     |      71.43       |      18.95      
    5689     |      61.62       |      28.57      
    5690     |      55.33       |      34.63      
    5691     |      55.15       |      34.51      
    5692     |      42.31       |      56.32      
    5693     |      40.26       |      49.77      
    5694     |      39.53       |      51.25      
    5695     |      36.94       |      55.65      
    5696     |      32.56       |      57.25      
    5697     |      45.68       |      47.65      
    5698     |      54.83       |      36.38      
    5699     |      55.46       |      35.16      
    5700     |      37.71       |      52.29      
    5712     |      74.37       |      22.80      
    5713     |      69.17       |      35.30      
    5714     |      65.60       |      24.44      
    5715     |      53.01       |      36.84      
    5716     |      57.16       |      46.63      
    5717     |      44.23       |      45.62      
    5718     |      49.91       |      46.81      
    5719     |      52.25       |      37.53      
    5720     |      36.99       |      52.69      
    5721     |      33.26       |      58.22      
    5722     |      36.38       |      54.17      
    5723     |      54.74       |      49.22      
    5724     |      43.54       |      47.05      
    5725     |      46.45       |      45.32      
    5726     |      38.15       |      52.11      
    5727     |      30.03       |      59.70      
    5728     |      36.65       |      55.19      
    5738     |      37.93       |      51.88      
    5746     |      89.92       |       0.75      
    5747     |      71.48       |      56.86      
    5748     |      80.30       |      14.15      
    5749     |      69.22       |      25.27      
    5750     |      60.04       |      33.89      
    5751     |      60.26       |      32.27      
    5752     |      53.81       |      36.14      
    5755     |      40.07       |      49.97      
    5756     |      36.04       |      53.65      
    5757     |      38.24       |      52.82      
    5758     |      31.69       |      59.16      
    5759     |      47.48       |      57.42      
    5760     |      36.11       |      54.35      
    5761     |      38.89       |      57.18      
    5769     |      44.97       |      45.38      
    5779     |      80.80       |      21.41      
    5780     |      80.04       |      17.79      
    5781     |      78.30       |      16.57      
    5782     |      74.11       |      35.84      
    5783     |      69.24       |      25.24      
    5784     |      50.10       |      46.52      
    5785     |      47.32       |      47.80      
    5786     |      47.81       |      42.18      
    5787     |      33.02       |      56.71      
    5792     |      35.56       |      59.54      
    5793     |      33.44       |      59.97      
    5797     |      42.05       |      52.97      
    5805     |      81.88       |      20.87      
    5806     |      64.93       |      51.25      
    5807     |      73.42       |      19.54      
    5808     |      59.94       |      30.87      
    5809     |      62.51       |      55.89      
    5810     |      76.51       |      17.42      
    5811     |      74.25       |      21.07      
    5812     |      68.71       |      43.00      
    5813     |      65.39       |      32.97      
    5814     |      62.41       |      29.98      
    5815     |      57.85       |      37.34      
    5816     |      44.59       |      45.93      
    5817     |      33.95       |      57.31      
    5827     |      31.21       |      58.96      
    5835     |      77.44       |      57.49      
    5836     |      73.07       |      22.20      
    5837     |      75.16       |      17.42      
    5838     |      61.20       |      44.92      
    5839     |      63.94       |      30.16      
    5840     |      73.66       |      24.01      
    5841     |      75.85       |      27.07      
    5842     |      64.31       |      27.08      
    5843     |      61.08       |      42.13      
    5844     |      55.62       |      35.52      
    5845     |      37.31       |      52.58      
    5846     |      35.17       |      54.72      
    5847     |      35.28       |      55.58      
    5848     |      44.12       |      53.11      
    5849     |      42.56       |      49.57      
    5856     |      31.30       |      58.56      
    5867     |      74.14       |      21.61      
    5868     |      88.61       |       3.30      
    5869     |      80.04       |      37.42      
    5870     |      72.20       |      39.42      
    5871     |      71.59       |      44.12      
    5872     |      65.15       |      28.47      
    5873     |      64.11       |      31.46      
    5874     |      66.65       |      27.97      
    5875     |      80.25       |      19.93      
    5876     |      56.63       |      42.90      
    5877     |      44.28       |      46.53      
    5889     |      49.03       |      56.47      
    5890     |      71.75       |      22.99      
    5891     |      69.74       |      28.96      
    5892     |      75.51       |      33.32      
    5893     |      76.23       |      24.29      
    5894     |      75.84       |      23.97      
    5895     |      66.80       |      27.55      
    5896     |      74.20       |      31.96      
    5897     |      72.19       |      21.61      
    5898     |      85.06       |      32.41      
    5900     |      73.06       |      38.61      
    5901     |      71.93       |      37.75      
    5902     |      52.38       |      44.94      
    5903     |      35.54       |      54.34      
    5904     |      35.50       |      54.39      
    5909     |      37.01       |      54.62      
    5910     |      34.34       |      55.40      
    5911     |      34.37       |      56.34      
    5916     |      39.65       |      59.41      
    5923     |      67.54       |      29.46      
    5924     |      73.47       |      48.39      
    5925     |      73.97       |      47.98      
    5926     |      73.03       |      24.50      
    5927     |      50.16       |      41.23      
    5928     |      73.31       |      42.89      
    5929     |      80.81       |      20.83      
    5930     |      83.65       |      14.26      
    5931     |      86.85       |      19.23      
    5933     |      67.28       |      29.37      
    5934     |      70.29       |      24.51      
    5935     |      51.10       |      49.64      
    5936     |      54.73       |      37.66      
    5937     |      86.24       |      40.73      
    5938     |      86.21       |      26.63      
    5940     |      50.22       |      40.42      
    5941     |      47.02       |      49.19      
    5942     |      44.65       |      46.10      
    5944     |      34.90       |      54.82      
    5950     |      61.10       |      47.31      
    5951     |      67.92       |      22.24      
    5952     |      85.72       |      17.06      
    5953     |      84.95       |      25.15      
    5954     |      86.77       |      12.04      
    5956     |      64.27       |      38.11      
    5957     |      63.96       |      35.28      
    5958     |      66.11       |      38.61      
    5959     |      65.69       |      25.44      
    5960     |      63.81       |      44.22      
    5963     |      54.10       |      57.18      
    5965     |      80.69       |      30.76      
    5966     |      79.32       |      59.44      
    5967     |      60.15       |      36.24      
    5969     |      34.34       |      55.42      
    5970     |      39.11       |      56.21      
    5971     |      40.94       |      53.20      
    5974     |      40.18       |      59.44      
    5975     |      43.14       |      57.93      
    5978     |      79.03       |      25.92      
    5979     |      60.29       |      30.49      
    5980     |      56.81       |      37.09      
    5981     |      68.87       |      30.31      
    5982     |      73.36       |      30.05      
    5983     |      72.64       |      18.02      
    5985     |      84.68       |      56.65      
    5986     |      70.67       |      50.28      
    5987     |      64.41       |      51.62      
    5988     |      64.99       |      51.99      
    5992     |      66.58       |      53.72      
    5993     |      40.23       |      56.59      
    5994     |      40.77       |      56.96      
    5995     |      44.15       |      48.12      
    5996     |      41.21       |      50.92      
    5997     |      48.77       |      56.02      
    5998     |      50.05       |      58.46      
    6000     |      80.43       |      16.23      
    6001     |      82.91       |      31.70      
    6002     |      73.36       |      17.05      
    6003     |      70.32       |      27.15      
    6004     |      55.69       |      43.05      
    6006     |      72.72       |      30.53      
    6007     |      67.35       |      23.64      
    6008     |      63.64       |      39.04      
    6009     |      63.43       |      40.66      
    6010     |      52.33       |      41.30      
    6011     |      52.86       |      46.88      
    6012     |      50.08       |      49.04      
    6013     |      46.85       |      56.85      
    6014     |      53.90       |      55.82      
    6020     |      66.16       |      32.85      
    6021     |      62.43       |      28.25      
    6022     |      77.34       |      26.53      
    6023     |      72.76       |      19.53      
    6025     |      67.37       |      28.75      
    6026     |      61.01       |      32.75      
    6027     |      46.22       |      49.22      
    6028     |      57.75       |      41.24      
    6029     |      53.42       |      55.38      
    6030     |      66.84       |      24.12      
    6031     |      67.76       |      33.76      
    6032     |      79.55       |      35.42      
    6033     |      81.28       |      40.67      
    6034     |      81.73       |      32.88      
    6035     |      74.53       |      17.53      
    6037     |      63.84       |      38.38      
    6038     |      64.61       |      51.75      
    6039     |      58.96       |      38.63      
    6040     |      60.56       |      45.23      
    6041     |      52.13       |      51.59      
    6042     |      55.19       |      52.13      
    6043     |      54.06       |      57.52      
    6046     |      69.76       |      21.36      
    6047     |      44.58       |      45.97      
    6048     |      56.40       |      35.33      
    6049     |      56.62       |      50.30      
    6050     |      72.00       |      32.54      
    6051     |      71.29       |      25.39      
    6052     |      62.44       |      45.18      
    6053     |      59.04       |      42.88      
    6055     |      74.58       |      55.11      
    6056     |      72.03       |      33.09      
    6057     |      62.99       |      41.35      
    6058     |      54.15       |      49.79      
    6059     |      57.57       |      55.02      
    6061     |      55.26       |      38.85      
    6062     |      62.01       |      31.41      
    6063     |      61.69       |      48.30      
    6064     |      61.63       |      33.97      
    6065     |      59.60       |      31.64      
    6066     |      58.80       |      33.21      
    6067     |      64.49       |      35.03      
    6068     |      64.76       |      43.29      
    6069     |      62.87       |      43.66      
    6070     |      71.83       |      34.48      
    6071     |      76.06       |      45.05      
    6072     |      63.31       |      42.40      
    6073     |      61.62       |      43.03      
    6074     |      64.78       |      51.90      
    6075     |      61.63       |      55.47      
    6080     |      53.96       |      39.73      
    6081     |      54.42       |      47.75      
    6082     |      53.29       |      40.00      
    6083     |      50.19       |      41.18      
    6084     |      49.71       |      40.58      
    6085     |      53.75       |      36.70      
    6086     |      57.06       |      35.43      
    6087     |      59.18       |      31.47      
    6088     |      58.27       |      37.27      
    6089     |      67.17       |      30.02      
    6090     |      69.56       |      33.20      
    6091     |      62.76       |      41.59      
    6092     |      59.49       |      30.90      
    6093     |      67.92       |      26.67      
    6094     |      61.53       |      56.18      
    6095     |      74.31       |      18.77      
    6096     |      74.20       |      55.79      
    6097     |      57.91       |      51.42      
    6098     |      57.69       |      52.02      
    6099     |      57.31       |      50.94      
    6100     |      60.82       |      52.97      
    6101     |      61.02       |      51.86      
    6102     |      62.74       |      56.55      
    6105     |      51.57       |      39.29      
    6106     |      55.62       |      37.19      
    6107     |      61.08       |      36.50      
    6108     |      68.59       |      24.80      
    6109     |      77.93       |      18.51      
    6110     |      66.66       |      34.59      
    6111     |      52.89       |      42.62      
    6112     |      41.90       |      54.52      
    6113     |      49.38       |      54.62      
    6115     |      52.58       |      40.80      
    6116     |      53.58       |      58.79      
    6118     |      60.49       |      45.05      
    6119     |      65.41       |      45.90      
    6120     |      71.31       |      59.71      
    6121     |      68.85       |      55.35      
    6122     |      60.74       |      52.83      
    6123     |      60.89       |      56.53      
    6126     |      50.25       |      44.57      
    6127     |      41.00       |      51.79      
    6128     |      37.79       |      53.45      
    6129     |      49.06       |      50.49      
    6130     |      45.99       |      44.44      
    6131     |      67.68       |      39.58      
    6132     |      32.39       |      58.08      
    6133     |      32.50       |      58.02      
    6134     |      53.82       |      45.70      
    6135     |      52.31       |      42.99      
    6136     |      52.64       |      42.40      
    6137     |      53.54       |      46.53      
    6138     |      54.83       |      41.47      
    6139     |      58.41       |      42.19      
    6141     |      64.76       |      40.07      
    6142     |      60.11       |      43.18      
    6143     |      66.88       |      58.95      
    6145     |      59.60       |      57.99      
    6146     |      58.91       |      52.64      
    6147     |      60.99       |      59.09      
    6149     |      53.74       |      40.00      
    6150     |      49.15       |      46.04      
    6151     |      50.99       |      48.13      
    6152     |      40.93       |      51.97      
    6153     |      63.72       |      43.62      
    6154     |      48.85       |      45.73      
    6155     |      57.85       |      32.64      
    6156     |      62.62       |      44.96      
    6157     |      51.88       |      44.78      
    6158     |      56.66       |      39.80      
    6159     |      64.28       |      28.56      
    6160     |      69.19       |      30.67      
    6161     |      67.92       |      56.78      
    6162     |      58.22       |      50.22      
    6163     |      59.48       |      37.34      
    6164     |      57.90       |      33.47      
    6165     |      72.98       |      28.01      
    6166     |      71.19       |      35.60      
    6167     |      74.86       |      44.89      
    6168     |      73.46       |      44.76      
    6169     |      71.37       |      52.49      
    6170     |      71.87       |      55.97      
    6174     |      55.14       |      39.18      
    6175     |      52.63       |      38.21      
    6176     |      55.32       |      36.04      
    6177     |      54.80       |      37.22      
    6178     |      63.70       |      41.93      
    6179     |      66.08       |      24.59      
    6180     |      70.13       |      20.33      
    6181     |      53.02       |      38.43      
    6182     |      55.90       |      34.78      
    6183     |      56.53       |      34.49      
    6184     |      57.15       |      33.65      
    6185     |      57.50       |      51.16      
    6186     |      62.69       |      27.82      
    6187     |      57.78       |      53.45      
    6188     |      43.72       |      55.37      
    6190     |      51.97       |      53.66      
    6192     |      76.61       |      57.68      
    6195     |      58.46       |      52.66      
    6199     |      59.82       |      39.82      
    6200     |      55.98       |      36.91      
    6201     |      66.85       |      23.67      
    6202     |      45.75       |      51.96      
    6203     |      55.46       |      35.44      
    6204     |      50.38       |      46.55      
    6205     |      51.78       |      42.28      
    6206     |      53.90       |      53.80      
    6207     |      56.42       |      39.69      
    6208     |      58.05       |      52.47      
    6209     |      59.31       |      57.81      
    6210     |      54.57       |      52.94      
    6211     |      51.42       |      53.00      
    6212     |      49.27       |      50.33      
    6213     |      47.36       |      49.21      
    6214     |      48.96       |      52.35      
    6220     |      60.24       |      59.48      
    6222     |      61.61       |      33.55      
    6223     |      66.36       |      29.04      
    6224     |      67.52       |      22.97      
    6225     |      68.84       |      21.96      
    6226     |      66.37       |      27.00      
    6227     |      59.77       |      32.77      
    6228     |      56.76       |      33.82      
    6229     |      58.45       |      32.30      
    6230     |      55.85       |      35.23      
    6231     |      60.25       |      38.07      
    6232     |      69.75       |      20.83      
    6233     |      80.66       |      44.98      
    6234     |      58.99       |      55.20      
    6235     |      61.68       |      57.31      
    6243     |      58.51       |      52.62      
    6245     |      68.45       |      28.51      
    6246     |      59.76       |      40.32      
    6247     |      84.08       |       9.30      
    6248     |      86.09       |      10.28      
    6249     |      72.39       |      54.19      
    6250     |      63.29       |      28.69      
    6251     |      57.44       |      33.64      
    6252     |      72.69       |      18.11      
    6253     |      80.72       |      44.68      
    6254     |      60.17       |      31.83      
    6255     |      81.12       |      24.22      
    6257     |      72.24       |      43.04      
    6258     |      71.73       |      42.02      
    6260     |      57.48       |      46.24      
    6261     |      63.95       |      48.58      
    6262     |      61.20       |      29.54      
    6263     |      69.74       |      26.15      
    6264     |      66.70       |      27.55      
    6265     |      78.88       |      54.41      
    6268     |      61.53       |      55.32      
    6276     |      74.23       |      16.26      
    6277     |      59.64       |      30.96      
    6278     |      70.68       |      25.61      
    6279     |      65.91       |      34.81      
    6280     |      66.52       |      35.66      
    6281     |      55.76       |      42.58      
    6282     |      44.81       |      52.51      
    6283     |      53.09       |      41.47      
    6284     |      54.94       |      35.71      
    6285     |      53.53       |      37.06      
    6286     |      54.61       |      36.25      
    6287     |      59.59       |      31.06      
    6288     |      62.86       |      36.19      
    6289     |      56.19       |      54.80      
    6290     |      57.01       |      56.04      
    6291     |      67.70       |      24.83      
    6292     |      70.80       |      20.48      
    6296     |      54.24       |      55.14      
    6298     |      63.34       |      38.58      
    6299     |      77.97       |      56.28      
    6303     |      62.17       |      55.31      
    6308     |      57.22       |      58.42      
    6310     |      57.55       |      35.62      
    6311     |      68.04       |      23.37      
    6312     |      87.93       |      20.19      
    6314     |      52.95       |      41.48      
    6315     |      47.52       |      43.12      
    6316     |      63.26       |      28.20      
    6317     |      65.65       |      25.06      
    6318     |      52.79       |      38.64      
    6319     |      40.47       |      50.43      
    6320     |      60.89       |      43.00      
    6321     |      63.48       |      28.48      
    6322     |      40.55       |      58.68      
    6324     |      68.27       |      53.74      
    6325     |      61.06       |      37.22      
    6326     |      60.94       |      40.53      
    6327     |      55.85       |      35.09      
    6328     |      57.82       |      55.20      
    6331     |      62.31       |      52.77      
    6333     |      70.33       |      59.44      
    6334     |      69.88       |      57.98      
    6336     |      62.50       |      34.52      
    6337     |      65.10       |      41.92      
    6339     |      55.69       |      38.65      
    6340     |      65.17       |      28.90      
    6341     |      61.78       |      42.99      
    6342     |      42.23       |      58.27      
    6343     |      66.61       |      54.40      
    6344     |      59.07       |      36.86      
    6345     |      64.47       |      35.87      
    6346     |      67.35       |      41.54      
    6347     |      61.93       |      40.09      
    6348     |      61.89       |      55.67      
    6350     |      71.60       |      58.79      
    6356     |      65.88       |      45.24      
    6357     |      56.25       |      40.29      
    6358     |      65.02       |      42.13      
    6359     |      39.90       |      54.92      
    6360     |      49.30       |      41.46      
    6361     |      52.28       |      41.93      
    6362     |      54.56       |      36.59      
    6363     |      59.67       |      31.05      
    6364     |      61.51       |      30.01      
    6365     |      61.42       |      30.30      
    6366     |      52.09       |      43.67      
    6367     |      50.88       |      40.11      
    6368     |      40.38       |      51.91      
    6369     |      52.52       |      51.23      
    6370     |      52.71       |      53.56      
    6371     |      47.02       |      47.40      
    6372     |      55.30       |      45.76      
    6373     |      57.81       |      51.23      
    6374     |      59.56       |      51.88      
    6375     |      59.31       |      51.48      
    6376     |      66.52       |      58.50      
    6378     |      70.59       |      57.30      
    6381     |      67.16       |      56.18      
    6386     |      55.38       |      47.64      
    6387     |      50.05       |      49.69      
    6388     |      43.02       |      47.69      
    6389     |      55.41       |      35.58      
    6390     |      54.16       |      40.88      
    6391     |      46.38       |      55.66      
    6392     |      52.69       |      58.00      
    6394     |      60.12       |      58.06      
    6396     |      64.03       |      58.76      
    6397     |      64.62       |      56.81      
    6398     |      78.06       |      46.05      
    6400     |      74.87       |      44.57      
    6407     |      60.69       |      43.62      
    6408     |      60.89       |      41.26      
    6409     |      53.38       |      43.43      
    6410     |      55.91       |      38.70      
    6411     |      53.52       |      37.21      
    6412     |      56.10       |      34.74      
    6413     |      55.67       |      35.47      
    6414     |      44.69       |      47.06      
    6415     |      45.04       |      47.19      
    6416     |      49.47       |      41.87      
    6417     |      73.09       |      32.30      
    6419     |      87.11       |      54.47      
    6421     |      58.23       |      52.29      
    6422     |      59.09       |      52.15      
    6423     |      59.04       |      52.12      
    6424     |      57.68       |      54.99      
    6425     |      60.95       |      57.44      
    6427     |      62.82       |      59.87      
    6428     |      68.93       |      40.80      
    6429     |      68.88       |      46.26      
    6431     |      65.31       |      56.04      
    6435     |      72.86       |      45.91      
    6439     |      51.05       |      46.37      
    6440     |      51.23       |      39.81      
    6441     |      46.24       |      44.96      
    6442     |      46.69       |      44.60      
    6443     |      47.40       |      57.66      
    6444     |      52.14       |      42.33      
    6445     |      52.18       |      41.71      
    6446     |      52.09       |      41.90      
    6447     |      61.29       |      43.76      
    6448     |      36.48       |      55.42      
    6451     |      57.17       |      53.77      
    6452     |      58.13       |      54.71      
    6453     |      61.12       |      53.86      
    6464     |      59.92       |      45.11      
    6465     |      48.92       |      50.82      
    6466     |      54.43       |      48.47      
    6467     |      52.89       |      43.57      
    6468     |      52.97       |      43.95      
    6469     |      47.85       |      43.92      
    6470     |      49.38       |      41.61      
    6471     |      46.56       |      45.70      
    6472     |      46.50       |      45.59      
    6473     |      52.66       |      38.22      
    6474     |      53.49       |      37.46      
    6475     |      55.33       |      36.46      
    6476     |      59.62       |      33.26      
    6477     |      57.47       |      40.60      
    6478     |      51.67       |      42.36      
    6479     |      36.85       |      55.08      
    6482     |      50.77       |      56.03      
    6483     |      58.30       |      45.60      
    6484     |      58.19       |      54.63      
    6485     |      61.64       |      57.78      
    6486     |      60.89       |      57.66      
    6487     |      60.50       |      51.65      
    6488     |      67.67       |      54.37      
    6489     |      67.55       |      51.08      
    6490     |      59.07       |      53.26      
    6497     |      57.42       |      43.03      
    6498     |      56.38       |      45.00      
    6499     |      56.41       |      38.91      
    6500     |      51.89       |      41.44      
    6501     |      51.19       |      40.83      
    6502     |      66.99       |      33.64      
    6503     |      53.89       |      37.83      
    6504     |      68.20       |      25.01      
    6505     |      71.89       |      30.51      
    6506     |      61.53       |      53.96      
    6507     |      43.55       |      49.53      
    6508     |      49.53       |      42.84      
    6509     |      64.93       |      55.19      
    6510     |      58.71       |      41.95      
    6511     |      73.10       |      55.94      
    6513     |      60.03       |      53.50      
    6514     |      64.60       |      59.17      
    6518     |      59.97       |      42.65      
    6519     |      57.80       |      40.54      
    6520     |      48.04       |      47.77      
    6521     |      62.05       |      50.23      
    6522     |      40.53       |      55.91      
    6523     |      36.08       |      57.05      
    6524     |      52.81       |      38.49      
    6525     |      51.96       |      44.16      
    6526     |      59.07       |      31.94      
    6527     |      66.08       |      26.44      
    6528     |      50.23       |      40.80      
    6530     |      61.90       |      40.26      
    6531     |      56.54       |      37.39      
    6533     |      58.44       |      45.58      
    6534     |      65.60       |      33.26      
    6535     |      63.76       |      39.79      
    6536     |      62.79       |      49.47      
    6537     |      61.35       |      55.33      
    6538     |      65.22       |      59.77      
    6539     |      61.10       |      50.15      
    6540     |      64.30       |      59.12      
    6550     |      71.49       |      28.16      
    6551     |      45.36       |      47.30      
    6552     |      58.43       |      42.18      
    6553     |      57.47       |      42.79      
    6554     |      53.21       |      43.74      
    6555     |      62.16       |      36.29      
    6556     |      67.59       |      43.52      
    6557     |      68.20       |      43.67      
    6558     |      65.78       |      27.09      
    6559     |      52.17       |      38.80      
    6560     |      52.61       |      39.77      
    6561     |      48.29       |      43.29      
    6562     |      48.60       |      43.82      
    6563     |      58.03       |      35.24      
    6564     |      63.51       |      27.46      
    6565     |      63.84       |      27.20      
    6566     |      57.61       |      37.40      
    6567     |      46.23       |      48.90      
    6569     |      56.68       |      45.46      
    6570     |      53.13       |      43.74      
    6571     |      53.95       |      50.56      
    6572     |      54.97       |      50.98      
    6574     |      60.90       |      53.03      
    6575     |      61.45       |      46.10      
    6576     |      59.89       |      55.89      
    6577     |      69.44       |      49.22      
    6579     |      60.11       |      54.15      
    6581     |      72.02       |      42.71      
    6582     |      75.89       |      49.66      
    6590     |      58.25       |      43.89      
    6591     |      53.25       |      43.68      
    6592     |      61.69       |      38.82      
    6593     |      50.07       |      52.96      
    6594     |      42.60       |      51.90      
    6595     |      45.35       |      45.60      
    6596     |      73.86       |      39.72      
    6597     |      77.13       |      15.46      
    6598     |      54.77       |      47.96      
    6599     |      56.49       |      36.32      
    6600     |      55.18       |      36.92      
    6601     |      55.79       |      38.19      
    6604     |      51.25       |      39.77      
    6605     |      49.93       |      52.10      
    6613     |      53.81       |      58.25      
    6614     |      52.23       |      55.49      
    6615     |      52.51       |      59.98      
    6624     |      61.20       |      38.91      
    6625     |      55.29       |      44.21      
    6626     |      52.78       |      44.59      
    6627     |      66.59       |      46.85      
    6628     |      49.42       |      52.42      
    6642     |      67.90       |      35.21      
    6647     |      58.96       |      58.45      
    6650     |      84.09       |      42.76      
    6660     |      61.83       |      35.45      
    6681     |      55.64       |      54.54      
    6683     |      58.87       |      58.81      
    6688     |      58.84       |      41.01      
    6689     |      56.92       |      41.43      
    6690     |      60.92       |      38.34      
    6770     |      57.63       |      45.11      
    6806     |      60.79       |      43.96      
    6807     |      59.07       |      43.97      
    6838     |      60.42       |      43.22      
    9276     |      73.68       |      24.96      
    9343     |      81.09       |      29.47      
    9344     |      85.86       |      18.49      
    9526     |      79.33       |      24.61      
    9837     |      83.48       |      23.84      
    9894     |      89.83       |      35.13      
    9898     |      86.26       |      11.86      
    9900     |      82.18       |      22.80      
    9903     |      84.53       |      22.37      
    9904     |      81.96       |      38.12      
    9970     |      75.60       |      28.89      
    9971     |      76.17       |      21.37      
   10026     |      84.43       |      20.68      
   10029     |      88.79       |      17.62      
   10030     |      89.89       |      22.32      
   10031     |      66.83       |      24.15      
   10086     |      83.94       |      50.50      
   10089     |      80.80       |      10.47      
   10090     |      78.03       |      29.40      
   10091     |      79.61       |      21.43      
   10092     |      63.79       |      42.12      
   10093     |      81.29       |      28.41      
   10094     |      74.36       |      21.86      
   10146     |      81.20       |      13.04      
   10147     |      55.38       |      53.33      
   10148     |      74.87       |      28.67      
   10149     |      72.15       |      20.51      
   10150     |      80.06       |      12.96      
   10151     |      79.34       |      20.73      
   10152     |      76.25       |      34.25      
   10199     |      65.57       |      24.35      
   10200     |      46.07       |      45.97      
   10201     |      74.10       |      20.39      
   10202     |      83.26       |      17.80      
   10203     |      73.34       |      32.76      
   10204     |      70.49       |      26.01      
   10205     |      76.26       |      34.25      
   10206     |      64.12       |      29.96      
   10207     |      69.58       |      22.53      
   10208     |      76.48       |      27.75      
   10209     |      79.65       |      16.58      
   10273     |      70.04       |      24.46      
   10274     |      74.36       |      22.33      
   10275     |      78.33       |      19.66      
   10276     |      89.54       |      20.30      
   10277     |      77.41       |      25.63      
   10332     |      78.38       |      26.01      
   10335     |      75.99       |      22.05      
   10336     |      70.36       |      28.02      
   10337     |      74.74       |      31.59      
   10338     |      75.70       |      27.78      
   10339     |      85.92       |      21.31      
   10340     |      80.73       |      28.77      
   10341     |      80.71       |      28.25      
   10342     |      85.45       |      17.75      
   10401     |      81.64       |       9.37      
   10402     |      79.68       |      21.67      
   10403     |      79.62       |      26.53      
   10404     |      79.43       |      23.14      
   10405     |      61.43       |      33.04      
   10406     |      61.37       |      36.60      
   10407     |      74.10       |      26.85      
   10408     |      74.29       |      27.43      
   10409     |      84.09       |      15.59      
   10460     |      85.98       |      29.00      
   10465     |      72.84       |      21.98      
   10466     |      73.17       |      25.90      
   10467     |      72.43       |      27.16      
   10468     |      81.38       |      44.90      
   10469     |      86.30       |      35.54      
   10470     |      80.86       |      14.74      
   10472     |      78.70       |      23.64      
   10473     |      79.27       |      20.66      
   10474     |      84.08       |      15.56      
   10475     |      86.13       |      24.86      
   10511     |      72.72       |      19.80      
   10512     |      74.75       |      28.41      
   10513     |      66.32       |      25.51      
   10514     |      64.14       |      41.92      
   10515     |      64.28       |      46.54      
   10518     |      84.78       |       6.46      
   10519     |      77.01       |      20.81      
   10520     |      74.17       |      27.46      
   10521     |      75.43       |      23.31      
   10522     |      86.79       |      25.26      
   10523     |      85.41       |      32.12      
   10524     |      81.86       |      24.59      
   10525     |      82.97       |      16.87      
   10557     |      82.82       |       9.42      
   10558     |      56.31       |      40.26      
   10559     |      58.78       |      53.33      
   10560     |      64.73       |      46.39      
   10561     |      75.69       |      17.91      
   10562     |      76.86       |      24.47      
   10563     |      43.12       |      46.33      
   10564     |      78.95       |      23.67      
   10565     |      82.37       |      19.33      
   10566     |      77.65       |      25.66      
   10567     |      74.85       |      31.74      
   10568     |      74.49       |      29.25      
   10569     |      86.34       |       4.88      
   10570     |      77.56       |      13.13      
   10605     |      79.35       |      27.28      
   10607     |      78.32       |      14.13      
   10608     |      76.01       |      16.75      
   10609     |      64.56       |      26.59      
   10610     |      63.79       |      30.65      
   10611     |      42.75       |      47.44      
   10612     |      76.86       |      36.81      
   10613     |      81.10       |      17.31      
   10614     |      81.18       |      28.60      
   10615     |      80.28       |      21.25      
   10616     |      72.76       |      31.54      
   10617     |      70.99       |      26.63      
   10618     |      71.04       |      26.91      
   10619     |      73.11       |      27.90      
   10620     |      78.43       |      22.63      
   10621     |      77.88       |      25.72      
   10622     |      86.47       |      18.49      
   10651     |      81.75       |      28.21      
   10652     |      70.16       |      21.67      
   10653     |      40.76       |      53.50      
   10654     |      47.59       |      42.21      
   10655     |      48.72       |      52.20      
   10656     |      67.39       |      36.59      
   10657     |      64.35       |      31.99      
   10658     |      70.40       |      27.18      
   10659     |      63.26       |      30.61      
   10660     |      65.91       |      30.72      
   10661     |      65.55       |      32.68      
   10662     |      70.12       |      25.87      
   10663     |      85.77       |      33.71      
   10664     |      88.33       |      23.63      
   10665     |      80.51       |      29.97      
   10666     |      65.68       |      24.81      
   10667     |      69.67       |      31.59      
   10668     |      60.51       |      30.38      
   10669     |      67.18       |      22.04      
   10710     |      85.73       |       8.15      
   10711     |      74.32       |      30.70      
   10712     |      70.40       |      23.68      
   10713     |      58.64       |      32.09      
   10714     |      71.61       |      28.46      
   10715     |      69.34       |      32.53      
   10716     |      67.96       |      30.71      
   10717     |      70.19       |      26.81      
   10718     |      64.18       |      29.05      
   10719     |      64.49       |      29.64      
   10720     |      78.73       |      22.33      
   10721     |      69.17       |      34.29      
   10722     |      73.20       |      36.59      
   10723     |      80.75       |      21.35      
   10724     |      70.98       |      19.48      
   10725     |      80.36       |      34.08      
   10726     |      60.21       |      31.54      
   10727     |      66.39       |      22.76      
   10750     |      76.45       |      16.65      
   10751     |      75.45       |      15.23      
   10752     |      68.32       |      25.51      
   10753     |      73.56       |      29.78      
   10754     |      68.13       |      34.88      
   10755     |      65.18       |      35.26      
   10756     |      67.99       |      40.22      
   10757     |      69.63       |      21.92      
   10758     |      70.44       |      24.63      
   10759     |      68.61       |      20.55      
   10800     |      80.05       |      31.87      
   10801     |      51.96       |      39.61      
   10802     |      54.63       |      42.40      
   10803     |      62.67       |      29.33      
   10804     |      60.66       |      34.12      
   10805     |      71.74       |      23.93      
   10806     |      73.25       |      28.09      
   10807     |      54.09       |      39.33      
   10808     |      63.72       |      30.63      
   10809     |      72.71       |      25.38      
   10810     |      74.73       |      15.97      
   10811     |      75.91       |      13.66      
   10835     |      80.97       |      14.54      
   10836     |      81.21       |      14.07      
   10837     |      73.45       |      16.39      
   10838     |      73.06       |      17.17      
   10839     |      62.71       |      27.36      
   10840     |      59.33       |      31.76      
   10841     |      66.84       |      23.89      
   10842     |      63.16       |      34.32      
   10843     |      63.63       |      29.12      
   10844     |      65.46       |      34.32      
   10845     |      56.57       |      37.50      
   10846     |      53.52       |      38.94      
   10847     |      52.85       |      36.48      
   10848     |      62.67       |      26.99      
   10877     |      68.16       |      22.76      
   10878     |      56.86       |      39.77      
   10879     |      56.14       |      33.32      
   10880     |      63.10       |      28.24      
   10881     |      57.44       |      33.48      
   10882     |      65.52       |      34.34      
   10883     |      60.75       |      31.65      
   10884     |      62.53       |      35.36      
   10885     |      53.74       |      36.89      
   10886     |      63.36       |      34.92      
   10887     |      58.85       |      32.78      
   10888     |      61.48       |      28.69      
   10889     |      60.70       |      28.61      
   10890     |      67.32       |      23.20      
   10922     |      78.16       |      17.82      
   10923     |      71.68       |      19.01      
   10924     |      55.83       |      36.01      
   10925     |      63.12       |      31.81      
   10926     |      60.97       |      39.09      
   10927     |      62.97       |      33.66      
   10928     |      63.07       |      29.10      
   10929     |      65.46       |      28.77      
   10930     |      59.62       |      30.59      
   10931     |      68.93       |      25.61      
   10932     |      69.53       |      20.61      
   10963     |      77.99       |      19.06      
   10964     |      64.99       |      25.24      
   10965     |      63.18       |      28.23      
   10966     |      71.63       |      18.62      
   10967     |      57.24       |      34.89      
   10968     |      63.32       |      28.98      
   10969     |      83.12       |      40.34      
   10970     |      79.86       |      25.89      
   10971     |      55.93       |      34.24      
   10972     |      61.45       |      27.92      
   10994     |      72.18       |      17.51      
   10995     |      68.76       |      21.47      
   10996     |      68.82       |      28.09      
   10997     |      55.05       |      35.23      
   10998     |      52.31       |      40.20      
   10999     |      54.96       |      39.58      
   11000     |      54.98       |      39.71      
   11001     |      54.53       |      39.48      
   11002     |      55.04       |      46.62      
   11003     |      52.10       |      38.19      
   11004     |      60.25       |      29.17      
   11005     |      68.15       |      31.64      
   11006     |      54.16       |      36.77      
   11007     |      60.10       |      36.43      
   11008     |      57.34       |      33.87      
   11040     |      82.92       |       9.38      
   11041     |      55.36       |      35.87      
   11042     |      53.47       |      36.41      
   11043     |      56.02       |      33.59      
   11044     |      67.27       |      39.48      
   11045     |      77.42       |      12.21      
   11046     |      59.27       |      39.00      
   11047     |      57.37       |      37.80      
   11048     |      57.44       |      37.82      
   11049     |      59.63       |      35.81      
   11050     |      60.19       |      36.45      
   11051     |      55.16       |      35.31      
   11052     |      55.18       |      35.28      
   11053     |      56.28       |      33.20      
   11077     |      65.60       |      24.14      
   11078     |      66.05       |      23.87      
   11079     |      52.69       |      43.40      
   11080     |      53.56       |      37.60      
   11081     |      66.90       |      33.31      
   11082     |      65.83       |      31.97      
   11083     |      55.41       |      35.16      
   11107     |      86.02       |      23.80      
   11108     |      80.92       |      11.17      
   11109     |      41.12       |      48.47      
   11110     |      51.74       |      40.19      
   11111     |      54.10       |      50.49      
   11112     |      55.76       |      36.68      
   11113     |      51.39       |      41.91      
   11114     |      53.03       |      43.01      
   11115     |      48.83       |      41.98      
   11116     |      47.51       |      45.35      
   11117     |      39.43       |      50.39      
   11118     |      43.89       |      49.51      
   11119     |      49.39       |      41.22      
   11120     |      55.89       |      44.17      
   11121     |      53.67       |      36.40      
   11122     |      54.06       |      36.67      
   11123     |      48.81       |      40.84      
   11124     |      55.88       |      33.67      
   11125     |      63.08       |      27.86      
   11126     |      39.69       |      49.96      
   11127     |      56.11       |      42.34      
   11129     |      39.44       |      50.25      
