=== Visibility Analysis Summary ===
Total patches: 12288
Geometric visible: 1539 (12.5%)
Light illuminated: 1330 (86.4% of geometric)
Reflection conditions met: 1539 (100.0% of geometric)
Light unoccluded: 1330 (86.4% of geometric)
Final visible: 1330 (10.8% of total)
Visible area: 387.64 (10.7% of total area)

=== Detailed Visibility Information ===
Patch Index  | Incidence Angle  |  Viewing Angle  
-------------+------------------+-----------------
    262      |      51.62       |      47.48      
    278      |      69.50       |      35.77      
    282      |      66.82       |      59.09      
    298      |      78.32       |      53.72      
    299      |      80.60       |      54.57      
    300      |      75.08       |      38.15      
    301      |      86.26       |      16.83      
    315      |      78.31       |      30.76      
    316      |      79.19       |      55.48      
    317      |      80.53       |      44.56      
    318      |      84.56       |      42.75      
    319      |      83.63       |      54.86      
    320      |      80.44       |      52.23      
    321      |      77.90       |      51.91      
    335      |      70.65       |      38.49      
    336      |      68.30       |      39.07      
    337      |      70.42       |      42.39      
    339      |      77.64       |      54.03      
    349      |      59.76       |      45.69      
    354      |      76.44       |      40.28      
    355      |      70.70       |      38.54      
    356      |      64.35       |      42.97      
    357      |      64.30       |      42.94      
    358      |      79.59       |      43.66      
    359      |      72.21       |      31.02      
    360      |      87.29       |      28.62      
    362      |      71.52       |      51.00      
    363      |      70.39       |      57.10      
    364      |      68.38       |      56.43      
    367      |      74.05       |      59.82      
    376      |      76.68       |      36.55      
    377      |      66.60       |      57.18      
    378      |      60.18       |      58.73      
    388      |      63.90       |      43.16      
    389      |      64.31       |      43.30      
    390      |      67.31       |      46.38      
    391      |      69.20       |      48.95      
    392      |      46.23       |      52.69      
    394      |      71.91       |      51.31      
    395      |      70.88       |      51.14      
    397      |      72.54       |      54.44      
    398      |      81.07       |      56.14      
    406      |      75.69       |      34.07      
    407      |      85.06       |      51.98      
    408      |      71.89       |      51.25      
    418      |      68.50       |      43.92      
    419      |      66.02       |      44.88      
    420      |      50.74       |      53.09      
    422      |      73.25       |      49.73      
    423      |      79.22       |      51.00      
    424      |      81.28       |      54.64      
    425      |      76.41       |      59.12      
    426      |      77.47       |      59.33      
    430      |      65.07       |      40.80      
    431      |      63.68       |      47.03      
    432      |      66.34       |      46.35      
    433      |      73.01       |      27.47      
    435      |      72.79       |      46.52      
    436      |      74.63       |      55.02      
    437      |      76.95       |      57.78      
    438      |      72.02       |      59.33      
    444      |      66.33       |      40.68      
    445      |      67.31       |      39.75      
    446      |      67.66       |      39.79      
    447      |      65.79       |      37.09      
    448      |      74.51       |      41.14      
    449      |      70.41       |      41.86      
    450      |      74.36       |      56.00      
    451      |      72.61       |      55.79      
    452      |      73.61       |      56.56      
    453      |      78.59       |      52.26      
    456      |      67.09       |      43.98      
    457      |      69.79       |      49.72      
    458      |      69.68       |      49.75      
    459      |      86.21       |      56.72      
    460      |      79.08       |      53.35      
    468      |      65.76       |      36.77      
    469      |      65.65       |      40.59      
    470      |      69.52       |      41.04      
    471      |      66.81       |      42.87      
    472      |      73.05       |      43.89      
    473      |      78.41       |      52.23      
    474      |      79.23       |      58.13      
    475      |      80.15       |      58.51      
    476      |      79.36       |      57.80      
    490      |      83.10       |      53.39      
    491      |      52.68       |      54.04      
    492      |      71.82       |      41.84      
    493      |      42.51       |      54.38      
    496      |      75.85       |      47.91      
    497      |      78.25       |      52.73      
    503      |      75.70       |      39.24      
    504      |      68.43       |      36.97      
    505      |      62.83       |      51.22      
    506      |      82.98       |      46.70      
    507      |      62.13       |      41.97      
    508      |      61.61       |      37.84      
    509      |      79.16       |      52.70      
    510      |      80.19       |      53.17      
    511      |      83.78       |      55.45      
    520      |      68.00       |      37.14      
    521      |      68.53       |      39.18      
    522      |      67.16       |      38.53      
    523      |      84.62       |      44.29      
    524      |      86.28       |      31.84      
    525      |      88.96       |      40.68      
    526      |      82.16       |      49.65      
    527      |      84.64       |      49.85      
    528      |      86.78       |      51.51      
    529      |      83.73       |      51.47      
    530      |      84.55       |      53.54      
    536      |      65.86       |      35.80      
    537      |      67.00       |      37.19      
    538      |      67.98       |      39.16      
    539      |      72.92       |      36.94      
    540      |      82.08       |      38.92      
    541      |      81.07       |      41.79      
    542      |      77.39       |      42.26      
    543      |      83.86       |      45.55      
    544      |      79.35       |      44.04      
    545      |      86.04       |      48.03      
    550      |      64.63       |      37.51      
    551      |      71.93       |      45.20      
    552      |      78.55       |      50.72      
    553      |      78.59       |      48.18      
    554      |      84.29       |      48.01      
    555      |      85.34       |      48.93      
    566      |      67.71       |      36.35      
    567      |      67.65       |      36.26      
    568      |      61.77       |      44.86      
    569      |      70.33       |      39.20      
    570      |      78.16       |      44.23      
    571      |      62.51       |      45.85      
    572      |      74.42       |      39.94      
    575      |      79.55       |      43.07      
    576      |      80.09       |      48.91      
    577      |      87.87       |      48.88      
    578      |      89.59       |      49.77      
    582      |      67.35       |      37.19      
    583      |      63.96       |      38.00      
    584      |      58.70       |      36.65      
    585      |      80.10       |      33.68      
    586      |      73.39       |      44.13      
    587      |      85.87       |      57.61      
    588      |      81.43       |      41.54      
    589      |      84.33       |      40.88      
    590      |      84.18       |      49.24      
    598      |      63.34       |      39.22      
    599      |      75.69       |      36.14      
    600      |      62.15       |      39.50      
    601      |      83.81       |      41.45      
    602      |      85.78       |      45.69      
    603      |      76.86       |      44.98      
    611      |      69.07       |      35.17      
    612      |      62.82       |      33.98      
    613      |      87.56       |      37.50      
    614      |      76.82       |      30.72      
    615      |      63.44       |      39.46      
    616      |      87.24       |      21.80      
    618      |      81.56       |      39.28      
    619      |      81.94       |      39.72      
    620      |      82.16       |      39.78      
    621      |      84.25       |      34.25      
    628      |      71.54       |      27.74      
    629      |      87.27       |      27.77      
    630      |      81.78       |      45.89      
    633      |      84.72       |      41.30      
    634      |      87.92       |      45.91      
    635      |      87.53       |      45.52      
    651      |      69.93       |      40.03      
    652      |      75.98       |      37.30      
    653      |      72.95       |      31.51      
    654      |      73.28       |      32.22      
    655      |      64.54       |      32.24      
    656      |      66.15       |      35.69      
    658      |      86.10       |      42.41      
    659      |      81.34       |      39.66      
    660      |      80.70       |      40.38      
    661      |      81.83       |      41.22      
    662      |      82.30       |      43.83      
    663      |      89.49       |      46.44      
    675      |      81.63       |      32.76      
    676      |      62.80       |      38.46      
    677      |      69.63       |      46.76      
    678      |      72.24       |      32.45      
    679      |      73.99       |      23.82      
    681      |      84.43       |      50.43      
    682      |      86.19       |      42.37      
    683      |      81.75       |      43.89      
    684      |      88.77       |      51.53      
    692      |      69.49       |      30.48      
    693      |      53.17       |      38.98      
    694      |      63.15       |      56.42      
    695      |      81.19       |      45.98      
    696      |      77.59       |      34.80      
    697      |      77.33       |      17.67      
    699      |      84.61       |      37.90      
    700      |      81.05       |      39.67      
    701      |      80.38       |      39.16      
    713      |      70.02       |      29.12      
    715      |      78.00       |      44.79      
    716      |      77.48       |      35.11      
    717      |      81.45       |      34.87      
    718      |      80.55       |      39.17      
    719      |      81.77       |      41.27      
    720      |      87.43       |      51.98      
    721      |      87.46       |      52.09      
    722      |      89.98       |      55.76      
    733      |      73.27       |      29.58      
    734      |      81.10       |      47.20      
    735      |      67.22       |      45.52      
    736      |      78.54       |      40.87      
    737      |      78.59       |      40.63      
    738      |      87.71       |      50.85      
    739      |      83.60       |      40.82      
    741      |      88.18       |      51.83      
    759      |      57.99       |      39.06      
    760      |      80.51       |      40.34      
    761      |      74.02       |      36.30      
    762      |      61.71       |      54.69      
    763      |      76.38       |      56.04      
    764      |      66.97       |      46.69      
    765      |      72.26       |      46.79      
    766      |      73.75       |      50.98      
    767      |      81.86       |      51.95      
    769      |      85.72       |      45.23      
    770      |      89.07       |      47.66      
    781      |      61.84       |      38.34      
    782      |      68.14       |      44.98      
    783      |      67.41       |      32.18      
    784      |      63.34       |      41.80      
    785      |      72.73       |      48.17      
    786      |      60.49       |      49.16      
    787      |      86.61       |      48.74      
    788      |      80.16       |      34.43      
    789      |      81.85       |      34.35      
    790      |      82.18       |      51.76      
    791      |      84.22       |      52.37      
    792      |      82.58       |      34.81      
    793      |      88.91       |      47.07      
    794      |      87.60       |      45.13      
    795      |      84.59       |      41.36      
    814      |      87.53       |      39.32      
    815      |      73.10       |      34.97      
    816      |      77.27       |      53.58      
    817      |      62.65       |      47.69      
    818      |      62.13       |      52.44      
    819      |      66.84       |      52.40      
    821      |      87.00       |      48.06      
    822      |      89.04       |      47.05      
    823      |      87.43       |      45.44      
    824      |      78.78       |      58.06      
    837      |      70.85       |      26.17      
    838      |      76.94       |      33.21      
    839      |      59.62       |      36.83      
    840      |      63.40       |      41.68      
    841      |      88.24       |      40.32      
    842      |      73.12       |      34.93      
    843      |      81.66       |      38.75      
    844      |      52.02       |      56.82      
    846      |      89.44       |      49.17      
    847      |      88.30       |      46.19      
    848      |      74.51       |      29.98      
    856      |      89.25       |      58.10      
    864      |      71.27       |      35.76      
    865      |      68.72       |      36.43      
    866      |      65.97       |      27.89      
    867      |      68.50       |      44.19      
    868      |      62.88       |      29.98      
    871      |      87.78       |      45.29      
    882      |      69.73       |      34.28      
    883      |      86.82       |      36.05      
    884      |      88.23       |      40.29      
    885      |      73.13       |      34.86      
    886      |      78.10       |      37.31      
    887      |      83.06       |      22.56      
    888      |      89.61       |      30.81      
    891      |      89.16       |      49.39      
    892      |      58.81       |      50.95      
    894      |      89.85       |      44.62      
    915      |      79.68       |      18.22      
    916      |      68.80       |      21.19      
    917      |      73.65       |      36.51      
    918      |      65.73       |      45.50      
    919      |      78.18       |      41.84      
    920      |      88.15       |      45.78      
    921      |      89.92       |      50.61      
    922      |      88.49       |      50.01      
    923      |      82.16       |      24.77      
    939      |      86.62       |       4.02      
    940      |      86.41       |      27.90      
    942      |      56.51       |      40.09      
    943      |      68.50       |      46.97      
    944      |      86.34       |      53.00      
    947      |      84.54       |      33.76      
    951      |      89.86       |      50.76      
    952      |      86.58       |      46.45      
    970      |      69.36       |      26.87      
    971      |      78.16       |      19.22      
    972      |      83.88       |      21.27      
    973      |      86.07       |       4.37      
    974      |      82.99       |      38.30      
    975      |      80.12       |      37.81      
    976      |      76.30       |      29.77      
    977      |      84.03       |      32.34      
    978      |      84.17       |      33.57      
    980      |      82.03       |      49.00      
    982      |      82.60       |      48.56      
    983      |      84.94       |      57.46      
    992      |      80.62       |      13.79      
    993      |      64.48       |      30.36      
    994      |      76.29       |      28.42      
    995      |      78.28       |      30.65      
    996      |      80.53       |       9.70      
    997      |      89.10       |      14.29      
    998      |      79.61       |      38.52      
    999      |      77.96       |      46.84      
    1001     |      86.05       |      35.49      
    1003     |      83.44       |      48.34      
    1004     |      88.31       |      57.30      
    1005     |      86.11       |      54.77      
    1006     |      72.75       |      57.88      
    1031     |      64.00       |      30.60      
    1032     |      64.48       |      30.35      
    1033     |      67.08       |      24.08      
    1034     |      58.93       |      30.99      
    1035     |      78.48       |      47.55      
    1036     |      80.57       |      35.51      
    1039     |      86.70       |      28.50      
    1041     |      81.34       |      46.51      
    1042     |      81.28       |      47.95      
    1043     |      82.97       |      55.23      
    1044     |      78.45       |      54.82      
    1045     |      72.13       |      52.16      
    1047     |      71.57       |      45.89      
    1060     |      77.46       |      24.18      
    1061     |      75.07       |      23.11      
    1062     |      89.00       |      15.29      
    1063     |      81.52       |      13.42      
    1064     |      77.44       |      12.51      
    1065     |      71.06       |      31.07      
    1068     |      76.49       |      25.39      
    1069     |      83.17       |      42.42      
    1070     |      82.31       |      41.94      
    1071     |      89.20       |      44.45      
    1072     |      82.27       |      48.00      
    1073     |      80.04       |      51.80      
    1074     |      80.30       |      52.00      
    1075     |      86.31       |      54.69      
    1077     |      60.85       |      56.50      
    1096     |      76.25       |      23.48      
    1097     |      81.21       |       9.48      
    1098     |      86.41       |      13.89      
    1099     |      72.12       |      19.04      
    1100     |      67.04       |      23.94      
    1101     |      72.12       |      41.63      
    1102     |      78.99       |      45.45      
    1103     |      78.39       |      45.35      
    1104     |      81.71       |      48.09      
    1105     |      82.46       |      50.75      
    1106     |      84.69       |      50.65      
    1107     |      69.25       |      48.34      
    1108     |      81.22       |      55.48      
    1109     |      75.30       |      57.41      
    1110     |      77.91       |      59.68      
    1111     |      78.23       |      50.52      
    1112     |      76.96       |      45.06      
    1127     |      88.42       |      16.49      
    1128     |      72.05       |      22.49      
    1129     |      87.01       |       9.66      
    1131     |      89.51       |      33.28      
    1132     |      81.36       |      16.39      
    1133     |      76.70       |      15.94      
    1134     |      67.29       |      47.52      
    1136     |      83.19       |      46.43      
    1137     |      77.87       |      51.60      
    1138     |      73.56       |      42.68      
    1140     |      79.16       |      51.53      
    1141     |      83.74       |      53.16      
    1142     |      80.44       |      44.54      
    1157     |      80.06       |      10.25      
    1158     |      82.29       |       7.41      
    1159     |      82.26       |       7.41      
    1161     |      70.79       |      21.86      
    1162     |      87.67       |      33.56      
    1165     |      82.66       |      27.75      
    1166     |      66.42       |      23.72      
    1170     |      87.95       |      37.81      
    1171     |      77.48       |      28.43      
    1172     |      69.61       |      47.57      
    1173     |      66.32       |      45.94      
    1174     |      68.36       |      53.17      
    1192     |      89.86       |       0.54      
    1201     |      79.48       |      38.94      
    1202     |      61.09       |      57.04      
    1216     |      88.72       |      18.90      
    1217     |      88.12       |      16.10      
    1218     |      83.72       |      12.34      
    1220     |      78.26       |      34.69      
    1222     |      77.82       |      28.32      
    1224     |      74.33       |      43.84      
    1225     |      63.64       |      47.23      
    1227     |      81.99       |      24.06      
    1256     |      81.86       |      30.78      
    1257     |      77.84       |      28.30      
    1258     |      72.18       |      38.84      
    1259     |      61.79       |      43.30      
    1277     |      83.77       |      16.01      
    1278     |      87.65       |       2.46      
    1279     |      82.71       |      16.19      
    1282     |      89.11       |       6.52      
    1285     |      86.39       |      25.64      
    1287     |      76.29       |      28.61      
    1309     |      83.69       |      14.27      
    1311     |      78.74       |      10.60      
    1312     |      81.46       |      43.81      
    1313     |      64.37       |      46.88      
    1314     |      77.94       |      45.64      
    1315     |      84.43       |      38.91      
    1316     |      81.36       |      23.99      
    5687     |      85.94       |      34.25      
    5688     |      80.52       |      10.80      
    5689     |      70.78       |      20.02      
    5690     |      63.64       |      25.81      
    5691     |      64.06       |      25.69      
    5692     |      52.28       |      48.80      
    5693     |      48.45       |      40.92      
    5694     |      47.21       |      42.47      
    5695     |      43.67       |      47.03      
    5696     |      40.92       |      48.38      
    5697     |      52.33       |      39.24      
    5698     |      62.43       |      27.80      
    5699     |      63.29       |      26.47      
    5700     |      45.88       |      43.41      
    5702     |      57.90       |      52.99      
    5705     |      30.86       |      58.69      
    5712     |      84.12       |      18.21      
    5713     |      79.17       |      30.94      
    5714     |      74.64       |      15.85      
    5715     |      62.09       |      28.08      
    5716     |      61.66       |      40.12      
    5717     |      53.38       |      36.83      
    5718     |      59.89       |      39.43      
    5719     |      60.71       |      28.66      
    5720     |      45.54       |      43.81      
    5721     |      40.44       |      49.47      
    5722     |      44.12       |      45.35      
    5723     |      58.96       |      42.51      
    5724     |      51.31       |      38.25      
    5725     |      53.70       |      36.71      
    5726     |      46.11       |      43.26      
    5727     |      39.23       |      50.85      
    5728     |      43.70       |      46.48      
    5730     |      30.28       |      59.96      
    5736     |      33.25       |      56.15      
    5737     |      43.22       |      58.49      
    5738     |      47.02       |      43.08      
    5747     |      80.61       |      54.30      
    5748     |      89.73       |      10.75      
    5749     |      78.89       |      18.93      
    5750     |      69.80       |      26.52      
    5751     |      69.88       |      24.53      
    5752     |      62.91       |      27.41      
    5753     |      46.72       |      56.35      
    5754     |      49.06       |      55.27      
    5755     |      48.27       |      41.12      
    5756     |      45.09       |      44.81      
    5757     |      45.75       |      44.06      
    5758     |      39.22       |      50.35      
    5759     |      50.88       |      50.27      
    5760     |      43.92       |      45.51      
    5761     |      44.31       |      48.90      
    5762     |      34.71       |      55.36      
    5768     |      35.35       |      54.31      
    5769     |      52.98       |      36.59      
    5770     |      46.56       |      59.75      
    5777     |      58.90       |      57.29      
    5780     |      89.70       |      15.12      
    5781     |      87.81       |      12.46      
    5782     |      84.11       |      32.94      
    5783     |      78.90       |      18.89      
    5784     |      60.09       |      39.14      
    5785     |      57.28       |      40.06      
    5786     |      57.01       |      33.45      
    5787     |      42.21       |      47.89      
    5788     |      45.38       |      52.39      
    5789     |      40.48       |      52.16      
    5790     |      29.71       |      59.94      
    5791     |      30.76       |      58.65      
    5792     |      41.18       |      51.10      
    5793     |      39.68       |      51.36      
    5794     |      36.78       |      54.12      
    5797     |      48.02       |      44.70      
    5806     |      74.55       |      47.23      
    5807     |      81.08       |      12.57      
    5808     |      69.25       |      22.45      
    5809     |      71.90       |      51.66      
    5810     |      85.99       |      12.27      
    5811     |      83.88       |      15.86      
    5812     |      78.62       |      39.26      
    5813     |      75.31       |      27.10      
    5814     |      71.97       |      22.28      
    5815     |      67.71       |      30.13      
    5816     |      54.04       |      37.30      
    5817     |      41.28       |      48.55      
    5818     |      31.99       |      57.56      
    5819     |      41.12       |      56.71      
    5827     |      39.32       |      50.12      
    5829     |      37.32       |      58.90      
    5835     |      86.41       |      56.01      
    5836     |      82.73       |      16.69      
    5837     |      84.53       |      11.19      
    5838     |      71.15       |      39.64      
    5839     |      73.66       |      23.07      
    5840     |      83.44       |      19.34      
    5841     |      85.78       |      23.86      
    5842     |      73.70       |      19.09      
    5843     |      71.08       |      36.53      
    5844     |      65.08       |      27.20      
    5845     |      45.68       |      43.72      
    5846     |      44.43       |      45.93      
    5847     |      42.88       |      46.79      
    5848     |      49.47       |      45.12      
    5849     |      49.64       |      40.98      
    5850     |      39.09       |      52.73      
    5851     |      29.79       |      59.75      
    5853     |      35.52       |      55.48      
    5855     |      37.36       |      53.41      
    5856     |      39.78       |      49.71      
    5859     |      38.88       |      56.07      
    5861     |      40.87       |      57.55      
    5866     |      81.68       |      59.62      
    5867     |      83.80       |      16.48      
    5869     |      89.99       |      36.16      
    5870     |      82.16       |      36.24      
    5871     |      81.43       |      41.08      
    5872     |      74.80       |      21.31      
    5873     |      73.92       |      24.78      
    5874     |      76.36       |      21.28      
    5876     |      66.63       |      36.37      
    5877     |      53.80       |      37.96      
    5882     |      35.35       |      58.50      
    5883     |      38.46       |      56.68      
    5884     |      37.65       |      51.87      
    5889     |      58.81       |      49.96      
    5890     |      81.39       |      17.01      
    5891     |      79.62       |      23.71      
    5892     |      85.51       |      30.58      
    5893     |      86.08       |      20.77      
    5894     |      85.67       |      20.22      
    5895     |      76.48       |      20.79      
    5896     |      84.19       |      28.72      
    5897     |      81.73       |      15.41      
    5898     |      89.73       |      31.69      
    5900     |      83.03       |      35.62      
    5901     |      81.91       |      34.41      
    5902     |      62.37       |      37.79      
    5903     |      44.76       |      45.55      
    5904     |      44.75       |      45.60      
    5905     |      33.90       |      56.90      
    5906     |      32.25       |      59.25      
    5907     |      33.96       |      55.43      
    5908     |      37.07       |      52.55      
    5909     |      44.23       |      45.92      
    5910     |      43.09       |      46.56      
    5911     |      43.97       |      47.69      
    5912     |      41.29       |      54.43      
    5913     |      37.80       |      58.46      
    5916     |      49.59       |      51.84      
    5917     |      50.09       |      57.24      
    5918     |      49.50       |      59.46      
    5923     |      74.22       |      22.88      
    5924     |      83.10       |      45.95      
    5925     |      83.60       |      45.62      
    5926     |      79.85       |      18.90      
    5927     |      59.69       |      32.78      
    5928     |      83.17       |      40.18      
    5933     |      77.10       |      23.27      
    5934     |      79.95       |      18.31      
    5935     |      61.08       |      42.82      
    5936     |      62.12       |      29.28      
    5940     |      59.62       |      31.87      
    5941     |      57.01       |      41.59      
    5942     |      54.15       |      37.52      
    5943     |      37.97       |      55.19      
    5944     |      43.65       |      45.97      
    5945     |      55.64       |      58.49      
    5950     |      70.98       |      42.21      
    5951     |      76.74       |      13.45      
    5956     |      74.27       |      32.71      
    5957     |      73.92       |      29.34      
    5958     |      76.11       |      33.76      
    5959     |      74.96       |      17.26      
    5960     |      73.75       |      39.44      
    5961     |      53.03       |      59.80      
    5962     |      52.74       |      59.46      
    5963     |      63.67       |      51.58      
    5966     |      88.14       |      58.33      
    5967     |      70.04       |      29.44      
    5968     |      39.25       |      57.65      
    5969     |      43.05       |      46.58      
    5970     |      49.10       |      48.23      
    5971     |      50.89       |      45.12      
    5972     |      51.00       |      57.05      
    5973     |      49.37       |      55.66      
    5974     |      50.10       |      51.95      
    5975     |      53.04       |      50.72      
    5978     |      85.06       |      22.96      
    5979     |      68.47       |      21.78      
    5980     |      66.59       |      29.43      
    5981     |      78.78       |      24.98      
    5982     |      83.32       |      26.25      
    5983     |      81.68       |       9.80      
    5986     |      80.26       |      47.33      
    5987     |      74.05       |      47.51      
    5988     |      74.59       |      48.02      
    5992     |      76.05       |      50.15      
    5993     |      50.23       |      48.80      
    5994     |      50.76       |      49.29      
    5995     |      53.92       |      39.83      
    5996     |      50.99       |      42.56      
    5997     |      58.60       |      49.49      
    5998     |      59.69       |      52.33      
    6002     |      81.82       |       8.32      
    6003     |      80.14       |      21.67      
    6004     |      65.68       |      36.25      
    6006     |      82.69       |      26.57      
    6007     |      76.55       |      15.43      
    6008     |      73.64       |      33.63      
    6009     |      73.43       |      35.43      
    6010     |      62.14       |      33.48      
    6011     |      62.86       |      40.10      
    6012     |      60.07       |      42.00      
    6013     |      56.69       |      50.09      
    6014     |      63.58       |      50.12      
    6020     |      72.40       |      26.49      
    6021     |      70.70       |      19.52      
    6022     |      83.42       |      22.95      
    6023     |      80.63       |      11.96      
    6024     |      71.48       |      56.85      
    6025     |      77.16       |      22.47      
    6026     |      68.23       |      24.83      
    6027     |      56.18       |      41.40      
    6028     |      67.74       |      34.63      
    6029     |      63.14       |      49.50      
    6030     |      76.03       |      15.85      
    6031     |      77.73       |      28.69      
    6032     |      89.53       |      33.94      
    6035     |      83.82       |      10.78      
    6036     |      81.27       |      59.02      
    6037     |      73.84       |      32.94      
    6038     |      74.24       |      47.69      
    6039     |      68.90       |      31.96      
    6040     |      70.52       |      39.86      
    6041     |      62.05       |      45.21      
    6042     |      65.02       |      46.36      
    6043     |      63.63       |      51.96      
    6044     |      70.37       |      55.84      
    6046     |      77.93       |      12.95      
    6047     |      52.92       |      37.14      
    6048     |      65.89       |      27.04      
    6049     |      66.49       |      44.56      
    6050     |      81.99       |      28.60      
    6051     |      81.05       |      19.85      
    6052     |      72.37       |      40.15      
    6053     |      69.04       |      36.84      
    6054     |      69.31       |      55.70      
    6055     |      83.80       |      53.07      
    6056     |      82.03       |      29.27      
    6057     |      72.99       |      36.08      
    6058     |      64.09       |      43.59      
    6059     |      67.19       |      49.89      
    6061     |      65.07       |      31.13      
    6062     |      71.66       |      23.85      
    6063     |      71.53       |      43.38      
    6064     |      71.46       |      26.98      
    6065     |      68.93       |      23.26      
    6066     |      68.29       |      25.06      
    6067     |      74.45       |      29.15      
    6068     |      74.71       |      38.60      
    6069     |      72.83       |      38.59      
    6070     |      81.83       |      30.75      
    6071     |      85.82       |      43.05      
    6072     |      73.29       |      37.33      
    6073     |      71.61       |      37.65      
    6074     |      74.40       |      47.90      
    6075     |      71.12       |      51.08      
    6076     |      66.19       |      59.25      
    6080     |      61.06       |      31.53      
    6081     |      59.31       |      40.77      
    6082     |      60.48       |      31.70      
    6083     |      58.09       |      32.48      
    6084     |      58.67       |      31.77      
    6085     |      62.25       |      27.86      
    6086     |      66.66       |      27.36      
    6087     |      67.53       |      22.68      
    6088     |      68.13       |      30.02      
    6089     |      77.01       |      23.96      
    6090     |      79.54       |      28.55      
    6091     |      72.76       |      36.22      
    6092     |      68.15       |      22.07      
    6093     |      77.58       |      19.96      
    6094     |      70.96       |      51.76      
    6095     |      82.02       |      11.79      
    6096     |      83.38       |      53.67      
    6097     |      67.71       |      46.04      
    6098     |      67.47       |      46.65      
    6099     |      67.14       |      45.42      
    6100     |      70.47       |      48.28      
    6101     |      70.73       |      47.13      
    6102     |      72.12       |      52.40      
    6105     |      59.74       |      30.52      
    6106     |      63.05       |      28.85      
    6107     |      67.40       |      29.36      
    6108     |      78.14       |      17.73      
    6109     |      85.21       |      13.69      
    6110     |      76.63       |      29.27      
    6111     |      62.80       |      35.07      
    6112     |      51.90       |      46.68      
    6113     |      59.26       |      47.99      
    6114     |      63.96       |      59.55      
    6115     |      62.34       |      32.82      
    6116     |      63.08       |      53.18      
    6118     |      70.45       |      39.57      
    6119     |      75.28       |      41.58      
    6120     |      80.25       |      57.17      
    6121     |      78.16       |      52.25      
    6122     |      70.40       |      48.11      
    6123     |      70.33       |      52.06      
    6126     |      56.89       |      36.43      
    6127     |      48.15       |      43.20      
    6128     |      45.71       |      44.67      
    6129     |      59.05       |      43.35      
    6130     |      55.03       |      35.65      
    6131     |      72.43       |      34.51      
    6132     |      41.06       |      49.24      
    6133     |      41.10       |      49.18      
    6134     |      63.82       |      38.85      
    6135     |      62.21       |      35.38      
    6136     |      62.52       |      34.75      
    6137     |      63.54       |      39.74      
    6138     |      64.75       |      34.16      
    6139     |      68.41       |      35.87      
    6141     |      74.76       |      35.04      
    6142     |      70.10       |      37.42      
    6143     |      75.97       |      55.60      
    6144     |      67.86       |      55.46      
    6145     |      68.97       |      53.36      
    6146     |      68.64       |      47.56      
    6147     |      70.24       |      54.75      
    6149     |      60.83       |      31.79      
    6150     |      55.65       |      37.92      
    6151     |      56.45       |      40.58      
    6152     |      48.05       |      43.38      
    6153     |      73.68       |      38.68      
    6154     |      58.74       |      37.85      
    6155     |      66.48       |      23.82      
    6156     |      72.56       |      39.91      
    6157     |      61.84       |      37.38      
    6158     |      66.58       |      32.63      
    6159     |      73.80       |      20.91      
    6160     |      79.11       |      25.46      
    6161     |      77.15       |      53.52      
    6162     |      68.06       |      44.78      
    6163     |      69.38       |      30.46      
    6164     |      67.27       |      25.10      
    6165     |      82.89       |      23.74      
    6166     |      81.19       |      31.77      
    6167     |      84.64       |      42.60      
    6168     |      83.26       |      42.15      
    6169     |      80.83       |      49.77      
    6170     |      81.09       |      53.44      
    6174     |      62.11       |      31.11      
    6175     |      60.89       |      29.43      
    6176     |      63.34       |      27.38      
    6177     |      62.52       |      28.69      
    6178     |      68.49       |      36.17      
    6179     |      75.10       |      15.98      
    6180     |      78.76       |      11.50      
    6181     |      62.45       |      29.96      
    6182     |      64.99       |      26.07      
    6183     |      65.79       |      25.93      
    6184     |      66.29       |      25.00      
    6185     |      67.32       |      45.64      
    6186     |      71.53       |      19.05      
    6187     |      67.49       |      48.18      
    6188     |      53.70       |      47.91      
    6190     |      61.83       |      47.40      
    6192     |      85.62       |      56.05      
    6195     |      68.20       |      47.50      
    6199     |      65.64       |      32.92      
    6200     |      63.42       |      28.58      
    6201     |      75.45       |      14.85      
    6202     |      51.36       |      44.03      
    6203     |      64.66       |      26.81      
    6204     |      60.36       |      39.11      
    6205     |      61.59       |      34.39      
    6206     |      63.70       |      47.86      
    6207     |      66.32       |      32.42      
    6208     |      67.80       |      47.17      
    6209     |      68.70       |      53.08      
    6210     |      64.39       |      47.06      
    6211     |      61.31       |      46.57      
    6212     |      59.26       |      43.23      
    6213     |      57.34       |      41.61      
    6214     |      58.93       |      45.43      
    6216     |      71.95       |      56.78      
    6218     |      68.66       |      57.10      
    6220     |      69.48       |      55.02      
    6222     |      68.57       |      25.96      
    6223     |      73.42       |      21.84      
    6224     |      76.20       |      14.15      
    6225     |      77.25       |      13.24      
    6226     |      75.94       |      19.65      
    6227     |      67.41       |      24.44      
    6228     |      65.41       |      24.99      
    6229     |      67.53       |      23.62      
    6230     |      65.10       |      26.66      
    6231     |      70.20       |      31.49      
    6232     |      78.46       |      12.03      
    6234     |      68.57       |      50.26      
    6235     |      71.04       |      52.97      
    6236     |      62.53       |      57.82      
    6239     |      65.47       |      58.38      
    6241     |      75.16       |      56.88      
    6242     |      75.17       |      56.62      
    6243     |      68.25       |      47.45      
    6245     |      75.27       |      21.92      
    6246     |      65.49       |      33.46      
    6249     |      81.69       |      51.65      
    6250     |      72.69       |      20.60      
    6251     |      66.66       |      25.07      
    6252     |      81.60       |       9.56      
    6254     |      69.60       |      23.65      
    6257     |      82.11       |      40.01      
    6258     |      81.64       |      38.81      
    6260     |      67.46       |      40.23      
    6261     |      73.75       |      44.13      
    6262     |      69.62       |      20.78      
    6263     |      79.45       |      20.04      
    6264     |      76.33       |      20.57      
    6265     |      88.09       |      53.13      
    6267     |      60.40       |      58.70      
    6268     |      71.03       |      50.86      
    6276     |      83.03       |       7.51      
    6277     |      68.19       |      22.15      
    6278     |      77.73       |      19.11      
    6279     |      71.86       |      28.65      
    6280     |      72.20       |      29.79      
    6281     |      61.71       |      35.17      
    6282     |      54.81       |      44.86      
    6283     |      62.93       |      33.71      
    6284     |      63.88       |      26.95      
    6285     |      62.26       |      28.25      
    6286     |      63.74       |      27.57      
    6287     |      68.27       |      22.25      
    6288     |      68.97       |      29.40      
    6289     |      65.87       |      49.32      
    6290     |      66.59       |      50.79      
    6291     |      77.10       |      17.17      
    6292     |      79.90       |      12.28      
    6296     |      63.96       |      49.37      
    6298     |      73.33       |      32.94      
    6299     |      87.06       |      54.85      
    6300     |      60.47       |      55.97      
    6303     |      71.66       |      50.96      
    6305     |      74.13       |      57.53      
    6306     |      67.70       |      58.93      
    6308     |      66.64       |      53.42      
    6310     |      64.99       |      27.37      
    6311     |      76.21       |      14.89      
    6314     |      62.78       |      33.68      
    6315     |      56.38       |      34.32      
    6316     |      71.39       |      19.61      
    6317     |      74.52       |      16.33      
    6318     |      62.14       |      30.11      
    6319     |      48.88       |      41.63      
    6320     |      70.88       |      37.32      
    6321     |      71.40       |      20.05      
    6322     |      50.51       |      51.08      
    6324     |      77.71       |      50.42      
    6325     |      71.00       |      30.71      
    6326     |      70.93       |      34.55      
    6327     |      65.01       |      26.48      
    6328     |      67.43       |      50.05      
    6331     |      71.94       |      48.29      
    6333     |      79.33       |      56.70      
    6334     |      79.00       |      55.12      
    6336     |      69.08       |      27.34      
    6337     |      69.76       |      36.45      
    6338     |      56.04       |      56.03      
    6339     |      62.73       |      30.56      
    6340     |      74.80       |      21.63      
    6341     |      71.77       |      37.50      
    6342     |      52.17       |      50.87      
    6343     |      76.04       |      50.79      
    6344     |      68.92       |      29.70      
    6345     |      74.44       |      30.07      
    6346     |      77.32       |      37.23      
    6347     |      71.93       |      34.28      
    6348     |      71.36       |      51.28      
    6349     |      70.40       |      55.72      
    6350     |      80.62       |      56.25      
    6351     |      81.03       |      58.81      
    6356     |      69.82       |      40.25      
    6357     |      62.71       |      32.63      
    6358     |      69.66       |      36.66      
    6359     |      46.32       |      46.52      
    6360     |      57.90       |      32.65      
    6361     |      62.10       |      34.06      
    6362     |      63.81       |      27.99      
    6363     |      68.50       |      22.28      
    6364     |      69.63       |      21.40      
    6365     |      69.44       |      21.74      
    6366     |      62.00       |      36.08      
    6367     |      60.04       |      31.42      
    6368     |      47.92       |      43.25      
    6369     |      62.46       |      44.77      
    6370     |      62.55       |      47.37      
    6371     |      56.89       |      39.41      
    6372     |      65.30       |      39.20      
    6373     |      67.64       |      45.76      
    6374     |      69.31       |      46.80      
    6375     |      69.09       |      46.32      
    6376     |      75.67       |      55.04      
    6378     |      79.74       |      54.53      
    6379     |      75.13       |      56.56      
    6380     |      75.18       |      56.70      
    6381     |      76.47       |      52.76      
    6386     |      60.22       |      40.81      
    6387     |      55.38       |      42.15      
    6388     |      51.77       |      38.88      
    6389     |      63.85       |      26.80      
    6390     |      64.00       |      33.25      
    6391     |      56.31       |      48.64      
    6392     |      62.29       |      52.18      
    6394     |      69.48       |      53.48      
    6396     |      73.23       |      54.89      
    6397     |      73.95       |      52.96      
    6398     |      87.77       |      44.45      
    6400     |      84.67       |      42.23      
    6407     |      65.61       |      37.39      
    6408     |      66.28       |      34.78      
    6409     |      59.69       |      35.67      
    6410     |      62.91       |      30.66      
    6411     |      62.36       |      28.43      
    6412     |      64.70       |      25.94      
    6413     |      64.00       |      26.72      
    6414     |      54.20       |      38.51      
    6415     |      54.66       |      38.75      
    6416     |      58.80       |      33.27      
    6417     |      78.61       |      27.81      
    6421     |      67.99       |      46.99      
    6422     |      68.84       |      47.00      
    6423     |      68.79       |      46.96      
    6424     |      67.32       |      49.80      
    6425     |      70.33       |      52.96      
    6426     |      71.83       |      56.62      
    6427     |      71.96       |      55.83      
    6428     |      78.89       |      36.81      
    6429     |      78.69       |      42.68      
    6431     |      74.68       |      52.29      
    6435     |      82.64       |      43.19      
    6439     |      57.09       |      38.60      
    6440     |      59.65       |      31.03      
    6441     |      55.53       |      36.31      
    6442     |      56.02       |      35.98      
    6443     |      57.21       |      50.96      
    6444     |      61.96       |      34.48      
    6445     |      61.95       |      33.76      
    6446     |      61.86       |      33.95      
    6447     |      66.03       |      37.63      
    6448     |      44.24       |      46.71      
    6451     |      66.89       |      48.39      
    6452     |      67.77       |      49.57      
    6453     |      70.73       |      49.22      
    6454     |      71.36       |      58.07      
    6455     |      81.25       |      59.08      
    6464     |      64.63       |      38.88      
    6465     |      54.22       |      43.23      
    6466     |      59.25       |      41.55      
    6467     |      59.28       |      35.73      
    6468     |      59.23       |      36.19      
    6469     |      55.79       |      35.24      
    6470     |      57.88       |      32.82      
    6471     |      56.16       |      37.27      
    6472     |      56.07       |      37.13      
    6473     |      61.48       |      29.45      
    6474     |      62.10       |      28.68      
    6475     |      64.70       |      28.02      
    6476     |      69.17       |      25.28      
    6477     |      67.43       |      33.71      
    6478     |      61.46       |      34.42      
    6479     |      44.61       |      46.37      
    6481     |      63.91       |      56.34      
    6482     |      60.56       |      49.73      
    6483     |      68.29       |      39.65      
    6484     |      67.84       |      49.49      
    6485     |      70.98       |      53.44      
    6486     |      70.26       |      53.19      
    6487     |      70.25       |      46.73      
    6488     |      77.09       |      50.95      
    6489     |      77.17       |      47.49      
    6490     |      68.77       |      48.21      
    6497     |      63.02       |      36.03      
    6498     |      61.69       |      38.03      
    6499     |      63.25       |      31.02      
    6500     |      59.25       |      33.06      
    6501     |      59.05       |      32.21      
    6502     |      73.06       |      27.52      
    6503     |      63.28       |      29.36      
    6504     |      75.90       |      17.14      
    6505     |      81.84       |      26.06      
    6506     |      71.11       |      49.37      
    6507     |      53.31       |      41.22      
    6508     |      59.10       |      34.48      
    6509     |      74.36       |      51.28      
    6510     |      68.70       |      35.60      
    6511     |      82.30       |      53.57      
    6512     |      71.58       |      56.19      
    6513     |      69.69       |      48.64      
    6514     |      73.76       |      55.41      
    6518     |      65.23       |      36.14      
    6519     |      63.91       |      33.25      
    6520     |      54.47       |      39.68      
    6521     |      65.42       |      44.83      
    6522     |      46.46       |      47.68      
    6523     |      45.94       |      48.63      
    6524     |      61.12       |      29.75      
    6525     |      61.89       |      36.61      
    6526     |      68.04       |      23.23      
    6527     |      75.47       |      18.55      
    6528     |      58.81       |      32.03      
    6529     |      62.84       |      55.21      
    6530     |      71.90       |      34.41      
    6531     |      66.25       |      29.57      
    6533     |      68.43       |      39.66      
    6534     |      75.51       |      27.24      
    6535     |      73.76       |      34.36      
    6536     |      72.59       |      44.82      
    6537     |      70.87       |      50.80      
    6538     |      74.31       |      56.12      
    6539     |      70.91       |      45.24      
    6540     |      73.48       |      55.30      
    6541     |      73.62       |      58.67      
    6550     |      78.01       |      22.54      
    6551     |      52.86       |      38.75      
    6552     |      64.05       |      35.28      
    6553     |      63.14       |      35.76      
    6554     |      59.49       |      36.00      
    6555     |      68.47       |      29.32      
    6556     |      71.71       |      38.72      
    6557     |      72.23       |      39.01      
    6558     |      73.55       |      18.97      
    6559     |      61.16       |      30.07      
    6560     |      60.37       |      31.22      
    6561     |      56.41       |      34.58      
    6562     |      56.29       |      35.24      
    6563     |      65.55       |      26.97      
    6564     |      72.17       |      18.68      
    6565     |      72.41       |      18.43      
    6566     |      67.40       |      29.87      
    6567     |      56.15       |      40.98      
    6569     |      66.67       |      39.13      
    6570     |      63.07       |      36.38      
    6571     |      63.88       |      44.30      
    6572     |      64.87       |      44.95      
    6573     |      67.21       |      59.78      
    6574     |      70.57       |      48.27      
    6575     |      71.39       |      40.88      
    6576     |      69.41       |      51.13      
    6577     |      79.13       |      45.89      
    6578     |      72.94       |      56.46      
    6579     |      69.74       |      49.35      
    6580     |      79.03       |      59.39      
    6581     |      81.92       |      39.58      
    6582     |      85.45       |      47.68      
    6590     |      63.53       |      37.17      
    6591     |      59.56       |      35.93      
    6592     |      67.52       |      32.14      
    6593     |      54.59       |      45.76      
    6594     |      49.34       |      43.52      
    6595     |      54.09       |      36.83      
    6596     |      78.10       |      36.07      
    6597     |      86.37       |       8.82      
    6598     |      64.75       |      41.54      
    6599     |      64.15       |      27.90      
    6600     |      63.11       |      28.34      
    6601     |      63.04       |      29.99      
    6602     |      58.63       |      32.38      
    6603     |      67.24       |      29.14      
    6604     |      59.92       |      30.99      
    6605     |      59.89       |      45.26      
    6606     |      64.92       |      36.61      
    6607     |      64.30       |      39.84      
    6608     |      63.91       |      40.50      
    6609     |      63.95       |      40.28      
    6610     |      64.45       |      58.22      
    6611     |      66.00       |      58.73      
    6612     |      66.91       |      55.18      
    6613     |      63.37       |      52.64      
    6614     |      62.02       |      49.43      
    6615     |      62.00       |      54.28      
    6624     |      67.10       |      32.14      
    6625     |      61.03       |      36.92      
    6626     |      58.96       |      36.87      
    6627     |      70.17       |      42.08      
    6628     |      59.38       |      45.53      
    6629     |      75.20       |      16.99      
    6630     |      63.69       |      27.76      
    6631     |      58.45       |      32.68      
    6632     |      61.44       |      30.24      
    6633     |      61.42       |      31.36      
    6634     |      71.85       |      24.85      
    6635     |      69.52       |      37.13      
    6636     |      71.17       |      30.12      
    6637     |      69.22       |      43.72      
    6638     |      81.77       |      25.48      
    6639     |      72.39       |      47.10      
    6640     |      72.16       |      46.77      
    6641     |      76.78       |      27.65      
    6642     |      77.88       |      30.23      
    6643     |      76.50       |      59.20      
    6645     |      70.51       |      58.99      
    6646     |      68.72       |      56.51      
    6647     |      68.34       |      53.69      
    6648     |      67.32       |      56.69      
    6660     |      68.41       |      28.21      
    6661     |      67.53       |      27.78      
    6662     |      68.31       |      49.18      
    6663     |      50.15       |      45.76      
    6664     |      64.18       |      26.76      
    6665     |      61.97       |      29.07      
    6666     |      61.53       |      29.76      
    6667     |      65.51       |      25.54      
    6668     |      65.81       |      25.19      
    6669     |      65.76       |      25.29      
    6670     |      83.84       |      23.74      
    6674     |      85.38       |      23.78      
    6677     |      72.70       |      49.65      
    6679     |      70.61       |      53.75      
    6680     |      72.73       |      49.23      
    6681     |      65.38       |      48.98      
    6683     |      68.24       |      54.08      
    6688     |      64.69       |      34.02      
    6689     |      63.04       |      34.07      
    6690     |      67.01       |      31.38      
    6691     |      69.97       |      34.83      
    6692     |      61.27       |      29.91      
    6698     |      53.98       |      53.49      
    6699     |      55.59       |      46.13      
    6701     |      62.48       |      33.66      
    6715     |      79.07       |      50.04      
    6717     |      80.84       |      52.90      
    6718     |      76.79       |      47.04      
    6719     |      67.27       |      59.83      
    6726     |      63.14       |      37.77      
    6727     |      66.40       |      28.70      
    6728     |      57.15       |      33.84      
    6758     |      55.12       |      52.78      
    6760     |      72.22       |      56.52      
    6770     |      62.76       |      38.41      
    6771     |      66.66       |      32.18      
    6772     |      66.77       |      32.33      
    6806     |      65.70       |      37.77      
    6807     |      64.23       |      37.42      
    6808     |      64.59       |      33.04      
    6809     |      62.84       |      37.39      
    6838     |      65.55       |      36.85      
    6839     |      69.55       |      36.67      
    6868     |      67.54       |      34.65      
    6913     |      67.64       |      34.32      
    9970     |      81.40       |      25.24      
    9971     |      83.10       |      16.85      
   10086     |      85.74       |      49.55      
   10089     |      88.91       |       5.75      
   10146     |      88.90       |       9.71      
   10147     |      58.67       |      47.12      
   10148     |      84.84       |      25.47      
   10149     |      79.76       |      13.55      
   10150     |      87.86       |       8.69      
   10199     |      73.89       |      15.64      
   10200     |      55.86       |      37.73      
   10201     |      81.43       |      14.51      
   10273     |      79.74       |      18.41      
   10274     |      81.34       |      17.10      
   10275     |      85.30       |      15.89      
   10332     |      84.39       |      23.07      
   10402     |      86.27       |      18.81      
   10403     |      85.46       |      24.09      
   10404     |      85.79       |      20.36      
   10465     |      80.02       |      15.95      
   10511     |      80.39       |      12.80      
   10512     |      80.67       |      24.38      
   10513     |      73.99       |      17.56      
   10514     |      68.72       |      36.42      
   10515     |      67.92       |      41.46      
   10558     |      62.46       |      32.79      
   10559     |      61.63       |      47.69      
   10560     |      68.36       |      41.40      
   10561     |      85.19       |      12.80      
   10562     |      83.19       |      20.78      
   10605     |      85.12       |      24.73      
   10607     |      87.66       |       9.25      
   10608     |      83.74       |      10.54      
   10609     |      72.39       |      18.30      
   10610     |      70.75       |      23.28      
   10611     |      52.24       |      38.77      
   10612     |      86.83       |      34.83      
   10614     |      86.59       |      26.80      
   10615     |      86.83       |      18.68      
   10616     |      78.29       |      27.24      
   10651     |      87.25       |      26.52      
   10652     |      79.59       |      14.47      
   10653     |      46.95       |      45.13      
   10654     |      56.86       |      33.47      
   10655     |      58.67       |      45.31      
   10656     |      77.39       |      32.00      
   10657     |      70.88       |      25.12      
   10711     |      79.90       |      26.75      
   10712     |      77.67       |      16.90      
   10713     |      68.06       |      23.80      
   10714     |      77.81       |      23.32      
   10715     |      75.07       |      27.28      
   10716     |      74.19       |      24.73      
   10717     |      76.85       |      20.83      
   10718     |      71.37       |      21.43      
   10750     |      84.13       |      10.69      
   10751     |      83.61       |       7.50      
   10752     |      75.52       |      18.42      
   10800     |      85.03       |      29.79      
   10801     |      59.40       |      31.10      
   10802     |      60.55       |      34.89      
   10803     |      70.17       |      21.24      
   10804     |      67.36       |      26.60      
   10837     |      81.89       |       7.70      
   10838     |      82.15       |       9.18      
   10839     |      70.95       |      18.63      
   10840     |      68.80       |      23.58      
   10841     |      74.82       |      15.53      
   10842     |      69.40       |      27.54      
   10843     |      70.95       |      21.30      
   10844     |      71.30       |      28.20      
   10877     |      76.12       |      14.52      
   10878     |      63.02       |      32.34      
   10879     |      64.84       |      24.45      
   10880     |      70.83       |      19.95      
   10881     |      65.21       |      24.92      
   10882     |      71.35       |      28.22      
   10883     |      68.04       |      23.58      
   10922     |      87.77       |      14.13      
   10923     |      80.88       |      11.23      
   10924     |      63.26       |      27.63      
   10925     |      69.90       |      24.49      
   10926     |      66.50       |      32.50      
   10927     |      69.33       |      26.70      
   10928     |      70.50       |      21.07      
   10963     |      87.66       |      15.58      
   10964     |      73.18       |      16.59      
   10965     |      70.92       |      19.94      
   10966     |      79.84       |      10.19      
   10967     |      64.62       |      26.61      
   10968     |      70.72       |      21.00      
   10969     |      86.53       |      39.22      
   10970     |      85.70       |      23.48      
   10973     |      63.60       |      25.86      
   10994     |      81.01       |       8.78      
   10995     |      77.00       |      12.87      
   10996     |      75.46       |      21.83      
   10997     |      63.11       |      26.48      
   10998     |      59.44       |      31.85      
   10999     |      61.55       |      31.67      
   11000     |      61.52       |      31.84      
   11001     |      61.24       |      31.47      
   11002     |      59.81       |      39.71      
   11003     |      60.07       |      29.41      
   11004     |      69.08       |      20.31      
   11005     |      74.12       |      25.87      
   11006     |      61.84       |      28.15      
   11007     |      66.32       |      29.19      
   11008     |      64.93       |      25.37      
   11041     |      63.05       |      27.32      
   11042     |      61.81       |      27.57      
   11043     |      64.94       |      24.77      
   11044     |      71.94       |      34.44      
   11045     |      86.22       |       3.77      
   11046     |      65.11       |      31.98      
   11047     |      63.86       |      30.13      
   11048     |      63.91       |      30.16      
   11049     |      66.11       |      28.33      
   11050     |      66.39       |      29.23      
   11051     |      63.03       |      26.59      
   11052     |      63.04       |      26.56      
   11053     |      65.17       |      24.35      
   11054     |      62.78       |      27.21      
   11056     |      69.24       |      19.92      
   11057     |      62.04       |      28.56      
   11077     |      74.49       |      15.38      
   11078     |      74.44       |      15.08      
   11079     |      58.77       |      35.63      
   11080     |      61.16       |      29.01      
   11081     |      72.72       |      27.40      
   11082     |      72.06       |      25.50      
   11083     |      63.24       |      26.46      
   11084     |      78.54       |      10.75      
   11085     |      54.56       |      56.89      
   11109     |      49.96       |      39.60      
   11110     |      61.41       |      32.01      
   11111     |      58.17       |      43.81      
   11112     |      63.02       |      28.40      
   11113     |      58.26       |      33.66      
   11114     |      59.15       |      35.25      
   11115     |      56.57       |      33.26      
   11116     |      54.39       |      36.93      
   11117     |      47.74       |      41.51      
   11118     |      50.47       |      41.08      
   11119     |      57.20       |      32.47      
   11120     |      61.09       |      37.13      
   11121     |      61.78       |      27.57      
   11122     |      61.83       |      27.99      
   11123     |      57.85       |      32.01      
   11124     |      64.46       |      24.76      
   11125     |      70.88       |      19.39      
   11126     |      48.75       |      41.10      
   11127     |      61.69       |      35.08      
   11128     |      35.55       |      57.87      
   11129     |      48.51       |      41.40      
   11130     |      54.71       |      34.89      
   11131     |      32.30       |      59.63      
   12217     |      67.99       |      44.91      
