=== Visibility Analysis Summary ===
Total patches: 12288
Geometric visible: 1351 (11.0%)
Light illuminated: 843 (62.4% of geometric)
Reflection conditions met: 1329 (98.4% of geometric)
Light unoccluded: 843 (62.4% of geometric)
Final visible: 843 (6.9% of total)
Visible area: 307.38 (8.5% of total area)

=== Detailed Visibility Information ===
Patch Index  | Incidence Angle  |  Viewing Angle  
-------------+------------------+-----------------
     5       |      83.12       |      37.33      
     6       |      88.79       |      38.99      
     9       |      84.62       |      29.41      
     12      |      88.68       |      42.45      
     14      |      87.93       |      38.04      
     15      |      79.81       |      38.90      
     16      |      86.10       |      39.81      
     17      |      77.30       |      47.05      
     18      |      72.28       |      48.09      
     19      |      80.91       |      45.30      
     21      |      71.85       |      41.60      
     24      |      88.84       |      41.30      
     32      |      88.10       |      44.05      
     33      |      66.67       |      51.53      
     34      |      76.10       |      42.89      
     35      |      74.33       |      42.19      
     36      |      76.21       |      41.41      
     37      |      75.65       |      40.79      
     38      |      86.59       |      40.97      
     39      |      77.04       |      49.28      
     40      |      63.83       |      56.61      
     41      |      65.53       |      50.04      
     48      |      83.04       |      34.14      
     50      |      88.97       |      37.48      
     53      |      85.89       |      38.63      
     54      |      84.73       |      36.98      
     55      |      78.85       |      37.37      
     56      |      79.09       |      37.41      
     57      |      81.88       |      37.24      
     58      |      78.15       |      33.93      
     59      |      87.41       |      28.01      
     60      |      68.88       |      50.58      
     61      |      65.20       |      55.35      
     62      |      75.30       |      50.43      
     63      |      72.29       |      45.97      
     72      |      83.05       |      34.53      
     74      |      78.74       |      37.78      
     75      |      77.42       |      38.51      
     76      |      71.99       |      36.60      
     77      |      85.29       |      42.85      
     78      |      51.56       |      48.10      
     79      |      64.71       |      46.47      
     80      |      64.18       |      46.74      
     81      |      80.12       |      46.15      
     82      |      71.76       |      48.80      
     92      |      89.23       |      40.39      
     95      |      80.10       |      39.19      
     96      |      82.20       |      35.77      
     97      |      77.09       |      38.36      
     98      |      78.19       |      42.83      
     99      |      71.34       |      39.48      
    100      |      75.94       |      35.83      
    101      |      74.54       |      45.87      
    102      |      59.65       |      55.48      
    112      |      86.18       |      39.05      
    113      |      82.51       |      36.97      
    114      |      78.79       |      35.66      
    115      |      74.04       |      45.09      
    116      |      71.79       |      44.21      
    117      |      69.98       |      53.40      
    118      |      56.81       |      53.46      
    119      |      78.38       |      41.61      
    120      |      70.98       |      38.81      
    121      |      77.76       |      35.80      
    134      |      78.38       |      38.07      
    135      |      78.40       |      39.11      
    136      |      59.97       |      44.70      
    137      |      64.05       |      47.57      
    138      |      82.43       |      42.96      
    139      |      70.65       |      40.05      
    140      |      51.90       |      48.11      
    141      |      62.00       |      49.13      
    150      |      81.21       |      49.88      
    153      |      83.80       |      46.00      
    154      |      81.72       |      40.32      
    155      |      80.20       |      39.02      
    156      |      72.55       |      38.28      
    157      |      73.20       |      38.78      
    158      |      76.14       |      37.54      
    159      |      66.01       |      39.39      
    160      |      81.05       |      34.40      
    173      |      87.08       |      38.91      
    174      |      81.50       |      34.20      
    175      |      69.36       |      39.82      
    176      |      76.92       |      39.69      
    177      |      75.57       |      40.35      
    178      |      73.09       |      39.30      
    179      |      62.96       |      46.96      
    180      |      67.98       |      44.06      
    181      |      63.85       |      45.51      
    182      |      64.96       |      47.19      
    193      |      85.85       |      39.33      
    194      |      86.14       |      39.36      
    195      |      86.62       |      39.30      
    196      |      75.87       |      43.05      
    197      |      64.57       |      44.88      
    198      |      65.34       |      42.76      
    199      |      85.05       |      19.36      
    200      |      50.14       |      40.68      
    208      |      88.82       |      44.41      
    210      |      89.26       |      41.21      
    211      |      80.32       |      47.68      
    212      |      66.65       |      47.66      
    213      |      75.94       |      39.01      
    214      |      71.61       |      40.09      
    215      |      64.08       |      43.41      
    216      |      64.83       |      45.45      
    217      |      85.10       |      48.16      
    230      |      89.03       |      43.09      
    231      |      86.15       |      34.89      
    232      |      82.41       |      39.17      
    233      |      77.69       |      39.61      
    234      |      71.20       |      42.09      
    235      |      66.65       |      43.43      
    237      |      47.84       |      51.19      
    243      |      89.74       |      21.45      
    248      |      82.92       |      46.27      
    249      |      76.25       |      38.49      
    250      |      85.16       |      42.33      
    251      |      78.22       |      40.64      
    252      |      71.97       |      42.25      
    253      |      60.58       |      47.32      
    254      |      58.55       |      47.66      
    255      |      58.61       |      47.70      
    263      |      75.51       |      39.88      
    270      |      88.02       |      42.46      
    271      |      84.96       |      39.02      
    272      |      85.85       |      46.50      
    273      |      77.05       |      43.36      
    274      |      71.19       |      43.17      
    279      |      76.33       |      54.81      
    280      |      74.58       |      57.04      
    281      |      73.45       |      56.89      
    283      |      80.34       |      41.66      
    284      |      89.61       |      44.44      
    285      |      87.91       |      41.75      
    286      |      87.37       |      41.92      
    287      |      75.57       |      38.30      
    288      |      76.50       |      43.72      
    289      |      72.85       |      44.35      
    290      |      68.22       |      44.07      
    306      |      77.49       |      44.71      
    308      |      77.72       |      25.46      
    309      |      67.17       |      44.10      
    310      |      60.34       |      48.23      
    322      |      81.36       |      50.60      
    327      |      78.12       |      43.82      
    328      |      82.65       |      51.60      
    329      |      53.79       |      42.12      
    330      |      72.56       |      45.88      
    331      |      70.52       |      46.29      
    332      |      69.24       |      45.82      
    333      |      69.27       |      45.82      
    334      |      63.24       |      47.98      
    341      |      85.06       |      50.08      
    342      |      72.47       |      46.51      
    343      |      78.71       |      44.70      
    344      |      68.29       |      51.85      
    345      |      65.68       |      48.43      
    346      |      60.60       |      48.55      
    353      |      63.86       |      48.40      
    369      |      89.99       |      47.33      
    370      |      83.39       |      45.49      
    371      |      76.97       |      47.03      
    372      |      82.18       |      47.87      
    373      |      72.00       |      49.63      
    374      |      68.10       |      47.50      
    375      |      58.33       |      51.97      
    384      |      89.71       |      47.41      
    385      |      82.66       |      46.14      
    386      |      70.83       |      47.27      
    387      |      54.28       |      53.19      
    400      |      89.71       |      47.53      
    401      |      77.23       |      47.67      
    402      |      72.22       |      47.14      
    403      |      68.60       |      49.85      
    404      |      66.87       |      51.17      
    405      |      56.51       |      52.91      
    412      |      85.18       |      49.43      
    413      |      77.94       |      46.92      
    414      |      66.59       |      49.53      
    415      |      65.86       |      50.53      
    416      |      61.99       |      53.04      
    417      |      59.48       |      52.43      
    428      |      75.52       |      47.92      
    429      |      59.64       |      52.84      
    440      |      73.36       |      50.30      
    441      |      68.80       |      50.37      
    442      |      56.21       |      55.09      
    443      |      50.82       |      57.02      
    454      |      62.76       |      53.72      
    455      |      56.34       |      55.20      
    461      |      87.44       |      50.95      
    462      |      85.46       |      50.49      
    463      |      85.02       |      49.95      
    464      |      79.43       |      50.08      
    465      |      67.36       |      54.76      
    466      |      66.51       |      55.33      
    467      |      62.69       |      54.60      
    479      |      83.01       |      53.00      
    480      |      80.59       |      53.58      
    481      |      77.44       |      52.33      
    482      |      74.70       |      53.43      
    483      |      72.83       |      53.22      
    484      |      69.64       |      54.93      
    485      |      64.53       |      55.87      
    486      |      55.58       |      57.12      
    487      |      49.42       |      59.14      
    489      |      85.83       |      55.65      
    500      |      66.51       |      44.03      
    501      |      59.25       |      58.36      
    502      |      55.85       |      57.66      
    512      |      85.65       |      55.80      
    513      |      67.66       |      58.38      
    516      |      63.22       |      59.34      
    517      |      63.21       |      59.31      
    594      |      49.96       |      49.05      
    595      |      60.69       |      59.80      
    597      |      59.55       |      57.71      
    648      |      68.17       |      38.39      
    649      |      61.36       |      40.82      
    650      |      55.20       |      39.08      
    670      |      63.52       |      53.51      
    671      |      80.34       |      56.10      
    674      |      71.56       |      56.15      
    687      |      72.75       |      47.31      
    688      |      74.70       |      51.72      
    689      |      54.64       |      51.72      
    690      |      68.85       |      59.27      
    691      |      64.65       |      56.99      
    705      |      81.38       |      55.60      
    707      |      47.16       |      58.49      
    708      |      62.43       |      59.38      
    709      |      78.92       |      53.62      
    710      |      61.58       |      45.38      
    752      |      62.66       |      48.37      
    756      |      54.55       |      56.11      
    757      |      57.55       |      54.68      
    758      |      55.67       |      52.58      
    780      |      56.64       |      57.44      
    808      |      67.58       |      53.79      
    809      |      56.05       |      56.99      
    834      |      54.94       |      58.50      
    835      |      67.83       |      57.27      
    880      |      68.73       |      56.91      
    881      |      47.39       |      57.97      
    1335     |      60.22       |      42.75      
    1336     |      54.26       |      52.43      
    1338     |      61.74       |      45.65      
    1339     |      53.22       |      49.53      
    1340     |      48.37       |      50.37      
    1341     |      67.34       |      40.23      
    1344     |      31.87       |      58.95      
    1347     |      31.74       |      59.17      
    1348     |      39.53       |      52.04      
    1360     |      58.20       |      47.15      
    1361     |      54.35       |      49.99      
    1362     |      47.27       |      55.89      
    1363     |      68.66       |      46.35      
    1364     |      62.74       |      40.60      
    1368     |      45.09       |      46.19      
    1386     |      50.16       |      50.28      
    1387     |      53.16       |      53.22      
    1388     |      49.77       |      53.68      
    1389     |      69.61       |      50.17      
    1390     |      56.30       |      59.39      
    1391     |      50.88       |      58.90      
    1392     |      69.33       |      47.13      
    1393     |      44.72       |      54.08      
    1396     |      39.21       |      56.06      
    1398     |      39.06       |      51.89      
    1399     |      40.01       |      51.03      
    1400     |      38.41       |      52.52      
    1401     |      36.78       |      59.10      
    1413     |      58.44       |      45.70      
    1414     |      48.80       |      52.38      
    1415     |      51.34       |      50.79      
    1416     |      57.93       |      43.97      
    1417     |      60.39       |      42.49      
    1418     |      62.39       |      39.32      
    1419     |      32.45       |      58.60      
    1420     |      43.62       |      52.38      
    1421     |      34.68       |      56.39      
    1422     |      34.36       |      56.62      
    1423     |      51.31       |      40.79      
    1424     |      43.51       |      47.40      
    1425     |      37.61       |      53.37      
    1442     |      55.73       |      54.02      
    1443     |      57.81       |      52.69      
    1444     |      49.56       |      54.43      
    1445     |      56.81       |      45.65      
    1446     |      71.20       |      40.37      
    1447     |      66.53       |      39.48      
    1448     |      63.06       |      41.36      
    1449     |      40.23       |      57.48      
    1452     |      38.39       |      52.87      
    1453     |      31.76       |      59.22      
    1454     |      41.04       |      53.37      
    1456     |      39.38       |      51.62      
    1472     |      69.11       |      43.39      
    1473     |      58.20       |      44.44      
    1474     |      50.09       |      56.98      
    1475     |      54.47       |      57.26      
    1476     |      63.50       |      50.11      
    1477     |      32.67       |      59.12      
    1478     |      39.10       |      55.48      
    1479     |      32.94       |      58.98      
    1480     |      63.89       |      34.16      
    1481     |      38.23       |      58.42      
    1482     |      39.85       |      52.16      
    1483     |      39.07       |      52.89      
    1484     |      45.48       |      48.57      
    1487     |      45.27       |      49.07      
    1488     |      37.20       |      54.50      
    1507     |      62.97       |      48.46      
    1508     |      54.53       |      50.88      
    1509     |      88.18       |      24.99      
    1510     |      51.90       |      38.90      
    1511     |      56.42       |      46.36      
    1512     |      53.73       |      48.55      
    1513     |      54.30       |      48.44      
    1514     |      85.78       |      31.85      
    1515     |      77.95       |      30.72      
    1519     |      54.28       |      52.69      
    1520     |      56.05       |      51.69      
    1540     |      77.27       |      31.94      
    1541     |      85.33       |      30.60      
    1544     |      51.80       |      54.72      
    1569     |      63.08       |      48.21      
    1570     |      53.32       |      53.18      
    1571     |      77.35       |      44.95      
    1574     |      48.41       |      54.06      
    1576     |      50.23       |      55.96      
    1582     |      49.57       |      48.82      
    1583     |      44.29       |      48.10      
    1614     |      65.19       |      45.83      
    1615     |      54.51       |      53.32      
    1616     |      61.92       |      45.89      
    1617     |      56.23       |      52.44      
    1618     |      51.50       |      57.50      
    1619     |      38.06       |      59.46      
    1620     |      44.70       |      56.44      
    1637     |      55.06       |      51.84      
    1638     |      57.48       |      49.59      
    1639     |      61.36       |      47.89      
    1640     |      54.30       |      57.20      
    1641     |      47.96       |      58.04      
    1642     |      49.05       |      57.29      
    1643     |      49.91       |      56.99      
    1644     |      61.89       |      46.26      
    1645     |      55.24       |      40.42      
    1646     |      32.78       |      58.67      
    1647     |      41.28       |      54.36      
    1648     |      37.25       |      56.92      
    1674     |      57.09       |      52.88      
    1675     |      66.11       |      49.03      
    1676     |      52.22       |      51.92      
    1677     |      52.67       |      55.43      
    1681     |      40.91       |      54.73      
    1704     |      49.11       |      57.11      
    1707     |      51.45       |      56.57      
    1708     |      83.61       |      38.31      
    1709     |      40.89       |      55.61      
    1731     |      58.71       |      47.66      
    1732     |      51.53       |      52.84      
    1733     |      47.51       |      58.44      
    1734     |      49.37       |      57.04      
    1736     |      50.74       |      56.55      
    1737     |      65.77       |      56.26      
    1768     |      55.93       |      56.60      
    1769     |      46.72       |      56.56      
    1770     |      52.52       |      54.09      
    1771     |      51.99       |      53.78      
    1772     |      73.31       |      35.01      
    1774     |      63.17       |      52.22      
    1799     |      49.85       |      56.59      
    1800     |      55.45       |      57.72      
    1825     |      58.25       |      48.76      
    1826     |      54.23       |      51.75      
    1827     |      52.07       |      51.93      
    1828     |      52.80       |      51.54      
    1829     |      50.77       |      53.17      
    1830     |      43.82       |      51.10      
    1831     |      46.07       |      59.38      
    1858     |      46.96       |      57.01      
    1859     |      68.65       |      51.75      
    1885     |      47.75       |      55.71      
    1928     |      45.50       |      57.72      
    1929     |      44.88       |      57.89      
    1964     |      47.34       |      56.46      
    1991     |      38.41       |      59.98      
    2022     |      52.00       |      54.84      
    2057     |      47.19       |      58.76      
    2058     |      43.54       |      59.71      
    2151     |      49.04       |      58.86      
    2152     |      48.71       |      59.01      
    2405     |      44.76       |      56.61      
    2406     |      43.24       |      57.15      
    2407     |      44.27       |      58.17      
    2434     |      52.85       |      57.66      
    2582     |      37.79       |      55.92      
    2583     |      38.88       |      55.09      
    2588     |      71.35       |      52.47      
    2622     |      39.65       |      54.26      
    2623     |      41.15       |      53.27      
    2663     |      52.69       |      52.27      
    2664     |      44.06       |      52.67      
    2665     |      50.48       |      56.48      
    2731     |      53.74       |      54.64      
    2791     |      42.83       |      58.90      
    2819     |      60.33       |      58.91      
    2896     |      53.58       |      53.52      
    2925     |      64.17       |      55.48      
    2926     |      58.04       |      54.74      
    3759     |      84.68       |      21.10      
    3882     |      78.26       |      30.87      
    3884     |      86.42       |      48.60      
    3932     |      89.25       |      47.06      
    3935     |      58.04       |      34.84      
    3936     |      64.43       |      26.45      
    3978     |      70.72       |      30.01      
    3979     |      68.85       |      35.49      
    3983     |      87.12       |      35.49      
    3986     |      87.50       |      24.53      
    4031     |      89.47       |      24.25      
    4069     |      88.58       |      23.28      
    4070     |      89.30       |      23.87      
    4071     |      88.83       |      20.89      
    4074     |      82.29       |      30.77      
    4110     |      85.45       |      22.77      
    4144     |      83.37       |      43.37      
    4145     |      87.51       |      33.44      
    4146     |      87.34       |      25.98      
    4151     |      85.79       |      17.93      
    4152     |      87.20       |      14.19      
    4157     |      85.53       |      13.30      
    4178     |      88.26       |      34.88      
    4182     |      85.26       |      35.77      
    4183     |      84.57       |      20.83      
    4189     |      79.51       |      16.90      
    4222     |      86.28       |      41.27      
    4223     |      85.86       |      38.75      
    4230     |      87.84       |      22.92      
    4231     |      89.08       |      29.62      
    4232     |      82.53       |      24.72      
    4243     |      86.30       |      13.06      
    4263     |      84.95       |      32.69      
    4264     |      83.20       |      10.27      
    4265     |      89.19       |       1.85      
    4266     |      87.05       |       2.38      
    4292     |      86.98       |      40.43      
    4310     |      85.21       |       4.45      
    4342     |      88.11       |      41.42      
    4343     |      88.58       |      31.20      
    4344     |      88.46       |      31.22      
    4373     |      89.66       |      31.49      
    4377     |      89.58       |      21.50      
    4379     |      88.32       |       3.54      
    4416     |      84.28       |       7.22      
    4451     |      82.23       |      51.37      
    4453     |      87.35       |      30.69      
    4454     |      89.27       |      43.55      
    4459     |      86.94       |      15.32      
    4460     |      84.83       |      12.31      
    4462     |      89.63       |       5.53      
    4483     |      71.59       |      31.63      
    4484     |      86.43       |      32.79      
    4518     |      87.25       |      30.79      
    4553     |      89.71       |      39.07      
    4554     |      85.92       |      52.54      
    4558     |      87.25       |      40.51      
    4562     |      86.56       |      30.38      
    4563     |      79.39       |      39.71      
    4564     |      81.17       |      18.88      
    4565     |      81.21       |      18.79      
    4566     |      81.15       |      23.46      
    4567     |      87.65       |      37.94      
    4571     |      89.51       |       7.34      
    4573     |      80.88       |      34.20      
    4574     |      77.05       |      25.01      
    4575     |      79.39       |      19.46      
    4576     |      74.99       |      15.00      
    4608     |      84.93       |      39.90      
    4609     |      84.46       |      43.03      
    4610     |      82.51       |      34.80      
    4632     |      82.24       |      52.50      
    4633     |      79.54       |      21.25      
    4634     |      82.70       |      23.60      
    4635     |      83.59       |      40.84      
    4636     |      85.71       |      25.42      
    4637     |      83.65       |      32.39      
    4638     |      89.84       |      36.80      
    4640     |      81.41       |      41.46      
    4641     |      84.60       |      12.90      
    4642     |      83.52       |       6.42      
    4645     |      69.82       |      26.60      
    4646     |      76.06       |      14.09      
    4647     |      78.34       |      14.56      
    4648     |      69.24       |      20.51      
    4674     |      74.75       |      40.68      
    4675     |      72.47       |      34.38      
    4676     |      66.93       |      45.12      
    4677     |      66.34       |      44.05      
    4678     |      74.51       |      19.68      
    4679     |      83.41       |      34.34      
    4680     |      88.46       |      23.55      
    4681     |      86.79       |      37.05      
    4683     |      74.70       |      35.45      
    4684     |      79.83       |      18.39      
    4685     |      88.63       |       8.38      
    4705     |      78.00       |      43.57      
    4706     |      79.72       |      34.00      
    4707     |      72.81       |      26.73      
    4708     |      60.59       |      45.22      
    4709     |      66.30       |      37.35      
    4712     |      78.94       |      31.38      
    4716     |      80.26       |      12.06      
    4717     |      77.55       |      12.32      
    4718     |      77.75       |      12.17      
    4747     |      82.21       |      29.06      
    4748     |      78.12       |      42.27      
    4749     |      76.94       |      32.50      
    4750     |      79.55       |      33.56      
    4751     |      78.86       |      32.29      
    4752     |      87.70       |      21.32      
    4753     |      80.51       |      26.66      
    4772     |      84.70       |      47.30      
    4773     |      75.69       |      36.18      
    4774     |      75.12       |      37.05      
    4775     |      80.21       |      31.43      
    4776     |      88.83       |      22.95      
    4777     |      83.76       |      39.42      
    4778     |      88.75       |       4.78      
    4779     |      86.45       |      10.84      
    4804     |      76.60       |      30.83      
    4805     |      79.86       |      36.90      
    4806     |      84.60       |      30.51      
    4807     |      83.69       |      37.57      
    4808     |      84.30       |      11.11      
    4810     |      85.82       |       5.42      
    4811     |      85.42       |       6.97      
    4834     |      81.37       |      36.36      
    4835     |      82.81       |      30.98      
    4838     |      84.58       |      19.90      
    4839     |      69.95       |      33.71      
    4840     |      70.43       |      31.64      
    4841     |      79.29       |      24.38      
    4842     |      77.25       |      41.71      
    4843     |      83.33       |      46.47      
    4844     |      71.04       |      20.71      
    4845     |      72.70       |      17.27      
    4846     |      82.25       |      10.92      
    4847     |      84.34       |       6.38      
    4870     |      74.56       |      38.99      
    4878     |      79.58       |      29.28      
    4879     |      89.85       |      38.41      
    4880     |      69.16       |      21.87      
    4881     |      72.97       |      24.50      
    4882     |      63.45       |      28.62      
    4883     |      65.89       |      28.51      
    4917     |      78.45       |      40.45      
    4918     |      79.01       |      43.13      
    4919     |      77.78       |      42.47      
    4920     |      84.65       |      18.21      
    4921     |      81.50       |       9.57      
    4922     |      84.84       |       5.94      
    4946     |      84.20       |      33.14      
    4947     |      84.87       |      36.13      
    4948     |      80.62       |      34.12      
    4949     |      70.15       |      36.58      
    4950     |      79.42       |      21.56      
    4951     |      87.35       |      24.69      
    4952     |      74.00       |      35.57      
    4953     |      63.81       |      29.11      
    4954     |      77.59       |      24.51      
    4956     |      76.39       |      13.61      
    4957     |      83.73       |       6.70      
    4980     |      82.45       |      45.54      
    4981     |      85.40       |      35.14      
    4982     |      72.37       |      35.60      
    4983     |      79.32       |      22.92      
    4984     |      76.36       |      21.91      
    4985     |      72.22       |      25.80      
    4986     |      67.66       |      30.90      
    4987     |      67.78       |      22.24      
    4988     |      75.85       |      18.01      
    4989     |      77.49       |      12.55      
    4990     |      79.94       |      10.95      
    4991     |      81.52       |       9.54      
    5012     |      75.60       |      33.85      
    5013     |      75.03       |      33.41      
    5014     |      71.54       |      35.36      
    5015     |      79.17       |      21.52      
    5016     |      76.75       |      23.91      
    5017     |      79.00       |      21.74      
    5018     |      73.22       |      16.88      
    5019     |      87.34       |       2.86      
    5039     |      77.63       |      46.45      
    5040     |      75.18       |      34.62      
    5041     |      68.48       |      29.50      
    5043     |      77.34       |      21.62      
    5044     |      79.91       |      21.80      
    5045     |      76.96       |      17.10      
    5046     |      74.07       |      16.07      
    5047     |      83.92       |       9.61      
    5068     |      86.63       |      37.74      
    5069     |      74.26       |      27.72      
    5070     |      64.88       |      38.50      
    5071     |      70.82       |      40.36      
    5072     |      69.28       |      28.49      
    5073     |      68.68       |      37.95      
    5074     |      89.47       |      17.35      
    5075     |      74.89       |      15.29      
    5076     |      72.38       |      19.64      
    5077     |      67.96       |      22.62      
    5078     |      64.25       |      27.67      
    5101     |      76.32       |      33.41      
    5104     |      78.74       |      33.70      
    5105     |      73.69       |      20.57      
    5106     |      87.67       |      23.37      
    5107     |      84.66       |      17.72      
    5108     |      78.85       |      23.13      
    5109     |      71.93       |      21.43      
    5110     |      72.19       |      18.44      
    5111     |      68.86       |      21.44      
    5112     |      70.43       |      22.74      
    5136     |      85.73       |      37.15      
    5137     |      85.79       |      37.02      
    5138     |      81.72       |      22.91      
    5139     |      72.25       |      36.25      
    5140     |      79.44       |      26.64      
    5141     |      79.74       |      34.32      
    5142     |      80.61       |      16.90      
    5143     |      79.80       |      15.61      
    5144     |      62.09       |      29.08      
    5145     |      62.15       |      29.08      
    5146     |      65.67       |      25.10      
    5167     |      67.59       |      47.01      
    5168     |      65.70       |      43.82      
    5169     |      86.53       |      45.36      
    5170     |      76.18       |      34.27      
    5171     |      76.70       |      26.43      
    5172     |      86.19       |      18.63      
    5173     |      87.29       |      23.92      
    5174     |      71.72       |      21.71      
    5175     |      70.28       |      22.24      
    5176     |      68.34       |      22.11      
    5177     |      65.55       |      25.23      
    5178     |      68.75       |      25.27      
    5179     |      64.42       |      25.92      
    5196     |      82.69       |      46.56      
    5197     |      75.29       |      27.02      
    5198     |      70.29       |      33.97      
    5199     |      71.13       |      32.20      
    5200     |      73.86       |      38.89      
    5201     |      65.82       |      51.87      
    5202     |      73.12       |      23.09      
    5204     |      83.88       |      14.12      
    5205     |      74.38       |      18.80      
    5206     |      75.04       |      19.43      
    5207     |      70.41       |      20.77      
    5208     |      72.90       |      18.41      
    5209     |      66.92       |      23.93      
    5210     |      70.28       |      21.87      
    5211     |      59.89       |      30.51      
    5230     |      89.20       |      47.37      
    5231     |      79.75       |      33.53      
    5232     |      74.69       |      32.12      
    5233     |      78.36       |      28.45      
    5234     |      88.81       |      32.00      
    5235     |      67.58       |      29.05      
    5237     |      78.57       |      12.01      
    5238     |      59.26       |      31.70      
    5239     |      63.32       |      29.05      
    5240     |      59.56       |      30.91      
    5241     |      56.38       |      34.90      
    5258     |      68.29       |      54.97      
    5259     |      80.06       |      28.72      
    5260     |      79.33       |      30.97      
    5261     |      85.05       |      41.08      
    5262     |      85.76       |      26.67      
    5263     |      81.21       |      20.74      
    5264     |      82.68       |      14.66      
    5265     |      71.06       |      20.14      
    5266     |      85.35       |      44.45      
    5267     |      47.52       |      43.12      
    5268     |      60.65       |      30.84      
    5269     |      63.48       |      26.96      
    5270     |      56.80       |      34.68      
    5271     |      73.14       |      21.11      
    5294     |      81.49       |      28.20      
    5295     |      73.75       |      28.82      
    5296     |      73.55       |      25.59      
    5297     |      85.90       |      26.64      
    5298     |      82.85       |      24.60      
    5299     |      68.97       |      22.03      
    5300     |      67.77       |      22.88      
    5301     |      71.55       |      19.33      
    5302     |      59.75       |      31.09      
    5303     |      59.21       |      31.31      
    5304     |      57.46       |      33.21      
    5319     |      62.38       |      53.46      
    5320     |      62.60       |      43.53      
    5321     |      85.69       |      32.18      
    5323     |      62.50       |      32.50      
    5324     |      61.25       |      32.40      
    5325     |      60.03       |      33.38      
    5326     |      71.83       |      19.54      
    5327     |      59.02       |      31.55      
    5328     |      53.52       |      37.17      
    5329     |      75.21       |      22.16      
    5350     |      70.10       |      46.59      
    5351     |      85.66       |      32.72      
    5352     |      84.91       |      41.20      
    5353     |      62.80       |      36.98      
    5354     |      61.59       |      32.91      
    5355     |      63.37       |      34.43      
    5356     |      52.26       |      39.81      
    5357     |      53.68       |      36.96      
    5358     |      58.00       |      32.74      
    5359     |      52.95       |      37.89      
    5360     |      87.83       |      22.28      
    5387     |      86.08       |      26.26      
    5388     |      78.10       |      41.28      
    5389     |      65.55       |      37.02      
    5390     |      54.07       |      36.87      
    5391     |      52.83       |      38.00      
    5392     |      84.47       |      16.11      
    5423     |      86.19       |      38.48      
    5424     |      74.72       |      27.18      
    5425     |      64.71       |      37.26      
    5426     |      88.35       |      29.84      
    5427     |      59.73       |      33.97      
    5428     |      62.64       |      31.23      
    5429     |      66.90       |      29.86      
    5430     |      62.34       |      28.34      
    5431     |      56.48       |      38.78      
    5432     |      54.73       |      37.14      
    5433     |      48.49       |      42.84      
    5434     |      50.51       |      40.14      
    5435     |      54.40       |      37.73      
    5436     |      66.17       |      47.74      
    5437     |      53.79       |      54.75      
    5438     |      49.37       |      53.41      
    5463     |      75.06       |      38.63      
    5464     |      74.92       |      38.67      
    5465     |      74.76       |      38.23      
    5466     |      81.83       |      25.11      
    5467     |      73.69       |      26.32      
    5468     |      87.32       |      35.04      
    5469     |      62.57       |      33.85      
    5470     |      62.03       |      33.76      
    5471     |      63.35       |      27.40      
    5472     |      63.48       |      27.29      
    5473     |      57.00       |      33.70      
    5474     |      56.56       |      34.48      
    5495     |      72.27       |      38.02      
    5496     |      72.32       |      38.95      
    5497     |      82.27       |      25.59      
    5498     |      78.03       |      25.02      
    5499     |      73.02       |      22.31      
    5500     |      71.24       |      24.35      
    5501     |      78.08       |      22.22      
    5502     |      64.21       |      26.40      
    5503     |      56.70       |      33.97      
    5504     |      52.34       |      38.40      
    5505     |      53.82       |      37.07      
    5506     |      54.72       |      36.49      
    5507     |      59.68       |      31.96      
    5508     |      46.66       |      44.18      
    5509     |      56.45       |      39.58      
    5510     |      36.26       |      57.10      
    5511     |      32.94       |      57.81      
    5532     |      64.57       |      41.49      
    5533     |      65.73       |      40.67      
    5534     |      71.45       |      42.52      
    5535     |      64.00       |      27.55      
    5536     |      73.08       |      24.76      
    5537     |      63.70       |      29.49      
    5538     |      71.42       |      40.70      
    5539     |      71.31       |      40.74      
    5540     |      41.38       |      49.63      
    5541     |      57.08       |      34.70      
    5542     |      60.76       |      35.89      
    5543     |      60.93       |      29.71      
    5544     |      54.07       |      37.28      
    5545     |      36.42       |      54.68      
    5559     |      71.32       |      41.80      
    5560     |      69.72       |      40.24      
    5561     |      62.67       |      42.21      
    5562     |      64.13       |      44.17      
    5563     |      66.78       |      43.66      
    5564     |      62.85       |      48.72      
    5565     |      51.18       |      41.65      
    5566     |      72.02       |      33.49      
    5567     |      68.50       |      23.93      
    5568     |      45.70       |      45.63      
    5569     |      53.90       |      37.02      
    5570     |      60.54       |      31.89      
    5571     |      35.11       |      55.80      
    5572     |      41.89       |      49.45      
    5573     |      33.69       |      58.22      
    5574     |      32.54       |      59.16      
    5592     |      72.53       |      45.06      
    5593     |      76.47       |      35.23      
    5594     |      64.70       |      36.04      
    5595     |      56.89       |      45.87      
    5596     |      71.67       |      33.72      
    5597     |      56.22       |      38.44      
    5598     |      58.64       |      40.09      
    5599     |      55.48       |      41.57      
    5600     |      54.02       |      41.00      
    5601     |      49.02       |      43.87      
    5602     |      48.97       |      41.99      
    5603     |      52.64       |      38.65      
    5604     |      43.85       |      47.25      
    5605     |      49.40       |      46.26      
    5606     |      39.02       |      51.90      
    5607     |      38.46       |      52.67      
    5628     |      70.54       |      36.99      
    5629     |      70.71       |      36.80      
    5630     |      62.90       |      57.27      
    5631     |      71.31       |      40.32      
    5632     |      44.30       |      46.55      
    5633     |      46.14       |      45.06      
    5634     |      38.15       |      54.88      
    5635     |      35.75       |      55.37      
    5636     |      38.99       |      52.13      
    5637     |      38.98       |      52.17      
    5654     |      64.29       |      43.58      
    5655     |      53.51       |      52.71      
    5656     |      54.13       |      55.06      
    5657     |      50.40       |      55.55      
    5658     |      51.53       |      58.30      
    5659     |      47.56       |      56.88      
    5660     |      51.66       |      42.96      
    5661     |      49.58       |      42.85      
    5662     |      68.43       |      30.76      
    5663     |      56.62       |      34.44      
    5664     |      57.17       |      47.37      
    5665     |      45.87       |      44.94      
    5666     |      31.85       |      59.08      
    5667     |      38.91       |      52.29      
