=== Visibility Analysis Summary ===
Total patches: 12288
Geometric visible: 1401 (11.4%)
Light illuminated: 1070 (76.4% of geometric)
Reflection conditions met: 1401 (100.0% of geometric)
Light unoccluded: 1070 (76.4% of geometric)
Final visible: 1070 (8.7% of total)
Visible area: 373.90 (10.3% of total area)

=== Detailed Visibility Information ===
Patch Index  | Incidence Angle  |  Viewing Angle  
-------------+------------------+-----------------
     17      |      86.00       |      41.49      
     18      |      81.74       |      39.32      
     19      |      89.68       |      42.14      
     20      |      72.10       |      49.03      
     21      |      84.72       |      32.38      
     33      |      75.98       |      39.48      
     34      |      87.17       |      36.80      
     35      |      86.20       |      34.88      
     36      |      87.98       |      35.44      
     37      |      87.85       |      34.44      
     39      |      84.69       |      43.28      
     40      |      71.36       |      42.96      
     41      |      76.08       |      36.98      
     60      |      78.05       |      39.64      
     61      |      72.99       |      42.40      
     62      |      82.79       |      43.30      
     63      |      82.84       |      37.06      
     76      |      87.33       |      27.56      
     78      |      69.61       |      26.01      
     79      |      77.50       |      32.65      
     80      |      77.04       |      32.58      
     81      |      88.66       |      42.29      
     82      |      81.03       |      39.55      
     98      |      88.82       |      38.19      
     99      |      85.48       |      30.01      
    101      |      84.55       |      38.44      
    102      |      69.36       |      39.48      
    115      |      84.61       |      37.52      
    116      |      83.44       |      35.13      
    117      |      77.39       |      43.15      
    118      |      68.86       |      35.75      
    119      |      89.57       |      37.08      
    120      |      85.60       |      28.89      
    136      |      75.74       |      27.33      
    137      |      76.54       |      33.40      
    139      |      84.76       |      29.88      
    140      |      69.84       |      26.16      
    141      |      74.42       |      33.78      
    150      |      87.78       |      46.66      
    156      |      86.95       |      29.76      
    157      |      87.16       |      30.74      
    158      |      89.89       |      31.77      
    159      |      82.17       |      25.55      
    161      |      67.90       |      47.82      
    162      |      61.53       |      47.42      
    175      |      84.04       |      28.94      
    176      |      89.44       |      34.46      
    177      |      88.12       |      34.07      
    178      |      86.85       |      31.18      
    179      |      76.23       |      32.02      
    180      |      80.97       |      32.19      
    181      |      77.59       |      30.91      
    182      |      77.35       |      33.53      
    196      |      87.04       |      36.76      
    197      |      78.37       |      30.82      
    198      |      79.98       |      28.88      
    200      |      76.12       |      14.20      
    211      |      88.23       |      44.00      
    212      |      78.19       |      35.40      
    213      |      89.08       |      33.07      
    214      |      85.45       |      30.81      
    215      |      78.91       |      28.71      
    216      |      78.23       |      31.56      
    218      |      64.91       |      43.94      
    219      |      56.59       |      35.45      
    234      |      84.21       |      32.59      
    235      |      80.48       |      30.65      
    236      |      60.89       |      46.25      
    237      |      66.27       |      27.94      
    249      |      89.58       |      32.94      
    252      |      84.65       |      33.27      
    253      |      74.71       |      30.85      
    254      |      73.40       |      29.88      
    255      |      73.40       |      29.95      
    263      |      88.28       |      34.03      
    273      |      87.85       |      37.95      
    274      |      83.68       |      33.69      
    279      |      81.50       |      48.46      
    280      |      78.99       |      49.59      
    281      |      78.20       |      48.83      
    287      |      89.20       |      32.21      
    288      |      87.26       |      37.90      
    289      |      84.26       |      36.04      
    290      |      81.20       |      32.49      
    306      |      87.53       |      39.50      
    309      |      80.49       |      31.75      
    310      |      74.08       |      31.76      
    322      |      87.66       |      47.43      
    327      |      88.47       |      39.08      
    328      |      88.26       |      48.80      
    329      |      74.66       |      19.20      
    330      |      83.30       |      37.35      
    331      |      81.67       |      36.40      
    332      |      81.01       |      35.07      
    333      |      81.03       |      35.06      
    334      |      75.97       |      33.39      
    342      |      82.93       |      38.00      
    343      |      88.52       |      40.28      
    344      |      77.21       |      40.73      
    345      |      77.30       |      35.47      
    346      |      74.08       |      32.32      
    353      |      76.15       |      34.26      
    371      |      86.04       |      41.31      
    372      |      89.73       |      45.23      
    373      |      81.05       |      40.71      
    374      |      79.39       |      36.12      
    375      |      70.85       |      34.91      
    386      |      81.41       |      37.60      
    387      |      67.92       |      34.02      
    401      |      85.96       |      42.09      
    402      |      82.50       |      38.39      
    403      |      78.57       |      38.85      
    404      |      76.65       |      39.15      
    405      |      69.29       |      34.95      
    413      |      86.91       |      41.82      
    414      |      77.36       |      37.27      
    415      |      76.32       |      37.84      
    416      |      72.48       |      38.26      
    417      |      71.26       |      36.13      
    428      |      84.56       |      41.23      
    429      |      71.15       |      36.68      
    440      |      81.76       |      42.20      
    441      |      78.45       |      39.53      
    442      |      67.86       |      37.32      
    443      |      63.82       |      36.82      
    454      |      72.61       |      39.46      
    455      |      67.88       |      37.54      
    464      |      86.54       |      45.64      
    465      |      75.15       |      43.17      
    466      |      74.26       |      43.28      
    467      |      72.10       |      40.37      
    479      |      88.03       |      50.32      
    480      |      85.77       |      49.48      
    481      |      83.88       |      46.55      
    482      |      81.22       |      46.02      
    483      |      79.91       |      44.74      
    484      |      76.69       |      44.62      
    485      |      72.62       |      42.74      
    486      |      66.32       |      39.32      
    487      |      61.81       |      38.69      
    489      |      89.02       |      54.32      
    500      |      80.30       |      31.33      
    501      |      67.80       |      42.58      
    502      |      66.17       |      40.09      
    512      |      88.85       |      54.23      
    513      |      73.45       |      47.02      
    514      |      75.45       |      58.77      
    515      |      59.77       |      42.44      
    516      |      69.86       |      45.69      
    517      |      69.86       |      45.64      
    518      |      66.47       |      45.68      
    519      |      59.91       |      44.35      
    531      |      82.21       |      58.00      
    532      |      76.38       |      52.42      
    533      |      66.70       |      45.47      
    534      |      61.19       |      43.64      
    535      |      60.75       |      42.19      
    547      |      79.09       |      55.03      
    548      |      71.68       |      50.91      
    549      |      66.77       |      45.44      
    559      |      76.06       |      54.76      
    560      |      77.31       |      55.97      
    561      |      70.98       |      49.52      
    562      |      73.09       |      51.44      
    563      |      64.18       |      45.78      
    564      |      61.79       |      44.43      
    565      |      61.37       |      43.33      
    579      |      69.54       |      51.73      
    580      |      67.24       |      48.50      
    581      |      66.68       |      47.93      
    591      |      70.95       |      50.00      
    592      |      69.32       |      49.77      
    593      |      67.22       |      50.30      
    594      |      68.79       |      26.57      
    595      |      67.98       |      44.89      
    596      |      64.38       |      45.62      
    597      |      68.45       |      42.03      
    605      |      72.68       |      55.83      
    606      |      66.69       |      50.49      
    607      |      76.92       |      58.90      
    608      |      62.35       |      51.66      
    609      |      61.17       |      45.17      
    610      |      63.40       |      50.48      
    623      |      67.33       |      50.06      
    624      |      74.87       |      52.72      
    626      |      66.20       |      45.44      
    627      |      60.40       |      49.78      
    642      |      71.65       |      58.15      
    643      |      67.26       |      55.32      
    644      |      70.75       |      53.51      
    645      |      65.48       |      49.01      
    646      |      65.02       |      47.51      
    647      |      64.39       |      44.61      
    648      |      84.41       |      26.01      
    649      |      79.18       |      23.33      
    650      |      77.79       |      15.23      
    666      |      70.40       |      54.91      
    667      |      67.24       |      52.37      
    668      |      68.58       |      49.14      
    669      |      66.19       |      45.23      
    670      |      73.38       |      39.65      
    671      |      84.33       |      51.41      
    672      |      63.44       |      51.71      
    673      |      62.24       |      50.15      
    674      |      77.55       |      46.72      
    686      |      72.44       |      58.19      
    687      |      83.01       |      38.79      
    688      |      82.19       |      44.25      
    689      |      69.21       |      32.69      
    690      |      73.94       |      48.44      
    691      |      72.24       |      43.94      
    705      |      85.48       |      51.60      
    707      |      61.30       |      37.12      
    708      |      69.42       |      45.33      
    709      |      84.48       |      48.38      
    710      |      76.73       |      29.31      
    711      |      60.29       |      44.62      
    712      |      65.58       |      48.68      
    726      |      78.90       |      57.69      
    727      |      71.48       |      59.70      
    728      |      69.47       |      59.98      
    729      |      68.88       |      58.01      
    730      |      62.18       |      47.64      
    731      |      59.63       |      43.40      
    732      |      60.22       |      48.45      
    745      |      75.97       |      54.42      
    746      |      67.71       |      52.71      
    747      |      72.34       |      55.13      
    750      |      59.28       |      56.00      
    751      |      66.66       |      54.70      
    752      |      75.71       |      33.52      
    753      |      76.81       |      56.90      
    754      |      61.55       |      42.36      
    755      |      60.33       |      42.46      
    756      |      66.56       |      37.78      
    757      |      69.11       |      37.69      
    758      |      69.30       |      34.22      
    774      |      72.51       |      56.26      
    777      |      68.09       |      56.67      
    779      |      57.53       |      59.55      
    780      |      66.96       |      40.32      
    801      |      76.72       |      58.29      
    802      |      77.26       |      58.61      
    803      |      71.53       |      51.38      
    804      |      73.78       |      51.25      
    805      |      79.81       |      56.93      
    806      |      79.27       |      54.92      
    807      |      79.50       |      54.94      
    808      |      76.03       |      42.27      
    809      |      66.88       |      39.59      
    810      |      68.20       |      46.96      
    811      |      70.08       |      52.69      
    812      |      58.87       |      48.41      
    813      |      58.65       |      59.73      
    829      |      78.28       |      57.05      
    830      |      72.95       |      51.60      
    831      |      74.27       |      52.88      
    832      |      74.15       |      52.88      
    834      |      65.35       |      40.73      
    835      |      74.34       |      45.92      
    836      |      65.12       |      45.44      
    855      |      78.42       |      46.32      
    860      |      54.47       |      56.17      
    861      |      69.02       |      52.47      
    862      |      64.34       |      47.99      
    863      |      51.21       |      54.12      
    878      |      71.06       |      58.48      
    879      |      76.86       |      56.14      
    880      |      75.20       |      46.02      
    881      |      61.87       |      36.62      
    903      |      83.21       |      48.58      
    904      |      89.80       |      46.13      
    905      |      76.30       |      37.45      
    906      |      72.70       |      49.46      
    907      |      74.24       |      53.18      
    908      |      69.56       |      51.62      
    909      |      70.87       |      51.30      
    910      |      69.89       |      50.12      
    931      |      83.72       |      45.09      
    932      |      80.59       |      32.96      
    933      |      70.40       |      35.09      
    934      |      85.38       |      47.85      
    936      |      68.88       |      26.42      
    937      |      71.93       |      48.94      
    938      |      57.57       |      45.65      
    963      |      85.17       |      43.96      
    964      |      79.38       |      37.58      
    965      |      81.47       |      49.85      
    966      |      58.70       |      44.23      
    986      |      83.16       |      43.51      
    987      |      72.55       |      37.16      
    988      |      70.80       |      34.45      
    989      |      81.24       |      34.66      
    1022     |      87.79       |      27.96      
    1057     |      89.94       |      18.79      
    1335     |      76.96       |      24.85      
    1336     |      68.09       |      32.96      
    1337     |      57.44       |      41.20      
    1338     |      76.13       |      29.41      
    1339     |      69.44       |      28.64      
    1340     |      66.95       |      26.90      
    1341     |      82.42       |      27.21      
    1342     |      48.34       |      44.41      
    1344     |      59.49       |      32.71      
    1345     |      53.54       |      40.79      
    1346     |      53.17       |      44.22      
    1347     |      58.79       |      32.77      
    1348     |      64.76       |      25.45      
    1349     |      52.63       |      42.88      
    1350     |      57.48       |      49.60      
    1351     |      57.51       |      49.71      
    1360     |      73.33       |      28.96      
    1361     |      69.66       |      30.04      
    1362     |      62.65       |      33.53      
    1363     |      80.08       |      34.93      
    1364     |      79.57       |      23.91      
    1365     |      50.73       |      39.66      
    1366     |      46.35       |      44.36      
    1367     |      59.68       |      37.00      
    1368     |      70.73       |      19.62      
    1369     |      56.83       |      40.65      
    1370     |      62.97       |      52.45      
    1386     |      67.66       |      27.90      
    1387     |      67.06       |      33.28      
    1388     |      65.21       |      32.03      
    1389     |      78.73       |      39.48      
    1390     |      65.01       |      41.95      
    1391     |      62.33       |      38.80      
    1392     |      80.14       |      36.15      
    1393     |      63.10       |      30.00      
    1394     |      58.50       |      38.53      
    1395     |      50.22       |      42.22      
    1396     |      60.34       |      30.32      
    1397     |      55.60       |      35.84      
    1398     |      66.92       |      26.10      
    1399     |      66.47       |      24.60      
    1400     |      65.56       |      26.32      
    1401     |      66.76       |      36.81      
    1413     |      74.34       |      27.29      
    1414     |      65.70       |      29.90      
    1415     |      67.82       |      29.23      
    1416     |      75.16       |      24.61      
    1417     |      77.27       |      24.51      
    1418     |      80.16       |      21.93      
    1419     |      59.01       |      32.11      
    1420     |      64.21       |      27.24      
    1421     |      61.20       |      29.92      
    1422     |      62.43       |      30.73      
    1423     |      75.66       |      14.46      
    1424     |      70.54       |      21.26      
    1425     |      64.61       |      27.10      
    1426     |      62.98       |      45.67      
    1427     |      60.33       |      39.88      
    1428     |      68.59       |      49.35      
    1429     |      66.53       |      41.42      
    1442     |      67.94       |      35.69      
    1443     |      69.92       |      35.29      
    1444     |      64.65       |      32.91      
    1445     |      73.61       |      25.98      
    1446     |      84.92       |      30.42      
    1447     |      82.40       |      25.72      
    1448     |      79.37       |      25.13      
    1449     |      59.30       |      32.49      
    1450     |      53.85       |      36.22      
    1451     |      59.66       |      37.05      
    1452     |      64.39       |      26.35      
    1453     |      59.13       |      32.97      
    1454     |      63.05       |      27.49      
    1455     |      61.43       |      45.73      
    1456     |      66.98       |      25.74      
    1457     |      64.06       |      41.34      
    1458     |      66.76       |      48.02      
    1459     |      67.40       |      46.70      
    1460     |      66.07       |      41.63      
    1472     |      82.02       |      32.15      
    1473     |      75.03       |      25.44      
    1474     |      63.24       |      36.18      
    1475     |      65.30       |      38.65      
    1476     |      74.77       |      35.64      
    1477     |      57.81       |      32.54      
    1478     |      60.92       |      29.55      
    1479     |      57.88       |      32.41      
    1480     |      83.96       |      16.06      
    1481     |      68.23       |      36.72      
    1482     |      64.54       |      25.63      
    1483     |      63.87       |      26.36      
    1484     |      67.87       |      22.85      
    1485     |      53.86       |      37.03      
    1486     |      53.43       |      37.67      
    1487     |      67.42       |      23.45      
    1488     |      66.05       |      29.55      
    1489     |      51.48       |      39.79      
    1490     |      63.16       |      44.35      
    1491     |      67.89       |      28.91      
    1492     |      66.21       |      41.44      
    1507     |      75.40       |      33.62      
    1508     |      69.28       |      31.26      
    1510     |      79.21       |      13.50      
    1511     |      73.01       |      26.65      
    1512     |      70.39       |      27.73      
    1513     |      70.71       |      27.92      
    1516     |      55.10       |      37.22      
    1517     |      50.21       |      39.99      
    1518     |      56.32       |      34.69      
    1519     |      68.04       |      33.17      
    1520     |      69.57       |      32.97      
    1521     |      52.57       |      41.35      
    1522     |      53.32       |      37.22      
    1523     |      51.39       |      44.24      
    1524     |      54.75       |      37.18      
    1525     |      67.06       |      29.89      
    1526     |      61.84       |      41.06      
    1527     |      62.08       |      43.41      
    1528     |      73.40       |      19.48      
    1530     |      62.40       |      46.74      
    1531     |      62.14       |      43.00      
    1542     |      50.80       |      49.80      
    1543     |      39.69       |      52.24      
    1544     |      65.56       |      34.36      
    1545     |      64.49       |      45.22      
    1546     |      51.72       |      41.33      
    1547     |      51.05       |      43.39      
    1548     |      51.79       |      38.60      
    1549     |      50.65       |      39.63      
    1550     |      44.11       |      48.08      
    1551     |      60.45       |      31.59      
    1552     |      67.71       |      22.55      
    1553     |      61.44       |      41.44      
    1554     |      68.43       |      32.86      
    1555     |      63.33       |      58.02      
    1569     |      75.63       |      33.43      
    1570     |      67.27       |      33.39      
    1571     |      87.15       |      39.30      
    1572     |      62.36       |      43.99      
    1573     |      57.25       |      41.51      
    1574     |      64.49       |      31.83      
    1575     |      55.72       |      38.03      
    1576     |      64.04       |      35.05      
    1577     |      57.06       |      36.08      
    1578     |      55.49       |      35.36      
    1579     |      56.38       |      34.91      
    1580     |      58.36       |      39.50      
    1581     |      44.70       |      46.15      
    1582     |      68.63       |      25.47      
    1583     |      68.49       |      21.74      
    1584     |      58.64       |      33.05      
    1585     |      56.55       |      34.25      
    1586     |      62.11       |      28.27      
    1587     |      60.20       |      31.53      
    1588     |      61.51       |      29.13      
    1589     |      60.11       |      31.43      
    1590     |      58.76       |      50.13      
    1591     |      61.73       |      29.81      
    1592     |      53.34       |      44.74      
    1593     |      53.30       |      51.74      
    1595     |      59.04       |      38.93      
    1596     |      52.60       |      48.98      
    1614     |      78.24       |      32.15      
    1615     |      67.80       |      34.23      
    1616     |      76.25       |      29.92      
    1617     |      69.23       |      34.03      
    1618     |      63.66       |      37.50      
    1619     |      57.31       |      34.25      
    1620     |      61.48       |      33.03      
    1621     |      73.60       |      31.56      
    1622     |      63.07       |      28.66      
    1623     |      49.62       |      44.93      
    1624     |      56.44       |      34.99      
    1625     |      40.02       |      57.07      
    1626     |      63.12       |      38.14      
    1627     |      60.17       |      47.38      
    1637     |      69.01       |      32.77      
    1638     |      71.65       |      31.48      
    1639     |      74.81       |      31.91      
    1640     |      65.33       |      38.58      
    1641     |      61.62       |      36.51      
    1642     |      62.64       |      36.12      
    1643     |      63.23       |      36.16      
    1644     |      76.03       |      30.22      
    1645     |      76.55       |      17.08      
    1646     |      58.65       |      32.18      
    1647     |      62.25       |      28.94      
    1648     |      59.61       |      30.87      
    1649     |      64.46       |      26.31      
    1650     |      71.47       |      20.07      
    1651     |      70.61       |      19.77      
    1652     |      63.21       |      27.85      
    1653     |      51.74       |      39.10      
    1654     |      53.20       |      44.70      
    1655     |      53.20       |      44.74      
    1656     |      60.67       |      46.46      
    1657     |      58.28       |      48.25      
    1658     |      60.50       |      55.62      
    1674     |      69.50       |      35.13      
    1675     |      77.15       |      36.19      
    1676     |      67.60       |      31.21      
    1677     |      65.58       |      35.71      
    1678     |      55.75       |      42.06      
    1679     |      58.48       |      47.16      
    1680     |      40.98       |      58.11      
    1681     |      61.90       |      29.28      
    1682     |      49.79       |      44.27      
    1683     |      60.78       |      29.81      
    1684     |      56.67       |      34.23      
    1685     |      59.18       |      32.33      
    1686     |      61.47       |      34.86      
    1687     |      61.70       |      32.86      
    1688     |      60.38       |      50.34      
    1704     |      62.80       |      35.95      
    1705     |      56.17       |      40.55      
    1706     |      57.00       |      40.49      
    1707     |      64.27       |      36.40      
    1709     |      61.15       |      30.43      
    1710     |      54.68       |      35.89      
    1711     |      58.60       |      34.25      
    1712     |      53.93       |      37.89      
    1713     |      54.18       |      36.23      
    1714     |      75.76       |      23.14      
    1715     |      61.46       |      36.12      
    1731     |      73.47       |      29.95      
    1732     |      66.70       |      32.03      
    1733     |      61.20       |      36.83      
    1734     |      62.98       |      36.01      
    1735     |      58.03       |      37.40      
    1736     |      63.95       |      36.04      
    1737     |      72.99       |      43.50      
    1738     |      46.83       |      44.57      
    1739     |      49.26       |      42.50      
    1740     |      53.23       |      40.07      
    1741     |      63.63       |      27.73      
    1742     |      57.34       |      33.66      
    1743     |      61.67       |      36.27      
    1744     |      36.60       |      56.37      
    1745     |      56.93       |      34.01      
    1746     |      58.04       |      32.82      
    1747     |      55.90       |      40.16      
    1748     |      63.73       |      28.32      
    1749     |      63.65       |      31.33      
    1750     |      58.70       |      39.71      
    1751     |      60.28       |      46.33      
    1752     |      67.03       |      33.78      
    1753     |      70.22       |      57.04      
    1754     |      58.07       |      52.53      
    1768     |      66.66       |      38.77      
    1769     |      62.19       |      34.20      
    1770     |      66.41       |      34.03      
    1771     |      66.34       |      33.35      
    1772     |      89.15       |      26.49      
    1773     |      52.60       |      37.75      
    1774     |      73.52       |      37.78      
    1775     |      49.04       |      43.86      
    1776     |      64.55       |      35.82      
    1777     |      55.17       |      36.12      
    1778     |      56.97       |      34.07      
    1779     |      48.03       |      42.60      
    1780     |      57.45       |      33.37      
    1781     |      60.26       |      31.46      
    1782     |      56.53       |      41.28      
    1783     |      58.97       |      36.80      
    1784     |      59.72       |      53.88      
    1785     |      50.53       |      45.80      
    1788     |      54.69       |      59.06      
    1799     |      63.51       |      35.72      
    1800     |      65.73       |      39.71      
    1801     |      53.41       |      37.10      
    1802     |      41.67       |      48.99      
    1803     |      49.84       |      42.49      
    1804     |      58.18       |      40.20      
    1805     |      65.60       |      38.22      
    1806     |      61.07       |      30.99      
    1807     |      59.76       |      31.26      
    1808     |      86.74       |       3.85      
    1809     |      49.45       |      46.44      
    1810     |      51.23       |      40.18      
    1825     |      72.61       |      31.03      
    1826     |      68.74       |      32.24      
    1827     |      67.57       |      31.22      
    1828     |      68.17       |      31.12      
    1829     |      66.20       |      32.03      
    1830     |      65.49       |      25.77      
    1831     |      60.00       |      37.32      
    1832     |      79.45       |      55.26      
    1833     |      35.58       |      56.84      
    1834     |      63.02       |      48.94      
    1835     |      48.53       |      42.36      
    1836     |      69.84       |      26.68      
    1837     |      65.32       |      49.64      
    1838     |      47.74       |      46.10      
    1839     |      47.93       |      45.71      
    1840     |      45.40       |      47.84      
    1841     |      46.72       |      45.34      
    1842     |      62.87       |      27.96      
    1843     |      57.36       |      44.90      
    1844     |      65.36       |      49.20      
    1846     |      60.38       |      54.01      
    1858     |      62.00       |      34.90      
    1859     |      77.46       |      40.54      
    1860     |      56.34       |      34.97      
    1861     |      57.73       |      40.65      
    1862     |      54.63       |      42.51      
    1863     |      54.17       |      43.58      
    1864     |      36.45       |      57.08      
    1865     |      58.71       |      35.27      
    1866     |      58.73       |      35.27      
    1867     |      70.41       |      32.65      
    1868     |      54.29       |      39.02      
    1869     |      46.85       |      44.10      
    1870     |      55.64       |      35.17      
    1871     |      67.11       |      37.97      
    1874     |      42.26       |      49.36      
    1875     |      43.22       |      49.45      
    1876     |      43.51       |      49.11      
    1877     |      49.01       |      52.29      
    1885     |      63.25       |      33.71      
    1886     |      62.35       |      44.81      
    1887     |      51.43       |      42.64      
    1888     |      55.93       |      40.86      
    1889     |      52.00       |      42.93      
    1890     |      56.24       |      43.03      
    1891     |      57.08       |      40.42      
    1892     |      55.46       |      38.21      
    1893     |      48.62       |      42.30      
    1894     |      46.43       |      44.29      
    1895     |      47.42       |      44.17      
    1896     |      33.23       |      57.90      
    1897     |      41.76       |      49.02      
    1898     |      37.67       |      54.97      
    1899     |      45.59       |      45.27      
    1900     |      46.79       |      44.23      
    1901     |      51.80       |      40.49      
    1902     |      43.61       |      52.86      
    1903     |      65.03       |      25.87      
    1905     |      52.11       |      59.37      
    1906     |      53.19       |      59.74      
    1907     |      52.86       |      56.87      
    1928     |      60.97       |      35.15      
    1929     |      60.60       |      35.08      
    1930     |      56.84       |      37.79      
    1931     |      57.33       |      39.35      
    1932     |      54.60       |      41.00      
    1933     |      53.85       |      41.31      
    1934     |      60.97       |      38.08      
    1935     |      62.33       |      38.08      
    1936     |      52.66       |      42.64      
    1937     |      56.11       |      42.27      
    1938     |      57.97       |      40.79      
    1939     |      74.51       |      37.67      
    1940     |      74.25       |      19.52      
    1941     |      42.71       |      48.13      
    1942     |      43.00       |      47.90      
    1943     |      51.15       |      41.20      
    1944     |      45.05       |      46.07      
    1945     |      44.32       |      52.53      
    1964     |      62.58       |      34.41      
    1965     |      55.55       |      39.87      
    1966     |      56.08       |      43.42      
    1969     |      43.53       |      48.32      
    1970     |      44.76       |      46.23      
    1971     |      56.21       |      37.60      
    1972     |      44.19       |      47.99      
    1973     |      42.69       |      48.29      
    1974     |      42.61       |      48.39      
    1975     |      52.29       |      39.62      
    1976     |      46.58       |      49.36      
    1991     |      57.08       |      35.17      
    1992     |      54.90       |      40.02      
    1993     |      54.13       |      41.53      
    1994     |      52.28       |      43.02      
    1995     |      73.93       |      32.07      
    1996     |      56.16       |      34.55      
    1997     |      55.21       |      39.61      
    1998     |      59.57       |      31.14      
    1999     |      46.94       |      43.84      
    2000     |      56.98       |      34.98      
    2001     |      38.93       |      51.98      
    2002     |      44.82       |      47.90      
    2022     |      65.76       |      34.79      
    2023     |      59.24       |      38.30      
    2024     |      53.48       |      41.45      
    2025     |      56.01       |      48.12      
    2026     |      50.00       |      46.58      
    2027     |      76.44       |      28.85      
    2029     |      70.86       |      37.49      
    2030     |      62.69       |      34.85      
    2031     |      45.13       |      45.72      
    2032     |      41.86       |      49.29      
    2033     |      42.89       |      49.13      
    2034     |      62.16       |      46.00      
    2035     |      34.63       |      58.33      
    2036     |      38.73       |      54.10      
    2037     |      41.40       |      49.51      
    2038     |      55.52       |      36.87      
    2039     |      42.92       |      51.20      
    2040     |      33.31       |      57.81      
    2057     |      60.98       |      37.18      
    2058     |      58.83       |      36.78      
    2059     |      58.26       |      37.17      
    2060     |      55.60       |      37.23      
    2061     |      55.22       |      38.88      
    2062     |      52.65       |      44.29      
    2063     |      85.30       |      43.33      
    2065     |      38.49       |      57.50      
    2066     |      47.16       |      57.32      
    2068     |      36.11       |      56.02      
    2069     |      34.87       |      59.95      
    2091     |      53.94       |      38.60      
    2092     |      53.73       |      39.91      
    2093     |      58.57       |      39.49      
    2094     |      48.79       |      46.16      
    2095     |      47.75       |      50.38      
    2096     |      52.11       |      48.55      
    2097     |      36.48       |      54.28      
    2098     |      34.85       |      56.03      
    2099     |      40.56       |      52.94      
    2100     |      40.12       |      53.56      
    2101     |      35.29       |      55.76      
    2102     |      39.00       |      52.49      
    2103     |      40.18       |      51.68      
    2104     |      36.96       |      54.33      
    2105     |      32.12       |      59.57      
    2122     |      55.37       |      38.57      
    2123     |      56.78       |      37.71      
    2124     |      44.74       |      50.08      
    2125     |      43.22       |      51.07      
    2126     |      50.14       |      50.56      
    2127     |      32.31       |      58.48      
    2128     |      35.69       |      56.20      
    2129     |      37.53       |      54.06      
    2130     |      46.23       |      55.56      
    2131     |      50.12       |      42.16      
    2134     |      45.30       |      50.12      
    2135     |      48.79       |      42.24      
    2151     |      61.79       |      38.16      
    2152     |      61.54       |      38.17      
    2153     |      56.56       |      39.18      
    2154     |      52.26       |      40.13      
    2155     |      52.22       |      41.28      
    2156     |      49.98       |      43.96      
    2157     |      43.61       |      47.19      
    2158     |      58.38       |      38.37      
    2159     |      51.29       |      42.87      
    2160     |      48.20       |      42.67      
    2161     |      47.68       |      43.18      
    2162     |      45.07       |      46.86      
    2163     |      46.12       |      46.17      
    2164     |      39.80       |      51.79      
    2165     |      39.15       |      52.26      
    2168     |      52.06       |      44.38      
    2170     |      34.11       |      56.94      
    2186     |      57.42       |      40.49      
    2187     |      55.13       |      40.25      
    2188     |      50.03       |      45.53      
    2189     |      49.30       |      45.69      
    2190     |      49.91       |      41.26      
    2191     |      49.76       |      44.31      
    2192     |      53.77       |      42.03      
    2193     |      36.30       |      54.57      
    2195     |      39.90       |      53.38      
    2219     |      64.33       |      31.94      
    2220     |      44.21       |      46.70      
    2221     |      47.22       |      44.61      
    2222     |      51.08       |      42.16      
    2223     |      37.73       |      57.28      
    2224     |      41.20       |      55.23      
    2225     |      34.12       |      58.61      
    2227     |      37.90       |      53.56      
    2228     |      32.26       |      59.75      
    2246     |      59.18       |      41.67      
    2247     |      57.38       |      40.59      
    2248     |      52.03       |      44.27      
    2249     |      53.55       |      43.89      
    2250     |      53.50       |      38.75      
    2251     |      51.81       |      39.76      
    2252     |      51.47       |      41.84      
    2253     |      49.84       |      42.19      
    2254     |      64.03       |      31.45      
    2255     |      47.87       |      44.86      
    2257     |      43.10       |      53.67      
    2260     |      39.11       |      53.76      
    2261     |      54.29       |      44.27      
    2262     |      33.61       |      57.74      
    2276     |      59.00       |      42.61      
    2277     |      51.71       |      42.13      
    2278     |      65.35       |      35.89      
    2279     |      67.10       |      36.33      
    2280     |      79.56       |      11.56      
    2281     |      68.10       |      30.36      
    2282     |      65.00       |      30.30      
    2283     |      38.67       |      52.53      
    2284     |      40.93       |      51.19      
    2285     |      40.40       |      51.64      
    2287     |      54.94       |      38.71      
    2288     |      60.17       |      39.68      
    2289     |      47.23       |      47.30      
    2290     |      48.59       |      52.32      
    2311     |      55.86       |      41.63      
    2314     |      38.32       |      53.18      
    2315     |      41.99       |      49.93      
    2316     |      51.19       |      40.31      
    2317     |      37.18       |      53.73      
    2318     |      38.50       |      52.80      
    2319     |      77.39       |      24.87      
    2341     |      53.55       |      42.35      
    2342     |      47.69       |      45.91      
    2343     |      47.20       |      46.00      
    2344     |      45.05       |      46.87      
    2345     |      44.71       |      55.27      
    2346     |      35.69       |      55.23      
    2347     |      38.70       |      52.38      
    2348     |      43.08       |      48.99      
    2349     |      73.55       |      30.18      
    2368     |      61.20       |      40.90      
    2369     |      55.89       |      41.98      
    2370     |      65.72       |      35.52      
    2371     |      54.52       |      39.40      
    2372     |      46.90       |      44.89      
    2373     |      45.29       |      45.67      
    2374     |      56.39       |      44.03      
    2375     |      34.18       |      58.80      
    2377     |      42.48       |      48.50      
    2378     |      43.19       |      47.85      
    2379     |      43.52       |      47.47      
    2381     |      56.24       |      34.82      
    2401     |      59.19       |      43.68      
    2402     |      62.19       |      41.83      
    2403     |      59.36       |      38.96      
    2404     |      56.69       |      37.23      
    2405     |      61.67       |      33.59      
    2406     |      60.77       |      33.63      
    2407     |      60.36       |      35.30      
    2408     |      65.93       |      35.83      
    2409     |      51.10       |      42.79      
    2410     |      55.49       |      40.84      
    2411     |      55.91       |      36.37      
    2412     |      49.60       |      41.33      
    2413     |      47.65       |      43.89      
    2414     |      47.07       |      44.18      
    2415     |      46.54       |      44.48      
    2416     |      41.58       |      50.16      
    2434     |      64.59       |      38.64      
    2435     |      57.84       |      43.84      
    2436     |      57.54       |      42.46      
    2437     |      51.39       |      43.10      
    2438     |      56.07       |      36.79      
    2439     |      51.08       |      45.29      
    2440     |      49.42       |      44.41      
    2441     |      53.68       |      37.51      
    2442     |      46.94       |      46.17      
    2443     |      45.01       |      46.16      
    2473     |      59.51       |      43.39      
    2474     |      49.22       |      45.72      
    2475     |      60.75       |      43.87      
    2476     |      41.51       |      58.95      
    2502     |      57.59       |      42.47      
    2503     |      53.88       |      43.62      
    2504     |      63.35       |      47.49      
    2505     |      58.54       |      38.10      
    2506     |      56.75       |      38.54      
    2507     |      49.77       |      43.97      
    2508     |      57.75       |      39.84      
    2509     |      55.52       |      36.69      
    2510     |      52.21       |      39.26      
    2545     |      58.52       |      43.25      
    2546     |      58.55       |      43.24      
    2547     |      52.82       |      52.81      
    2548     |      52.53       |      45.23      
    2549     |      47.22       |      44.53      
    2582     |      60.76       |      30.19      
    2583     |      61.59       |      29.47      
    2584     |      60.32       |      41.07      
    2585     |      59.63       |      41.44      
    2586     |      56.57       |      40.15      
    2587     |      56.59       |      40.22      
    2588     |      79.28       |      42.89      
    2589     |      72.76       |      22.58      
    2590     |      51.60       |      45.77      
    2622     |      62.45       |      28.66      
    2623     |      63.48       |      27.90      
    2624     |      65.77       |      51.63      
    2625     |      36.93       |      54.02      
    2626     |      53.37       |      41.63      
    2662     |      43.00       |      48.30      
    2663     |      67.98       |      32.15      
    2664     |      64.49       |      28.30      
    2665     |      64.23       |      36.11      
    2701     |      54.78       |      53.76      
    2702     |      41.85       |      58.11      
    2703     |      53.46       |      38.41      
    2704     |      60.54       |      40.97      
    2731     |      67.04       |      35.63      
    2732     |      49.74       |      41.85      
    2733     |      54.38       |      47.68      
    2734     |      59.11       |      46.71      
    2735     |      58.61       |      46.38      
    2736     |      48.73       |      49.91      
    2789     |      55.58       |      43.79      
    2790     |      60.52       |      44.74      
    2818     |      58.01       |      51.95      
    4632     |      87.16       |      49.48      
    4674     |      87.12       |      33.96      
    4675     |      88.57       |      25.96      
    4676     |      79.40       |      32.95      
    4677     |      79.58       |      31.38      
    4705     |      88.26       |      38.87      
    4708     |      75.45       |      28.64      
    4709     |      83.08       |      23.73      
    4748     |      88.82       |      37.78      
    4774     |      89.22       |      30.75      
    4870     |      87.90       |      32.13      
    4918     |      89.21       |      39.07      
    4919     |      88.46       |      37.66      
    4949     |      85.91       |      26.09      
    4982     |      87.92       |      26.96      
    5014     |      87.45       |      25.98      
    5039     |      86.51       |      41.16      
    5041     |      88.55       |      16.04      
    5070     |      81.70       |      23.66      
    5071     |      84.46       |      30.54      
    5072     |      89.55       |      15.73      
    5073     |      84.24       |      26.26      
    5139     |      87.57       |      27.43      
    5144     |      86.62       |       3.59      
    5145     |      86.60       |       3.76      
    5167     |      79.01       |      35.22      
    5168     |      79.45       |      30.47      
    5180     |      87.59       |      21.59      
    5181     |      89.60       |      27.29      
    5198     |      87.40       |      23.24      
    5199     |      88.79       |      22.08      
    5200     |      87.31       |      31.32      
    5201     |      75.05       |      39.17      
    5211     |      86.11       |       4.74      
    5212     |      89.27       |      23.10      
    5235     |      88.36       |      13.98      
    5238     |      87.07       |      10.23      
    5239     |      86.80       |       6.32      
    5240     |      85.63       |       4.76      
    5241     |      84.51       |      12.96      
    5258     |      75.28       |      43.78      
    5267     |      73.27       |      16.41      
    5268     |      84.97       |       5.29      
    5270     |      85.02       |      13.19      
    5302     |      85.05       |       4.38      
    5303     |      85.36       |       5.26      
    5304     |      83.33       |       6.70      
    5319     |      72.12       |      38.87      
    5320     |      77.77       |      27.82      
    5323     |      84.09       |      12.16      
    5324     |      83.75       |      10.08      
    5325     |      82.72       |      10.14      
    5327     |      86.17       |       7.77      
    5328     |      79.49       |      10.63      
    5350     |      80.92       |      36.34      
    5353     |      81.49       |      19.45      
    5354     |      83.52       |      11.47      
    5355     |      83.25       |      16.30      
    5356     |      76.13       |      13.65      
    5357     |      79.64       |      10.37      
    5358     |      83.63       |       6.07      
    5359     |      78.63       |      11.23      
    5388     |      89.29       |      36.58      
    5389     |      82.94       |      22.19      
    5390     |      79.49       |      10.17      
    5391     |      78.57       |      11.35      
    5425     |      82.35       |      21.68      
    5427     |      82.22       |      10.89      
    5428     |      85.11       |       9.79      
    5429     |      87.71       |      13.84      
    5430     |      88.06       |       1.85      
    5431     |      77.72       |      15.73      
    5432     |      78.85       |      10.99      
    5433     |      73.39       |      16.17      
    5434     |      76.64       |      13.59      
    5435     |      78.27       |      11.72      
    5436     |      77.46       |      34.74      
    5437     |      66.19       |      35.34      
    5438     |      64.99       |      31.38      
    5439     |      57.56       |      46.02      
    5463     |      88.46       |      31.88      
    5464     |      88.31       |      31.83      
    5465     |      88.40       |      31.29      
    5469     |      83.35       |      14.42      
    5470     |      83.19       |      13.54      
    5471     |      88.98       |       0.89      
    5472     |      89.06       |       0.75      
    5473     |      83.02       |       7.26      
    5474     |      81.87       |       7.79      
    5475     |      40.46       |      50.45      
    5495     |      86.75       |      29.09      
    5496     |      86.31       |      30.06      
    5503     |      82.81       |       7.59      
    5504     |      78.50       |      11.92      
    5505     |      79.59       |      10.45      
    5506     |      79.83       |       9.84      
    5507     |      84.20       |       5.90      
    5508     |      74.28       |      18.70      
    5509     |      77.18       |      16.85      
    5510     |      59.06       |      30.71      
    5511     |      60.16       |      31.44      
    5532     |      80.08       |      26.78      
    5533     |      81.15       |      26.67      
    5534     |      83.90       |      32.99      
    5535     |      88.50       |       3.48      
    5537     |      86.77       |       7.87      
    5538     |      84.77       |      31.03      
    5539     |      84.69       |      30.97      
    5540     |      69.74       |      24.41      
    5541     |      81.46       |       8.59      
    5542     |      81.35       |      15.38      
    5543     |      87.43       |       4.73      
    5544     |      82.20       |      14.14      
    5545     |      64.89       |      29.19      
    5559     |      84.24       |      32.22      
    5560     |      83.94       |      29.38      
    5561     |      78.56       |      26.13      
    5562     |      78.30       |      29.55      
    5563     |      80.22       |      30.86      
    5564     |      75.02       |      33.80      
    5565     |      74.43       |      15.89      
    5566     |      88.81       |      24.01      
    5568     |      74.13       |      21.09      
    5569     |      79.66       |      10.40      
    5570     |      84.26       |       7.19      
    5571     |      63.26       |      29.96      
    5572     |      67.21       |      22.80      
    5573     |      62.93       |      33.36      
    5592     |      83.41       |      36.30      
    5594     |      83.13       |      19.96      
    5595     |      73.39       |      26.39      
    5596     |      88.48       |      23.90      
    5597     |      78.05       |      14.82      
    5598     |      77.79       |      19.76      
    5599     |      75.58       |      19.18      
    5600     |      75.53       |      17.01      
    5601     |      72.33       |      17.86      
    5602     |      76.72       |      16.91      
    5603     |      77.79       |      12.01      
    5604     |      72.02       |      22.11      
    5605     |      70.25       |      21.69      
    5606     |      66.99       |      26.16      
    5607     |      64.34       |      26.06      
    5608     |      59.30       |      37.53      
    5628     |      86.15       |      26.52      
    5629     |      86.35       |      26.47      
    5630     |      70.32       |      43.08      
    5631     |      84.95       |      30.56      
    5632     |      71.89       |      20.81      
    5633     |      74.31       |      20.22      
    5634     |      67.71       |      31.21      
    5635     |      64.20       |      29.82      
    5636     |      64.95       |      25.55      
    5637     |      64.95       |      25.61      
    5638     |      61.97       |      43.11      
    5639     |      59.36       |      37.55      
    5654     |      78.78       |      28.93      
    5655     |      67.53       |      32.86      
    5656     |      66.38       |      35.98      
    5657     |      64.21       |      34.62      
    5658     |      62.99       |      38.40      
    5659     |      62.06       |      34.84      
    5660     |      73.47       |      18.23      
    5661     |      73.39       |      16.64      
    5662     |      88.10       |      16.77      
    5663     |      82.27       |       7.81      
    5664     |      87.09       |      34.84      
    5665     |      73.10       |      18.99      
    5666     |      58.77       |      32.65      
    5667     |      64.86       |      25.74      
    5668     |      53.88       |      46.95      
    5669     |      54.68       |      52.03      
