=== Visibility Analysis Summary ===
Total patches: 12288
Geometric visible: 1429 (11.6%)
Light illuminated: 233 (16.3% of geometric)
Reflection conditions met: 1429 (100.0% of geometric)
Light unoccluded: 233 (16.3% of geometric)
Final visible: 233 (1.9% of total)
Visible area: 68.39 (1.9% of total area)

=== Detailed Visibility Information ===
Patch Index  | Incidence Angle  |  Viewing Angle  
-------------+------------------+-----------------
    556      |      81.48       |      59.67      
    557      |      82.16       |      58.35      
    558      |      85.78       |      54.48      
    617      |      78.78       |      48.27      
    631      |      58.22       |      58.43      
    632      |      74.02       |      53.68      
    636      |      78.72       |      59.45      
    637      |      80.53       |      57.57      
    638      |      85.51       |      52.29      
    639      |      86.33       |      51.01      
    657      |      76.52       |      57.54      
    664      |      81.91       |      54.95      
    680      |      86.59       |      58.11      
    685      |      80.56       |      58.92      
    698      |      68.38       |      58.94      
    702      |      81.61       |      56.04      
    703      |      84.50       |      56.66      
    704      |      89.43       |      44.27      
    723      |      81.26       |      58.89      
    742      |      85.67       |      54.24      
    771      |      87.66       |      51.43      
    772      |      89.00       |      37.34      
    796      |      74.59       |      59.05      
    797      |      81.24       |      51.83      
    798      |      85.75       |      48.57      
    800      |      88.91       |      49.70      
    827      |      85.62       |      48.72      
    851      |      89.50       |      50.78      
    857      |      82.94       |      33.47      
    870      |      84.23       |      38.75      
    872      |      78.77       |      56.81      
    873      |      75.93       |      59.53      
    875      |      68.05       |      49.56      
    876      |      82.42       |      45.01      
    889      |      71.58       |      45.58      
    895      |      74.51       |      57.33      
    896      |      80.36       |      54.01      
    925      |      88.05       |      55.38      
    926      |      80.41       |      53.34      
    945      |      79.72       |      57.35      
    949      |      86.92       |      47.78      
    950      |      81.29       |      57.32      
    954      |      80.55       |      58.63      
    979      |      72.01       |      54.09      
    981      |      87.33       |      49.01      
    1000     |      84.23       |      57.43      
    1002     |      86.02       |      45.19      
    1037     |      71.86       |      58.00      
    1040     |      72.50       |      53.57      
    1143     |      87.53       |      54.16      
    1144     |      75.92       |      58.45      
    1146     |      85.82       |      53.40      
    1164     |      61.34       |      59.40      
    1167     |      82.33       |      52.89      
    1168     |      83.16       |      51.50      
    1169     |      68.18       |      55.38      
    1175     |      75.62       |      58.93      
    1176     |      86.37       |      54.07      
    1197     |      56.82       |      50.53      
    1198     |      57.58       |      39.30      
    1199     |      53.49       |      43.08      
    1200     |      75.16       |      57.95      
    1205     |      72.37       |      58.81      
    1219     |      72.93       |      58.84      
    1229     |      78.53       |      49.64      
    1230     |      67.48       |      56.59      
    1231     |      81.01       |      50.00      
    1232     |      89.31       |      37.81      
    1233     |      55.46       |      58.45      
    1234     |      64.43       |      48.08      
    1236     |      80.20       |      51.31      
    1237     |      77.24       |      52.43      
    1238     |      74.26       |      58.03      
    1243     |      87.29       |      14.17      
    1261     |      77.10       |      56.26      
    1262     |      66.37       |      50.23      
    1263     |      82.77       |      37.53      
    1264     |      67.40       |      56.70      
    1265     |      68.07       |      29.07      
    1266     |      49.55       |      45.73      
    1267     |      64.68       |      26.38      
    1268     |      77.17       |      16.21      
    1269     |      72.75       |      28.24      
    1270     |      86.59       |      11.92      
    1271     |      81.80       |      14.44      
    1288     |      79.82       |      49.92      
    1289     |      66.79       |      50.95      
    1291     |      77.72       |      48.30      
    1292     |      73.99       |      50.43      
    1293     |      75.04       |      48.53      
    1294     |      62.37       |      49.73      
    1295     |      80.78       |      33.59      
    1296     |      69.31       |      28.50      
    1297     |      83.48       |      20.42      
    1298     |      82.39       |      21.97      
    1299     |      81.99       |      15.13      
    1300     |      64.02       |      29.71      
    1317     |      66.50       |      58.85      
    1320     |      78.22       |      49.04      
    1321     |      79.99       |      54.00      
    1322     |      87.25       |      53.96      
    1325     |      85.73       |      47.54      
    1326     |      79.92       |      34.84      
    1328     |      84.43       |      21.33      
    1331     |      85.40       |      12.87      
    1332     |      86.14       |      18.50      
    1333     |      84.43       |      20.02      
    3139     |      89.62       |      41.64      
    7772     |      87.31       |      11.74      
    7818     |      87.20       |       3.44      
    7819     |      76.78       |      17.55      
    7820     |      87.44       |      23.62      
    7968     |      89.01       |      45.63      
    8003     |      89.08       |       3.55      
    8004     |      88.99       |       2.41      
    8005     |      87.54       |       3.15      
    8013     |      89.97       |      28.77      
    8014     |      75.28       |      39.95      
    8015     |      86.84       |       4.75      
    8046     |      88.77       |      19.43      
    8047     |      87.22       |      13.87      
    8061     |      83.03       |       8.77      
    8062     |      84.25       |       6.93      
    8063     |      88.34       |      34.37      
    8101     |      78.45       |      12.68      
    8104     |      88.33       |      14.27      
    8105     |      89.68       |       5.69      
    8117     |      85.63       |       7.07      
    8118     |      86.71       |       4.21      
    8151     |      76.27       |      34.74      
    8201     |      85.81       |      21.84      
    8204     |      89.05       |      15.59      
    8205     |      81.69       |      30.76      
    8206     |      81.62       |      16.99      
    8256     |      86.40       |      11.30      
    8257     |      87.37       |      16.01      
    8268     |      78.29       |      45.54      
    8269     |      87.33       |       7.71      
    8314     |      87.21       |      25.75      
    8370     |      79.35       |      17.21      
    8371     |      76.25       |      15.61      
    8372     |      88.27       |       9.66      
    8413     |      87.83       |      25.47      
    8414     |      85.32       |      31.54      
    8415     |      78.46       |      23.07      
    8416     |      82.88       |      16.02      
    8417     |      82.81       |      16.20      
    8418     |      79.86       |      16.43      
    8419     |      89.67       |       9.44      
    8467     |      87.47       |      29.42      
    8527     |      86.57       |      21.11      
    8528     |      83.05       |      18.87      
    8529     |      71.11       |      22.31      
    8530     |      74.66       |      28.46      
    8531     |      75.64       |      20.62      
    8532     |      81.55       |      22.88      
    8601     |      83.94       |      30.58      
    8602     |      79.52       |      25.81      
    8662     |      80.62       |      34.41      
    8664     |      86.40       |      30.32      
    8665     |      85.73       |      22.22      
    8668     |      61.35       |      41.06      
    8669     |      89.06       |      33.62      
    8670     |      77.86       |      13.21      
    8734     |      89.08       |      18.89      
    8735     |      80.43       |      11.09      
    8736     |      78.20       |      40.09      
    8737     |      61.13       |      30.65      
    8738     |      72.12       |      21.77      
    8739     |      76.68       |      23.68      
    8740     |      76.90       |      24.72      
    8788     |      57.55       |      34.75      
    8789     |      78.31       |      39.88      
    8791     |      85.27       |      18.41      
    8792     |      84.94       |      34.41      
    8849     |      73.60       |      34.70      
    8850     |      77.72       |      37.14      
    8851     |      55.91       |      45.78      
    8852     |      65.05       |      46.41      
    8853     |      59.21       |      44.77      
    8906     |      77.63       |      40.23      
    8907     |      72.95       |      42.39      
    8908     |      71.56       |      41.97      
    8909     |      75.95       |      35.75      
    8910     |      79.44       |      40.41      
    8911     |      87.44       |      20.26      
    8912     |      80.87       |      15.95      
    8913     |      83.90       |      27.88      
    8914     |      83.48       |      38.51      
    8915     |      68.26       |      39.31      
    8973     |      71.35       |      44.88      
    8974     |      66.33       |      45.76      
    8975     |      86.17       |       9.83      
    8976     |      84.01       |       9.09      
    9034     |      88.71       |      34.23      
    9035     |      88.30       |      21.48      
    9036     |      80.04       |      26.78      
    9037     |      71.57       |      28.33      
    9038     |      64.68       |      45.70      
    9039     |      55.95       |      38.11      
    9040     |      72.42       |      32.71      
    9041     |      72.61       |      44.61      
    9094     |      82.51       |      54.99      
    9095     |      87.61       |      35.66      
    9096     |      63.75       |      42.94      
    9148     |      67.31       |      26.47      
    9149     |      64.35       |      46.41      
    9204     |      88.60       |      50.87      
    9205     |      64.64       |      30.05      
    9206     |      58.45       |      49.68      
    9207     |      56.09       |      49.41      
    9208     |      59.12       |      41.19      
    9209     |      66.61       |      41.50      
    9210     |      63.90       |      43.13      
    9275     |      81.39       |      58.96      
    9278     |      74.26       |      37.99      
    9279     |      66.62       |      39.50      
    9345     |      57.56       |      45.86      
    9405     |      64.22       |      49.98      
    9468     |      53.71       |      59.30      
    9470     |      74.01       |      54.33      
    9471     |      65.82       |      45.79      
    9472     |      52.56       |      53.51      
    9592     |      64.71       |      53.12      
    9593     |      54.68       |      52.60      
    9657     |      71.49       |      45.55      
    9721     |      71.50       |      45.57      
    9722     |      56.70       |      53.10      
    9776     |      65.40       |      58.10      
    9777     |      67.69       |      57.25      
    9894     |      65.21       |      59.88      
    9895     |      75.23       |      56.71      
   11907     |      70.02       |      54.65      
