=== Visibility Analysis Summary ===
Total patches: 12288
Geometric visible: 1354 (11.0%)
Light illuminated: 673 (49.7% of geometric)
Reflection conditions met: 1354 (100.0% of geometric)
Light unoccluded: 673 (49.7% of geometric)
Final visible: 673 (5.5% of total)
Visible area: 198.18 (5.5% of total area)

=== Detailed Visibility Information ===
Patch Index  | Incidence Angle  |  Viewing Angle  
-------------+------------------+-----------------
    218      |      89.72       |      26.92      
    236      |      86.68       |      24.36      
    499      |      87.19       |      56.60      
    514      |      83.11       |      47.82      
    518      |      89.38       |      29.71      
    519      |      88.60       |      20.99      
    531      |      87.50       |      52.92      
    532      |      88.55       |      44.21      
    533      |      89.65       |      29.72      
    534      |      89.53       |      21.89      
    546      |      84.50       |      55.29      
    547      |      88.01       |      48.35      
    548      |      87.46       |      38.88      
    549      |      89.74       |      29.74      
    559      |      86.64       |      45.58      
    560      |      86.33       |      47.44      
    561      |      88.26       |      37.23      
    562      |      87.69       |      40.50      
    563      |      88.63       |      27.16      
    564      |      89.06       |      23.27      
    565      |      89.87       |      21.77      
    579      |      85.93       |      37.44      
    580      |      87.50       |      32.74      
    581      |      87.76       |      31.65      
    591      |      87.90       |      37.51      
    592      |      87.41       |      35.74      
    593      |      86.11       |      34.13      
    596      |      88.86       |      27.21      
    604      |      82.46       |      50.60      
    605      |      84.15       |      43.39      
    606      |      85.77       |      33.73      
    607      |      83.79       |      48.99      
    608      |      83.33       |      30.45      
    609      |      88.35       |      23.15      
    610      |      84.57       |      30.33      
    623      |      86.39       |      33.97      
    624      |      87.58       |      42.83      
    625      |      81.87       |      49.57      
    626      |      89.62       |      29.04      
    627      |      84.28       |      26.60      
    638      |      80.42       |      59.29      
    639      |      80.04       |      57.94      
    640      |      80.33       |      52.71      
    641      |      81.15       |      51.16      
    642      |      81.88       |      44.25      
    643      |      82.21       |      38.21      
    644      |      85.08       |      39.76      
    645      |      86.55       |      31.23      
    646      |      87.59       |      29.51      
    647      |      89.72       |      26.36      
    665      |      80.87       |      48.11      
    666      |      83.88       |      40.59      
    667      |      84.56       |      35.73      
    668      |      87.61       |      34.33      
    669      |      89.83       |      28.82      
    672      |      83.67       |      31.38      
    673      |      84.56       |      28.80      
    686      |      82.25       |      44.88      
    704      |      77.08       |      51.80      
    711      |      88.74       |      21.48      
    712      |      86.88       |      30.89      
    724      |      88.92       |      55.92      
    725      |      87.87       |      48.41      
    726      |      85.98       |      49.86      
    727      |      80.64       |      45.24      
    728      |      79.49       |      43.80      
    729      |      80.78       |      41.72      
    730      |      86.69       |      26.58      
    731      |      89.67       |      19.57      
    732      |      85.47       |      25.04      
    744      |      80.45       |      45.76      
    745      |      86.97       |      45.01      
    746      |      84.56       |      36.44      
    747      |      84.63       |      42.38      
    748      |      85.16       |      55.12      
    749      |      74.96       |      45.31      
    750      |      78.91       |      31.51      
    751      |      82.52       |      36.96      
    753      |      85.35       |      47.32      
    771      |      81.32       |      57.17      
    772      |      71.61       |      49.04      
    773      |      81.67       |      45.31      
    774      |      83.84       |      43.38      
    775      |      75.01       |      43.26      
    776      |      74.78       |      45.56      
    777      |      81.50       |      39.79      
    778      |      75.12       |      38.53      
    779      |      75.41       |      33.28      
    798      |      77.84       |      57.19      
    799      |      79.66       |      52.35      
    800      |      80.91       |      55.18      
    801      |      84.38       |      48.44      
    802      |      84.40       |      49.09      
    803      |      87.25       |      38.86      
    804      |      88.35       |      40.71      
    805      |      87.01       |      49.85      
    806      |      88.25       |      48.03      
    807      |      88.36       |      48.20      
    810      |      89.29       |      32.13      
    811      |      85.52       |      38.32      
    812      |      85.28       |      23.47      
    813      |      75.59       |      34.32      
    827      |      77.90       |      57.38      
    828      |      85.70       |      48.86      
    829      |      86.15       |      48.79      
    830      |      87.73       |      40.29      
    831      |      87.34       |      42.38      
    832      |      87.28       |      42.23      
    836      |      89.46       |      27.64      
    849      |      76.09       |      39.45      
    850      |      84.23       |      54.54      
    851      |      82.15       |      55.31      
    852      |      81.26       |      52.51      
    853      |      85.10       |      46.23      
    854      |      83.24       |      51.88      
    857      |      64.48       |      52.89      
    858      |      65.44       |      28.39      
    859      |      75.64       |      40.99      
    860      |      77.64       |      27.20      
    861      |      85.32       |      37.18      
    862      |      87.17       |      28.95      
    863      |      78.92       |      21.64      
    876      |      72.69       |      58.21      
    877      |      84.18       |      47.13      
    878      |      81.50       |      43.86      
    879      |      86.14       |      46.89      
    897      |      85.80       |      55.78      
    898      |      84.42       |      50.93      
    901      |      84.35       |      53.68      
    906      |      89.29       |      38.37      
    907      |      87.10       |      42.43      
    908      |      86.23       |      37.04      
    909      |      87.05       |      37.98      
    910      |      87.55       |      36.15      
    911      |      71.29       |      38.79      
    912      |      74.73       |      17.51      
    913      |      86.96       |      25.07      
    914      |      87.64       |      21.05      
    928      |      86.65       |      53.07      
    929      |      88.97       |      44.45      
    937      |      89.35       |      37.16      
    938      |      87.56       |      18.98      
    966      |      89.04       |      18.90      
    967      |      81.28       |      16.78      
    968      |      81.80       |      25.22      
    969      |      81.37       |      26.13      
    991      |      87.94       |       8.43      
    1113     |      88.71       |      40.82      
    1124     |      86.18       |      15.55      
    1125     |      89.22       |      20.72      
    1126     |      78.37       |      44.14      
    1153     |      73.27       |      19.85      
    1572     |      88.86       |      23.97      
    1678     |      89.56       |      13.13      
    1679     |      85.25       |      22.16      
    1680     |      73.60       |      17.61      
    1682     |      87.75       |       5.62      
    1718     |      78.27       |      32.12      
    1738     |      88.90       |       1.57      
    1744     |      86.16       |      24.38      
    1775     |      88.71       |       2.91      
    1802     |      88.96       |      14.00      
    1832     |      87.24       |      48.42      
    1833     |      76.84       |      12.95      
    1834     |      85.07       |      28.60      
    1862     |      89.32       |      11.64      
    1863     |      88.21       |      12.29      
    1864     |      76.09       |      13.30      
    1872     |      73.38       |      16.67      
    1873     |      77.71       |      45.38      
    1886     |      88.39       |      24.38      
    1887     |      89.56       |       6.11      
    1889     |      89.14       |       7.46      
    1890     |      88.84       |      14.60      
    1895     |      89.60       |       1.97      
    1896     |      81.55       |      20.45      
    1897     |      88.57       |      13.06      
    1898     |      86.95       |      22.71      
    1911     |      86.17       |      45.17      
    1936     |      89.43       |       8.12      
    1937     |      89.61       |      13.41      
    1941     |      87.21       |       7.67      
    1942     |      87.30       |       7.24      
    1944     |      88.60       |       5.29      
    1966     |      88.55       |      14.66      
    1967     |      69.54       |      23.96      
    1968     |      79.22       |      28.78      
    1969     |      85.57       |       4.72      
    1970     |      88.69       |       5.85      
    1973     |      89.92       |      14.12      
    1974     |      89.87       |      14.25      
    1981     |      81.85       |      54.22      
    1994     |      89.10       |       7.94      
    2001     |      86.13       |      15.08      
    2002     |      85.37       |       4.16      
    2003     |      74.99       |      17.92      
    2004     |      74.81       |      25.39      
    2008     |      75.24       |      53.61      
    2009     |      80.42       |      55.78      
    2025     |      84.25       |      19.97      
    2026     |      85.48       |       9.76      
    2028     |      74.01       |      17.09      
    2031     |      89.63       |       6.72      
    2032     |      89.58       |      15.49      
    2033     |      84.73       |       5.43      
    2034     |      87.32       |      24.78      
    2035     |      75.58       |      14.49      
    2036     |      88.02       |      22.55      
    2037     |      88.43       |      13.77      
    2040     |      78.12       |      15.54      
    2041     |      64.81       |      48.27      
    2044     |      69.38       |      59.78      
    2062     |      87.73       |      10.46      
    2064     |      64.42       |      27.51      
    2065     |      75.12       |      14.79      
    2066     |      74.77       |      21.58      
    2067     |      68.84       |      21.54      
    2068     |      78.36       |      12.39      
    2069     |      84.80       |      28.61      
    2070     |      82.81       |      39.82      
    2071     |      69.52       |      31.02      
    2072     |      67.58       |      49.41      
    2073     |      81.44       |      54.39      
    2074     |      82.02       |      58.03      
    2078     |      84.09       |      59.48      
    2079     |      82.56       |      58.61      
    2094     |      86.25       |       6.76      
    2095     |      81.71       |      12.51      
    2096     |      83.52       |      15.45      
    2097     |      83.16       |      14.95      
    2098     |      82.26       |      17.36      
    2099     |      80.33       |       9.31      
    2100     |      79.69       |       9.96      
    2101     |      80.14       |      13.72      
    2102     |      82.45       |       9.68      
    2103     |      82.71       |       8.32      
    2104     |      81.06       |      11.86      
    2105     |      80.96       |      22.75      
    2106     |      68.83       |      47.37      
    2109     |      83.87       |      52.21      
    2124     |      82.57       |       8.17      
    2125     |      81.81       |       8.26      
    2126     |      81.52       |      15.70      
    2127     |      78.91       |      17.75      
    2128     |      78.46       |      12.76      
    2129     |      85.90       |      18.99      
    2132     |      79.80       |      42.42      
    2133     |      79.87       |      42.61      
    2141     |      78.15       |      51.50      
    2156     |      88.70       |       4.66      
    2157     |      88.80       |       8.47      
    2159     |      89.70       |       5.30      
    2162     |      87.15       |       3.47      
    2163     |      87.47       |       2.42      
    2164     |      83.02       |       8.87      
    2165     |      82.84       |       9.69      
    2166     |      73.33       |      30.30      
    2167     |      75.28       |      18.58      
    2168     |      87.78       |       9.12      
    2169     |      86.00       |      32.77      
    2170     |      81.76       |      18.53      
    2171     |      71.63       |      46.05      
    2172     |      71.41       |      26.08      
    2173     |      68.98       |      29.96      
    2188     |      86.82       |       7.87      
    2189     |      86.80       |       6.76      
    2191     |      88.40       |       4.72      
    2193     |      82.46       |      14.33      
    2194     |      73.88       |      27.78      
    2195     |      80.22       |       9.68      
    2196     |      71.33       |      18.80      
    2197     |      68.66       |      22.94      
    2198     |      73.74       |      37.05      
    2199     |      66.20       |      33.70      
    2200     |      67.82       |      29.04      
    2201     |      57.58       |      45.71      
    2204     |      67.57       |      51.49      
    2206     |      73.26       |      55.51      
    2220     |      89.20       |       7.86      
    2221     |      89.41       |       1.80      
    2223     |      75.84       |      14.05      
    2224     |      77.40       |      13.26      
    2225     |      75.76       |      14.95      
    2226     |      76.41       |      28.05      
    2227     |      86.01       |      18.00      
    2228     |      75.33       |      16.44      
    2229     |      83.35       |      45.53      
    2230     |      77.71       |      50.04      
    2231     |      77.13       |      51.81      
    2232     |      75.33       |      31.69      
    2234     |      70.29       |      58.53      
    2248     |      88.03       |       9.39      
    2249     |      88.36       |      11.29      
    2255     |      88.57       |       1.62      
    2256     |      78.13       |      20.86      
    2257     |      78.86       |      12.47      
    2258     |      69.43       |      27.15      
    2259     |      78.56       |      23.32      
    2260     |      80.13       |      10.05      
    2261     |      87.86       |      12.54      
    2262     |      81.79       |      20.14      
    2263     |      75.00       |      32.42      
    2264     |      74.99       |      33.91      
    2265     |      68.48       |      50.95      
    2267     |      69.20       |      51.54      
    2276     |      89.97       |      18.03      
    2283     |      83.04       |      10.41      
    2284     |      83.18       |       7.74      
    2285     |      82.88       |       8.31      
    2286     |      82.15       |      26.97      
    2289     |      85.52       |       5.92      
    2291     |      84.51       |      38.81      
    2292     |      89.30       |      47.23      
    2293     |      87.86       |      53.33      
    2294     |      85.89       |      49.50      
    2296     |      69.49       |      35.89      
    2297     |      68.19       |      50.97      
    2298     |      74.85       |      57.28      
    2299     |      74.17       |      55.80      
    2301     |      67.40       |      57.57      
    2312     |      70.74       |      19.92      
    2313     |      76.80       |      22.32      
    2314     |      81.98       |      10.33      
    2315     |      84.47       |       6.54      
    2317     |      83.96       |      14.78      
    2318     |      82.80       |      10.69      
    2326     |      71.63       |      47.81      
    2327     |      73.44       |      55.37      
    2328     |      74.73       |      52.51      
    2342     |      87.23       |       3.99      
    2343     |      87.31       |       3.24      
    2344     |      87.39       |       3.64      
    2346     |      82.35       |      15.52      
    2347     |      83.83       |      11.33      
    2348     |      85.38       |       5.69      
    2359     |      77.41       |      49.50      
    2360     |      70.82       |      55.14      
    2372     |      89.39       |       2.34      
    2374     |      88.34       |      15.44      
    2375     |      75.60       |      15.13      
    2376     |      78.64       |      30.99      
    2377     |      88.42       |      10.54      
    2378     |      88.50       |       9.02      
    2379     |      89.21       |       9.75      
    2385     |      87.91       |      13.98      
    2386     |      65.84       |      45.29      
    2387     |      65.94       |      54.02      
    2390     |      77.09       |      49.70      
    2401     |      89.12       |      19.34      
    2416     |      89.82       |      17.20      
    2418     |      81.02       |      31.96      
    2419     |      73.66       |      45.47      
    2421     |      77.66       |      54.67      
    2422     |      71.07       |      58.57      
    2423     |      68.38       |      58.49      
    2424     |      77.39       |      52.57      
    2435     |      88.85       |      17.55      
    2437     |      89.71       |       5.82      
    2440     |      88.71       |       3.89      
    2443     |      89.48       |       6.58      
    2448     |      79.91       |      15.44      
    2449     |      87.70       |       6.56      
    2450     |      82.05       |       8.46      
    2451     |      84.06       |      21.57      
    2452     |      84.34       |      20.70      
    2453     |      73.10       |      19.87      
    2454     |      73.34       |      20.94      
    2455     |      55.99       |      43.71      
    2460     |      78.45       |      54.17      
    2463     |      71.37       |      53.63      
    2466     |      61.50       |      57.36      
    2473     |      89.51       |      19.34      
    2474     |      87.11       |       6.40      
    2475     |      89.26       |      21.01      
    2476     |      73.58       |      19.00      
    2477     |      86.43       |       3.91      
    2479     |      78.86       |      42.53      
    2480     |      73.68       |      17.02      
    2481     |      76.32       |      14.01      
    2485     |      86.24       |      21.45      
    2486     |      76.80       |      26.19      
    2487     |      69.44       |      26.38      
    2488     |      55.95       |      38.40      
    2489     |      65.28       |      57.85      
    2490     |      68.38       |      44.09      
    2491     |      76.57       |      56.98      
    2492     |      77.48       |      52.65      
    2493     |      83.39       |      48.55      
    2497     |      73.72       |      59.73      
    2503     |      88.87       |      11.33      
    2504     |      86.97       |      27.44      
    2507     |      89.17       |       3.94      
    2511     |      71.57       |      24.63      
    2512     |      89.61       |       5.83      
    2513     |      62.52       |      27.73      
    2517     |      88.16       |       6.39      
    2518     |      87.90       |       6.81      
    2519     |      87.50       |      16.11      
    2520     |      81.09       |      17.47      
    2521     |      63.49       |      34.48      
    2522     |      64.81       |      39.48      
    2523     |      69.79       |      44.23      
    2524     |      63.41       |      45.07      
    2525     |      70.22       |      58.53      
    2526     |      79.19       |      29.78      
    2527     |      78.94       |      26.97      
    2530     |      88.34       |      46.24      
    2532     |      75.84       |      47.84      
    2534     |      71.40       |      56.44      
    2545     |      89.52       |      17.80      
    2546     |      89.54       |      17.78      
    2547     |      80.08       |      21.64      
    2548     |      87.31       |      11.26      
    2553     |      86.69       |       7.13      
    2554     |      84.30       |       6.34      
    2555     |      81.91       |      10.60      
    2556     |      79.33       |      14.80      
    2557     |      78.99       |      30.23      
    2560     |      85.76       |      15.30      
    2561     |      69.84       |      36.94      
    2562     |      64.49       |      33.47      
    2563     |      66.15       |      38.50      
    2564     |      70.15       |      50.25      
    2566     |      64.80       |      53.51      
    2568     |      71.00       |      56.70      
    2590     |      86.79       |      10.63      
    2591     |      89.15       |      10.45      
    2593     |      84.15       |       7.02      
    2594     |      87.12       |       8.52      
    2596     |      86.77       |      14.37      
    2597     |      87.48       |      20.72      
    2600     |      83.56       |      41.54      
    2601     |      71.95       |      36.44      
    2602     |      80.45       |      32.06      
    2603     |      70.90       |      37.70      
    2604     |      70.69       |      37.19      
    2605     |      70.54       |      40.66      
    2606     |      68.17       |      53.48      
    2608     |      71.63       |      48.20      
    2609     |      79.70       |      59.75      
    2624     |      84.47       |      33.35      
    2625     |      83.33       |      14.04      
    2630     |      88.50       |      28.12      
    2639     |      78.65       |      45.20      
    2640     |      74.97       |      30.53      
    2644     |      77.04       |      32.14      
    2645     |      75.61       |      59.65      
    2647     |      65.83       |      52.50      
    2649     |      82.29       |      58.09      
    2652     |      71.85       |      56.39      
    2662     |      87.08       |       6.60      
    2667     |      89.96       |       3.96      
    2671     |      78.86       |      22.54      
    2672     |      79.38       |      31.81      
    2674     |      80.10       |      14.47      
    2675     |      72.51       |      34.85      
    2679     |      80.78       |      13.08      
    2680     |      76.20       |      19.23      
    2681     |      58.86       |      43.58      
    2683     |      79.90       |      57.45      
    2684     |      79.33       |      56.34      
    2688     |      69.54       |      54.14      
    2691     |      61.52       |      59.65      
    2700     |      76.34       |      43.05      
    2701     |      79.67       |      24.80      
    2702     |      74.55       |      18.28      
    2705     |      87.75       |      11.72      
    2707     |      86.65       |      19.93      
    2708     |      80.26       |      22.13      
    2711     |      82.88       |      14.96      
    2712     |      88.50       |       6.22      
    2714     |      79.29       |      39.46      
    2715     |      84.74       |      39.33      
    2716     |      84.63       |      45.85      
    2717     |      86.32       |      44.73      
    2718     |      83.41       |      19.46      
    2719     |      75.81       |      16.67      
    2720     |      79.13       |      25.19      
    2733     |      85.11       |      17.32      
    2734     |      86.73       |      21.96      
    2735     |      86.90       |      21.01      
    2736     |      82.76       |      13.04      
    2741     |      87.11       |      10.97      
    2742     |      89.00       |       7.99      
    2743     |      89.00       |       9.78      
    2744     |      86.60       |      19.20      
    2745     |      75.50       |      20.47      
    2746     |      89.60       |      29.63      
    2751     |      77.31       |      57.20      
    2752     |      80.85       |      53.37      
    2768     |      88.60       |       9.31      
    2773     |      89.36       |      16.41      
    2774     |      83.21       |      28.16      
    2776     |      80.76       |      28.22      
    2777     |      74.12       |      43.39      
    2778     |      81.78       |      51.36      
    2779     |      81.26       |      53.39      
    2788     |      73.55       |      17.96      
    2789     |      88.96       |      14.05      
    2790     |      88.77       |      21.64      
    2792     |      87.78       |      12.57      
    2793     |      87.61       |      23.75      
    2794     |      78.36       |      15.99      
    2795     |      87.14       |       9.92      
    2796     |      88.36       |      29.67      
    2798     |      88.91       |      39.33      
    2799     |      89.26       |       9.09      
    2802     |      89.35       |      24.85      
    2803     |      78.80       |      37.83      
    2804     |      89.92       |      13.31      
    2805     |      77.32       |      45.90      
    2807     |      84.14       |      43.37      
    2809     |      77.48       |      48.53      
    2818     |      82.08       |      26.08      
    2820     |      78.52       |      15.04      
    2821     |      84.83       |      15.42      
    2822     |      87.95       |       5.78      
    2823     |      89.16       |       8.85      
    2825     |      66.92       |      24.57      
    2826     |      76.45       |      45.24      
    2832     |      87.25       |       6.14      
    2833     |      87.37       |       5.72      
    2836     |      79.92       |      33.13      
    2837     |      86.44       |      17.70      
    2838     |      75.86       |      23.85      
    2839     |      75.34       |      25.64      
    2840     |      80.61       |      48.80      
    2841     |      78.66       |      45.87      
    2842     |      89.59       |      54.61      
    2843     |      69.95       |      53.26      
    2852     |      88.16       |      26.69      
    2853     |      85.25       |      14.00      
    2854     |      84.83       |      14.61      
    2855     |      84.72       |      15.06      
    2856     |      87.66       |      11.01      
    2857     |      86.65       |      31.99      
    2859     |      81.37       |       9.39      
    2860     |      81.68       |       9.24      
    2861     |      79.79       |      22.35      
    2863     |      88.72       |      10.07      
    2865     |      88.47       |      23.27      
    2866     |      80.44       |      11.71      
    2867     |      78.51       |      28.52      
    2868     |      80.66       |      25.46      
    2869     |      82.57       |      15.96      
    2870     |      72.24       |      18.48      
    2871     |      86.21       |      17.95      
    2872     |      80.62       |      37.76      
    2873     |      86.52       |      30.04      
    2874     |      88.04       |      35.29      
    2875     |      79.41       |      46.91      
    2876     |      81.04       |      48.92      
    2877     |      84.47       |       8.90      
    2879     |      80.88       |      43.81      
    2880     |      76.47       |      52.23      
    2895     |      83.59       |      25.68      
    2898     |      89.09       |      16.59      
    2900     |      84.55       |      30.87      
    2901     |      80.83       |      22.56      
    2902     |      87.95       |       3.09      
    2903     |      84.85       |      13.51      
    2904     |      77.20       |      13.83      
    2905     |      53.17       |      41.58      
    2906     |      87.19       |      14.77      
    2907     |      82.38       |      22.81      
    2908     |      82.49       |      18.09      
    2909     |      86.34       |      30.09      
    2912     |      81.59       |      28.35      
    2913     |      76.59       |      49.33      
    2915     |      80.61       |      59.97      
    2927     |      86.81       |      29.29      
    2928     |      80.65       |      12.36      
    2929     |      84.52       |      15.43      
    2930     |      86.70       |      29.10      
    2931     |      66.47       |      24.93      
    2932     |      78.14       |      12.74      
    2933     |      72.14       |      19.28      
    2934     |      76.84       |      20.56      
    2935     |      77.47       |      25.05      
    2936     |      81.98       |      18.79      
    2938     |      73.40       |      37.57      
    2939     |      72.81       |      45.86      
    2940     |      76.58       |      57.96      
    2941     |      69.29       |      50.84      
    2942     |      74.69       |      58.33      
    2953     |      85.50       |      35.20      
    2954     |      84.67       |      18.77      
    2955     |      85.91       |      23.24      
    2956     |      85.12       |      25.35      
    2957     |      84.29       |      16.47      
    2958     |      86.07       |      12.56      
    2959     |      81.32       |       9.63      
    2960     |      80.61       |      14.09      
    2961     |      80.19       |      12.47      
    2962     |      78.21       |      12.63      
    2963     |      78.54       |      12.56      
    2964     |      78.98       |      11.87      
    2965     |      79.18       |      14.47      
    2966     |      79.98       |      15.60      
    2967     |      77.34       |      13.53      
    2968     |      75.13       |      23.85      
    2969     |      75.30       |      21.90      
    2970     |      74.21       |      24.17      
    2971     |      66.54       |      24.31      
    2973     |      77.37       |      44.89      
    2974     |      77.56       |      43.71      
    2975     |      69.42       |      49.30      
    2981     |      85.71       |      53.32      
    2983     |      83.09       |      21.21      
    2984     |      81.86       |       9.23      
    2985     |      82.96       |      10.00      
    2986     |      79.66       |      16.21      
    2987     |      79.74       |      15.27      
    2989     |      88.10       |      10.99      
    2990     |      85.66       |       5.29      
    2991     |      86.71       |       4.95      
    2992     |      87.54       |      20.22      
    2993     |      78.35       |      18.18      
    2994     |      78.49       |      24.20      
    2995     |      70.13       |      27.29      
    2996     |      64.50       |      40.55      
    2997     |      74.84       |      44.68      
    2998     |      80.45       |      54.71      
    3009     |      79.66       |      48.76      
    3010     |      83.09       |      24.67      
    3012     |      80.83       |      14.77      
    3013     |      87.47       |      19.17      
    3016     |      82.73       |       8.30      
    3017     |      74.31       |      20.75      
    3018     |      74.33       |      23.14      
    3019     |      83.05       |      23.24      
    3020     |      73.20       |      36.31      
    3021     |      77.84       |      24.92      
    3022     |      59.48       |      47.62      
    3023     |      74.64       |      44.92      
    3024     |      79.26       |      59.87      
    3025     |      67.31       |      55.61      
    3026     |      67.37       |      55.91      
    3027     |      65.56       |      58.67      
    3036     |      86.12       |      35.67      
    3038     |      85.05       |      23.62      
    3039     |      85.98       |      15.60      
    3040     |      85.84       |      15.33      
    3041     |      88.36       |       7.79      
    3043     |      87.34       |       8.83      
    3044     |      84.54       |       6.41      
    3046     |      85.40       |      19.63      
    3047     |      79.86       |      12.22      
    3051     |      63.42       |      32.31      
    3052     |      78.76       |      34.70      
    3053     |      79.41       |      23.93      
    3054     |      89.10       |      14.99      
    3055     |      87.09       |      55.62      
    3060     |      81.53       |      58.05      
    3063     |      63.08       |      59.81      
    3070     |      77.65       |      34.06      
    3071     |      86.10       |      10.67      
    3072     |      64.39       |      29.28      
    3074     |      70.17       |      43.94      
    3076     |      71.90       |      22.08      
    3077     |      72.71       |      30.14      
    3078     |      62.77       |      33.84      
    3083     |      66.36       |      54.01      
    3084     |      67.34       |      33.41      
    3094     |      83.74       |      21.68      
    3095     |      87.79       |      12.23      
    3096     |      88.64       |      14.56      
    3097     |      77.64       |      13.56      
    3098     |      78.23       |      13.34      
    3099     |      78.77       |      12.19      
    3100     |      79.93       |      11.54      
    3121     |      75.61       |      15.53      
    3123     |      80.75       |      24.59      
