=== Visibility Analysis Summary ===
Total patches: 12288
Geometric visible: 1384 (11.3%)
Light illuminated: 254 (18.4% of geometric)
Reflection conditions met: 1384 (100.0% of geometric)
Light unoccluded: 254 (18.4% of geometric)
Final visible: 254 (2.1% of total)
Visible area: 79.43 (2.2% of total area)

=== Detailed Visibility Information ===
Patch Index  | Incidence Angle  |  Viewing Angle  
-------------+------------------+-----------------
    499      |      89.63       |      55.77      
    546      |      88.15       |      53.17      
    558      |      83.78       |      56.44      
    604      |      88.77       |      47.87      
    625      |      88.63       |      46.56      
    638      |      82.80       |      54.56      
    639      |      83.17       |      53.10      
    640      |      86.02       |      48.50      
    641      |      87.43       |      47.58      
    664      |      80.23       |      58.28      
    665      |      88.70       |      44.64      
    702      |      80.33       |      59.39      
    703      |      83.34       |      58.93      
    704      |      83.89       |      45.78      
    727      |      89.89       |      41.88      
    728      |      89.68       |      39.84      
    742      |      83.65       |      56.32      
    744      |      89.51       |      42.22      
    748      |      88.64       |      53.21      
    749      |      85.42       |      38.28      
    771      |      84.60       |      53.02      
    772      |      81.24       |      39.85      
    775      |      86.50       |      36.32      
    776      |      85.17       |      38.38      
    778      |      88.82       |      31.82      
    797      |      78.51       |      55.78      
    798      |      81.81       |      51.18      
    799      |      85.67       |      47.70      
    800      |      85.24       |      50.96      
    827      |      81.75       |      51.36      
    849      |      89.32       |      33.37      
    850      |      88.29       |      52.16      
    851      |      86.18       |      51.73      
    852      |      86.85       |      48.70      
    854      |      88.73       |      49.25      
    857      |      74.18       |      39.46      
    858      |      88.41       |       8.98      
    859      |      88.05       |      34.48      
    870      |      77.02       |      43.39      
    875      |      64.21       |      58.55      
    876      |      77.35       |      49.39      
    889      |      66.37       |      54.07      
    896      |      78.44       |      58.07      
    897      |      88.99       |      54.08      
    901      |      88.77       |      51.44      
    911      |      86.04       |      28.97      
    925      |      86.33       |      56.58      
    926      |      78.26       |      57.45      
    949      |      82.68       |      50.10      
    981      |      83.48       |      51.07      
    1000     |      83.38       |      59.84      
    1002     |      80.94       |      48.20      
    1126     |      88.56       |      39.12      
    1143     |      85.49       |      55.62      
    1145     |      88.83       |      48.32      
    1146     |      83.61       |      55.57      
    1176     |      84.36       |      55.98      
    1210     |      81.17       |      10.27      
    1212     |      81.54       |       9.59      
    1228     |      88.31       |      54.87      
    1229     |      75.14       |      54.97      
    1231     |      77.76       |      54.34      
    1232     |      81.79       |      40.29      
    1234     |      59.76       |      58.69      
    1236     |      77.43       |      55.79      
    1237     |      74.87       |      57.83      
    1241     |      87.27       |      12.77      
    1242     |      82.32       |      29.54      
    1243     |      73.03       |      23.98      
    1244     |      78.18       |      13.15      
    1245     |      85.97       |      18.64      
    1262     |      62.68       |      59.79      
    1263     |      75.26       |      43.09      
    1265     |      55.90       |      43.53      
    1267     |      46.79       |      44.04      
    1268     |      58.56       |      32.78      
    1269     |      61.35       |      40.83      
    1270     |      71.74       |      23.53      
    1271     |      67.18       |      28.07      
    1272     |      83.48       |      27.89      
    1273     |      88.82       |      12.00      
    1274     |      78.77       |      20.11      
    1275     |      89.92       |       2.05      
    1291     |      73.87       |      54.14      
    1292     |      70.83       |      57.31      
    1293     |      71.23       |      55.33      
    1295     |      71.97       |      40.85      
    1296     |      57.23       |      42.62      
    1297     |      70.74       |      30.18      
    1298     |      70.05       |      31.79      
    1299     |      67.62       |      28.24      
    1300     |      50.78       |      45.71      
    1301     |      74.52       |      16.69      
    1302     |      76.23       |      22.53      
    1303     |      88.07       |      14.52      
    1325     |      81.57       |      50.39      
    1326     |      71.52       |      42.21      
    1327     |      76.52       |      23.00      
    1328     |      72.02       |      30.13      
    1329     |      80.41       |      20.25      
    1330     |      75.91       |      18.53      
    1331     |      70.77       |      24.80      
    1332     |      73.05       |      27.24      
    1333     |      71.71       |      29.26      
    2064     |      87.84       |       6.92      
    2201     |      87.53       |      33.74      
    2202     |      83.34       |      57.86      
    2455     |      85.98       |      29.45      
    2456     |      81.10       |      54.13      
    2457     |      79.96       |      52.88      
    2458     |      78.37       |      55.52      
    2466     |      89.81       |      49.36      
    2479     |      89.29       |      38.30      
    2488     |      85.42       |      20.90      
    2513     |      88.85       |       3.09      
    2681     |      88.86       |      31.57      
    2691     |      89.37       |      51.67      
    2697     |      86.96       |      51.44      
    2700     |      87.43       |      37.05      
    2729     |      71.91       |      48.74      
    2811     |      89.15       |      59.36      
    2885     |      81.87       |      59.23      
    2905     |      82.74       |      22.64      
    2914     |      75.14       |      51.74      
    2972     |      86.06       |      58.36      
    2981     |      89.86       |      51.80      
    3009     |      87.22       |      44.23      
    3022     |      89.29       |      36.78      
    3108     |      82.14       |      10.14      
    3109     |      89.50       |       1.15      
    3113     |      87.80       |      55.88      
    3136     |      87.74       |      27.56      
    3137     |      83.31       |       7.10      
    3138     |      73.93       |      17.58      
    3139     |      70.00       |      46.20      
    3140     |      71.32       |      41.05      
    3142     |      81.28       |      45.55      
    3143     |      77.87       |      49.55      
    3144     |      87.56       |      48.00      
    3161     |      89.09       |       7.50      
    3162     |      79.61       |      14.77      
    3163     |      83.85       |      16.39      
    3164     |      77.76       |      49.58      
    3177     |      81.49       |      15.09      
    3178     |      81.22       |      12.77      
    3179     |      83.06       |      14.79      
    3180     |      82.50       |      37.43      
    3181     |      87.51       |      30.34      
    3182     |      86.97       |      27.39      
    3183     |      86.93       |      27.49      
    3184     |      76.75       |      24.63      
    3185     |      78.05       |      38.68      
    3186     |      77.32       |      49.29      
    3187     |      84.97       |      56.67      
    3197     |      82.49       |      18.97      
    3198     |      80.96       |      14.67      
    3199     |      82.50       |      30.03      
    3200     |      80.01       |      33.65      
    3201     |      79.50       |      32.05      
    3202     |      77.73       |      48.97      
    3203     |      77.71       |      50.22      
    3211     |      86.74       |       5.56      
    3212     |      85.21       |      13.35      
    3213     |      85.38       |      13.90      
    3214     |      82.05       |      30.48      
    3215     |      78.87       |      13.71      
    3216     |      76.37       |      25.12      
    3217     |      78.05       |      33.05      
    3218     |      77.73       |      36.59      
    3219     |      78.66       |      30.40      
    3220     |      76.85       |      50.58      
    3226     |      84.47       |      59.26      
    3234     |      85.69       |       4.96      
    3235     |      77.34       |      18.74      
    3236     |      81.59       |      20.13      
    3237     |      76.97       |      34.55      
    3238     |      82.68       |      50.58      
    3239     |      77.40       |      51.55      
    3240     |      78.42       |      57.45      
    3241     |      74.94       |      49.46      
    3250     |      80.86       |      13.14      
    3253     |      85.86       |      28.01      
    3254     |      85.77       |      17.80      
    3255     |      80.25       |      15.95      
    3256     |      79.22       |      18.33      
    3257     |      79.61       |      19.01      
    3258     |      86.53       |      29.57      
    3259     |      87.79       |      23.84      
    3260     |      83.85       |      30.41      
    3263     |      89.01       |      42.09      
    3264     |      86.32       |      50.54      
    3270     |      82.24       |       8.56      
    3271     |      82.52       |      12.86      
    3272     |      86.20       |      20.05      
    3284     |      81.85       |      22.43      
    3285     |      86.91       |      29.02      
    7730     |      77.65       |      13.39      
    7733     |      85.69       |      20.19      
    7734     |      75.52       |      15.92      
    7735     |      83.57       |       7.37      
    7736     |      84.39       |       7.50      
    7771     |      76.71       |      14.18      
    7772     |      72.54       |      22.84      
    7773     |      78.63       |      13.76      
    7774     |      77.48       |      13.88      
    7775     |      86.59       |      19.86      
    7776     |      89.78       |       9.35      
    7777     |      72.37       |      20.65      
    7778     |      74.65       |      17.35      
    7779     |      71.93       |      30.81      
    7780     |      79.52       |      15.18      
    7781     |      80.54       |      31.37      
    7782     |      89.99       |       1.32      
    7817     |      85.53       |       8.40      
    7818     |      69.81       |      21.07      
    7819     |      62.34       |      32.68      
    7820     |      67.59       |      32.18      
    7821     |      72.90       |      18.47      
    7822     |      72.60       |      18.44      
    7823     |      71.72       |      20.58      
    7824     |      80.46       |      11.44      
    7825     |      84.68       |       6.34      
    7849     |      74.16       |      16.97      
    7850     |      74.06       |      17.87      
    7851     |      74.00       |      17.80      
    7852     |      80.59       |      10.85      
    7853     |      84.83       |       6.57      
    7878     |      83.96       |      21.84      
    7879     |      76.93       |      17.02      
    7880     |      83.47       |      10.24      
    7881     |      80.41       |      10.55      
    7882     |      85.00       |       9.85      
    7883     |      85.55       |      15.28      
    7884     |      73.84       |      17.52      
    7921     |      82.79       |      12.19      
    7922     |      82.01       |      10.38      
    7955     |      81.03       |      22.22      
    8001     |      85.76       |      13.05      
    8002     |      86.13       |      17.77      
    8045     |      86.61       |      10.88      
    8099     |      77.28       |      21.68      
    8101     |      60.72       |      30.26      
    8151     |      67.71       |      43.79      
    8201     |      73.61       |      29.63      
    8252     |      79.51       |      23.42      
    8253     |      77.32       |      23.88      
    8254     |      79.62       |      29.19      
    8314     |      76.11       |      31.55      
    8369     |      84.67       |      29.67      
    8413     |      76.64       |      31.00      
    8466     |      78.38       |      26.00      
    8527     |      74.14       |      28.74      
    8662     |      72.09       |      41.57      
    8663     |      88.14       |      35.62      
