=== Visibility Analysis Summary ===
Total patches: 12288
Geometric visible: 1545 (12.6%)
Light illuminated: 1309 (84.7% of geometric)
Reflection conditions met: 1545 (100.0% of geometric)
Light unoccluded: 1309 (84.7% of geometric)
Final visible: 1309 (10.7% of total)
Visible area: 371.04 (10.2% of total area)

=== Detailed Visibility Information ===
Patch Index  | Incidence Angle  |  Viewing Angle  
-------------+------------------+-----------------
    298      |      76.22       |      58.58      
    299      |      78.77       |      58.53      
    312      |      68.12       |      37.14      
    313      |      71.50       |      23.29      
    314      |      83.76       |      37.34      
    315      |      68.25       |      39.89      
    316      |      77.71       |      59.82      
    335      |      62.62       |      48.90      
    336      |      60.19       |      50.24      
    337      |      63.86       |      51.96      
    339      |      75.64       |      59.06      
    349      |      53.05       |      58.27      
    354      |      69.59       |      47.99      
    355      |      62.71       |      48.92      
    356      |      57.30       |      54.64      
    357      |      57.21       |      54.63      
    358      |      74.01       |      49.44      
    359      |      61.54       |      42.85      
    360      |      76.86       |      33.71      
    361      |      87.63       |      53.87      
    362      |      68.32       |      58.56      
    376      |      68.55       |      44.96      
    388      |      56.86       |      54.96      
    389      |      57.41       |      54.91      
    390      |      62.07       |      56.25      
    391      |      65.11       |      57.67      
    394      |      68.85       |      58.69      
    395      |      67.71       |      58.89      
    406      |      66.59       |      43.44      
    407      |      82.27       |      54.57      
    408      |      68.81       |      58.64      
    418      |      62.42       |      53.87      
    419      |      60.03       |      55.50      
    422      |      69.66       |      56.87      
    423      |      76.17       |      55.82      
    424      |      79.47       |      58.29      
    430      |      57.25       |      52.73      
    431      |      58.31       |      58.01      
    432      |      61.01       |      56.55      
    433      |      61.17       |      40.11      
    434      |      89.24       |      46.80      
    435      |      68.01       |      54.37      
    444      |      58.65       |      52.19      
    445      |      59.44       |      51.11      
    446      |      59.86       |      50.99      
    447      |      56.49       |      49.73      
    448      |      67.89       |      49.38      
    449      |      63.72       |      51.52      
    453      |      75.98       |      57.11      
    456      |      60.90       |      54.40      
    457      |      66.07       |      58.08      
    458      |      65.97       |      58.13      
    459      |      84.98       |      58.41      
    460      |      76.87       |      57.90      
    468      |      56.36       |      49.53      
    469      |      57.89       |      52.34      
    470      |      62.45       |      51.22      
    471      |      60.16       |      53.63      
    472      |      67.34       |      52.10      
    473      |      75.79       |      57.13      
    490      |      80.84       |      56.48      
    492      |      65.28       |      50.93      
    494      |      85.65       |      35.96      
    496      |      71.70       |      54.33      
    497      |      75.82       |      57.62      
    503      |      68.54       |      47.39      
    504      |      59.63       |      48.61      
    506      |      78.48       |      50.64      
    507      |      54.33       |      54.60      
    508      |      51.67       |      51.79      
    509      |      76.72       |      57.25      
    510      |      77.89       |      57.30      
    520      |      59.21       |      48.90      
    521      |      60.64       |      50.18      
    522      |      58.80       |      50.20      
    523      |      79.28       |      47.87      
    524      |      76.87       |      36.64      
    525      |      82.27       |      42.85      
    526      |      78.65       |      53.50      
    527      |      81.12       |      52.70      
    528      |      83.73       |      53.39      
    529      |      80.78       |      54.48      
    530      |      82.28       |      56.04      
    536      |      56.11       |      48.79      
    537      |      58.07       |      49.31      
    538      |      60.02       |      50.36      
    539      |      64.69       |      46.72      
    540      |      74.98       |      44.38      
    541      |      74.92       |      47.18      
    542      |      71.32       |      49.06      
    543      |      78.94       |      49.25      
    544      |      73.92       |      49.71      
    545      |      81.87       |      50.54      
    550      |      55.39       |      50.47      
    551      |      66.69       |      53.56      
    552      |      75.48       |      55.77      
    553      |      74.62       |      53.55      
    554      |      80.17       |      51.19      
    555      |      81.48       |      51.60      
    556      |      88.68       |      52.39      
    566      |      58.60       |      48.43      
    567      |      58.48       |      48.38      
    568      |      55.28       |      56.93      
    569      |      62.70       |      49.46      
    570      |      72.84       |      50.40      
    571      |      56.60       |      57.43      
    572      |      67.42       |      48.38      
    573      |      85.33       |      47.39      
    574      |      89.13       |      49.70      
    575      |      73.83       |      48.84      
    576      |      76.36       |      53.60      
    577      |      83.91       |      50.55      
    578      |      85.83       |      50.70      
    582      |      58.54       |      49.17      
    583      |      54.81       |      51.05      
    584      |      47.13       |      52.09      
    585      |      71.26       |      41.09      
    586      |      67.88       |      52.17      
    587      |      85.05       |      59.33      
    588      |      75.20       |      46.78      
    589      |      77.85       |      44.98      
    590      |      80.50       |      52.33      
    598      |      54.63       |      52.16      
    599      |      67.46       |      44.92      
    600      |      53.29       |      52.77      
    601      |      77.55       |      45.69      
    602      |      80.86       |      48.56      
    603      |      71.75       |      51.45      
    611      |      59.74       |      47.03      
    612      |      51.40       |      48.73      
    613      |      79.99       |      40.72      
    614      |      66.80       |      40.42      
    615      |      54.86       |      52.27      
    616      |      74.92       |      28.49      
    618      |      74.60       |      44.84      
    619      |      75.12       |      45.04      
    620      |      75.37       |      44.98      
    621      |      75.62       |      39.46      
    622      |      86.05       |      47.50      
    628      |      59.70       |      40.93      
    629      |      76.71       |      32.90      
    630      |      77.08       |      50.36      
    631      |      87.15       |      27.91      
    633      |      78.39       |      45.15      
    634      |      83.00       |      47.84      
    635      |      82.48       |      47.65      
    636      |      88.17       |      49.52      
    651      |      62.67       |      50.27      
    652      |      68.24       |      45.70      
    653      |      62.81       |      42.76      
    654      |      63.43       |      43.09      
    655      |      52.85       |      46.86      
    656      |      56.48       |      48.53      
    657      |      89.64       |      46.34      
    658      |      80.15       |      45.57      
    659      |      74.53       |      45.24      
    660      |      74.11       |      46.10      
    661      |      75.53       |      46.31      
    662      |      76.86       |      48.32      
    663      |      84.66       |      47.66      
    675      |      72.61       |      39.65      
    676      |      53.68       |      51.81      
    677      |      64.96       |      55.67      
    678      |      62.36       |      43.71      
    679      |      61.14       |      37.31      
    681      |      81.25       |      53.32      
    682      |      80.24       |      45.49      
    683      |      76.34       |      48.57      
    684      |      85.71       |      52.62      
    685      |      89.08       |      51.07      
    692      |      58.37       |      43.60      
    693      |      34.35       |      56.33      
    695      |      76.59       |      50.67      
    696      |      69.07       |      43.04      
    697      |      62.94       |      32.16      
    698      |      87.06       |      38.69      
    699      |      77.24       |      42.33      
    700      |      74.25       |      45.36      
    701      |      73.39       |      45.22      
    713      |      58.47       |      42.48      
    714      |      75.29       |      15.24      
    715      |      72.96       |      50.90      
    716      |      69.06       |      43.31      
    717      |      73.08       |      41.30      
    718      |      73.57       |      45.14      
    719      |      75.50       |      46.36      
    720      |      84.59       |      53.52      
    721      |      84.65       |      53.60      
    722      |      88.27       |      56.05      
    723      |      89.20       |      51.78      
    733      |      62.50       |      41.27      
    734      |      76.91       |      51.72      
    735      |      61.87       |      55.48      
    736      |      72.12       |      47.35      
    737      |      72.07       |      47.14      
    738      |      84.51       |      52.39      
    739      |      77.16       |      45.18      
    740      |      85.03       |      45.89      
    741      |      85.24       |      53.08      
    743      |      81.14       |      27.26      
    759      |      47.79       |      53.98      
    760      |      73.99       |      46.16      
    761      |      65.78       |      45.70      
    764      |      62.07       |      56.51      
    765      |      67.75       |      54.68      
    766      |      70.83       |      57.67      
    767      |      79.26       |      55.58      
    768      |      84.98       |      45.75      
    769      |      80.69       |      48.09      
    770      |      84.69       |      48.91      
    781      |      52.50       |      52.06      
    782      |      62.72       |      54.76      
    783      |      56.59       |      45.61      
    784      |      55.93       |      54.01      
    785      |      68.77       |      55.69      
    787      |      82.79       |      50.92      
    788      |      71.62       |      41.51      
    789      |      73.33       |      40.65      
    790      |      79.52       |      55.29      
    791      |      81.70       |      55.07      
    792      |      74.20       |      40.65      
    793      |      84.39       |      48.46      
    794      |      82.48       |      47.23      
    795      |      78.30       |      45.17      
    796      |      87.65       |      45.17      
    814      |      80.58       |      42.20      
    815      |      64.32       |      45.08      
    816      |      75.34       |      58.69      
    817      |      57.73       |      58.77      
    821      |      82.91       |      50.12      
    822      |      84.51       |      48.38      
    823      |      82.43       |      47.56      
    837      |      58.33       |      40.24      
    838      |      67.88       |      42.12      
    839      |      48.80       |      51.82      
    840      |      55.98       |      53.90      
    841      |      81.60       |      42.75      
    842      |      64.34       |      45.03      
    843      |      74.61       |      44.30      
    846      |      85.60       |      50.15      
    847      |      83.49       |      47.84      
    848      |      64.06       |      40.70      
    856      |      88.36       |      58.38      
    864      |      62.62       |      46.47      
    865      |      59.99       |      47.99      
    866      |      52.69       |      43.53      
    867      |      62.79       |      53.95      
    868      |      49.41       |      46.07      
    869      |      82.44       |      32.63      
    871      |      82.72       |      47.27      
    873      |      87.44       |      46.65      
    874      |      86.12       |      48.19      
    882      |      60.32       |      46.03      
    883      |      78.88       |      39.72      
    884      |      81.59       |      42.72      
    885      |      64.34       |      44.97      
    886      |      70.51       |      44.67      
    887      |      70.94       |      31.37      
    888      |      79.89       |      33.83      
    890      |      86.68       |      50.96      
    891      |      85.42       |      50.46      
    894      |      84.45       |      45.79      
    895      |      89.21       |      44.37      
    915      |      66.01       |      30.96      
    916      |      52.00       |      38.82      
    917      |      65.53       |      45.98      
    918      |      60.30       |      55.97      
    919      |      72.16       |      48.28      
    920      |      83.28       |      47.58      
    921      |      86.57       |      51.29      
    922      |      85.01       |      51.28      
    923      |      70.65       |      33.29      
    924      |      83.26       |      31.91      
    939      |      69.02       |      21.29      
    940      |      75.98       |      33.32      
    941      |      81.51       |      34.06      
    942      |      46.48       |      55.18      
    943      |      63.93       |      56.19      
    944      |      84.00       |      54.84      
    946      |      86.97       |      48.05      
    947      |      75.86       |      38.79      
    948      |      84.27       |      37.01      
    951      |      86.54       |      51.41      
    952      |      81.97       |      48.77      
    953      |      86.06       |      48.14      
    954      |      89.19       |      50.77      
    955      |      88.41       |      55.56      
    956      |      89.60       |      58.09      
    970      |      56.81       |      41.33      
    971      |      64.62       |      32.35      
    972      |      71.49       |      30.07      
    973      |      68.49       |      21.75      
    974      |      75.84       |      43.32      
    975      |      72.79       |      44.18      
    976      |      66.03       |      39.84      
    977      |      74.94       |      37.95      
    978      |      75.46       |      38.87      
    980      |      78.46       |      52.85      
    982      |      78.83       |      52.19      
    983      |      84.13       |      59.35      
    992      |      65.73       |      28.23      
    993      |      52.06       |      45.62      
    994      |      65.61       |      38.93      
    995      |      68.51       |      39.52      
    996      |      62.93       |      27.28      
    997      |      74.89       |      22.20      
    998      |      72.52       |      44.97      
    999      |      73.69       |      52.53      
    1001     |      77.91       |      39.49      
    1003     |      79.62       |      51.71      
    1004     |      87.32       |      58.04      
    1005     |      84.36       |      56.48      
    1031     |      51.53       |      45.99      
    1032     |      52.07       |      45.62      
    1033     |      52.13       |      40.86      
    1034     |      41.62       |      48.70      
    1035     |      74.51       |      52.97      
    1036     |      72.48       |      42.10      
    1037     |      88.27       |      41.64      
    1038     |      79.70       |      31.85      
    1039     |      76.41       |      33.48      
    1041     |      76.94       |      50.92      
    1042     |      77.37       |      52.18      
    1043     |      81.51       |      58.05      
    1044     |      76.97       |      59.27      
    1045     |      69.68       |      59.14      
    1047     |      66.77       |      54.05      
    1060     |      65.51       |      35.57      
    1061     |      55.56       |      37.73      
    1062     |      75.08       |      22.84      
    1063     |      66.68       |      27.39      
    1064     |      60.83       |      29.98      
    1065     |      60.65       |      43.16      
    1067     |      85.04       |      42.46      
    1068     |      64.78       |      36.78      
    1069     |      77.40       |      46.66      
    1070     |      76.38       |      46.61      
    1071     |      83.83       |      45.87      
    1072     |      78.36       |      51.81      
    1073     |      77.47       |      56.00      
    1074     |      77.79       |      56.08      
    1075     |      84.50       |      56.31      
    1096     |      63.90       |      35.76      
    1097     |      64.94       |      26.29      
    1098     |      72.11       |      24.03      
    1099     |      56.80       |      35.69      
    1100     |      48.79       |      41.37      
    1101     |      65.82       |      50.48      
    1102     |      74.26       |      50.94      
    1103     |      73.62       |      51.08      
    1104     |      77.87       |      52.14      
    1105     |      79.51       |      54.19      
    1106     |      81.62       |      53.26      
    1107     |      65.28       |      56.92      
    1108     |      79.92       |      58.86      
    1111     |      75.20       |      55.48      
    1112     |      72.00       |      51.25      
    1127     |      74.83       |      23.99      
    1128     |      58.44       |      37.43      
    1129     |      71.69       |      21.68      
    1131     |      80.62       |      35.90      
    1132     |      67.38       |      28.76      
    1133     |      61.69       |      31.52      
    1134     |      62.88       |      56.98      
    1136     |      78.72       |      50.03      
    1137     |      75.27       |      56.59      
    1138     |      67.69       |      50.64      
    1140     |      76.49       |      56.03      
    1141     |      81.51       |      55.81      
    1142     |      75.33       |      49.44      
    1144     |      88.22       |      46.25      
    1155     |      75.20       |      34.77      
    1157     |      62.35       |      27.74      
    1158     |      65.25       |      25.08      
    1159     |      65.22       |      25.09      
    1161     |      56.47       |      37.69      
    1162     |      78.93       |      37.06      
    1163     |      89.56       |      34.09      
    1164     |      86.10       |      31.35      
    1165     |      72.16       |      35.05      
    1166     |      50.85       |      40.90      
    1170     |      80.50       |      40.47      
    1171     |      66.91       |      38.14      
    1172     |      65.38       |      56.12      
    1173     |      61.21       |      55.95      
    1175     |      87.72       |      46.07      
    1177     |      84.94       |      57.72      
    1190     |      78.93       |      31.83      
    1191     |      73.96       |      16.34      
    1192     |      72.69       |      17.45      
    1193     |      78.30       |      22.25      
    1194     |      79.49       |      22.93      
    1195     |      73.57       |      32.89      
    1200     |      88.68       |      45.06      
    1201     |      72.51       |      45.19      
    1205     |      87.31       |      42.73      
    1213     |      78.85       |      15.54      
    1215     |      79.81       |      10.20      
    1216     |      75.71       |      25.09      
    1217     |      74.39       |      23.75      
    1218     |      68.86       |      25.14      
    1219     |      87.51       |      43.02      
    1220     |      69.85       |      42.40      
    1221     |      81.54       |      36.86      
    1222     |      67.25       |      37.87      
    1223     |      83.12       |      39.05      
    1224     |      68.95       |      51.30      
    1225     |      58.81       |      57.93      
    1227     |      70.30       |      32.64      
    1230     |      88.85       |      36.89      
    1233     |      86.81       |      24.88      
    1238     |      88.20       |      44.44      
    1249     |      76.26       |      17.85      
    1250     |      75.29       |      20.26      
    1251     |      75.56       |      17.35      
    1252     |      86.04       |      15.23      
    1253     |      76.01       |      13.93      
    1254     |      88.50       |      15.27      
    1255     |      85.15       |      33.96      
    1256     |      72.29       |      37.64      
    1257     |      67.27       |      37.84      
    1258     |      64.87       |      48.16      
    1259     |      55.01       |      55.48      
    1260     |      84.91       |      40.61      
    1264     |      88.71       |      36.85      
    1277     |      64.51       |      28.62      
    1278     |      70.75       |      19.57      
    1279     |      68.86       |      27.67      
    1280     |      80.35       |      23.23      
    1281     |      76.32       |      21.49      
    1282     |      73.14       |      18.61      
    1284     |      80.63       |      10.17      
    1285     |      75.30       |      31.34      
    1286     |      81.26       |      29.36      
    1287     |      65.71       |      38.81      
    1306     |      79.46       |      11.65      
    1307     |      72.84       |      21.91      
    1308     |      77.22       |      15.62      
    1309     |      64.62       |      27.57      
    1310     |      79.42       |      24.56      
    1311     |      61.48       |      28.33      
    1312     |      76.22       |      48.46      
    1313     |      59.52       |      57.42      
    1314     |      73.32       |      51.41      
    1315     |      77.46       |      42.97      
    1316     |      69.65       |      32.99      
    1317     |      86.69       |      36.55      
    1318     |      82.31       |      25.78      
    1319     |      78.52       |      23.30      
    1323     |      85.95       |      52.60      
    1324     |      89.67       |      59.46      
    5687     |      65.99       |      41.16      
    5688     |      62.44       |      27.68      
    5689     |      52.62       |      37.37      
    5690     |      47.43       |      43.40      
    5691     |      46.53       |      43.39      
    5693     |      32.88       |      58.56      
    5694     |      32.88       |      59.93      
    5697     |      40.10       |      55.94      
    5698     |      47.80       |      44.89      
    5699     |      48.14       |      43.79      
    5712     |      64.64       |      29.79      
    5713     |      59.17       |      41.51      
    5714     |      56.72       |      33.27      
    5715     |      44.20       |      45.70      
    5716     |      53.61       |      53.21      
    5717     |      35.44       |      54.49      
    5718     |      39.93       |      54.89      
    5719     |      44.22       |      46.35      
    5723     |      51.59       |      55.93      
    5724     |      36.61       |      55.76      
    5725     |      40.09       |      53.82      
    5746     |      81.35       |       8.79      
    5748     |      70.91       |      21.36      
    5749     |      59.60       |      33.09      
    5750     |      50.34       |      42.09      
    5751     |      50.72       |      40.69      
    5752     |      44.96       |      44.99      
    5755     |      32.68       |      58.76      
    5769     |      37.68       |      54.09      
    5779     |      70.97       |      26.70      
    5780     |      70.41       |      24.10      
    5781     |      68.83       |      23.81      
    5782     |      64.12       |      40.92      
    5783     |      59.62       |      33.07      
    5784     |      40.13       |      54.60      
    5785     |      37.38       |      56.10      
    5786     |      38.91       |      51.03      
    5805     |      72.06       |      25.90      
    5806     |      55.37       |      56.71      
    5807     |      65.97       |      27.29      
    5808     |      50.78       |      39.62      
    5810     |      67.07       |      25.07      
    5811     |      64.65       |      28.50      
    5812     |      58.82       |      48.47      
    5813     |      55.48       |      40.28      
    5814     |      52.93       |      38.39      
    5815     |      48.02       |      45.40      
    5816     |      35.38       |      54.73      
    5836     |      63.46       |      29.72      
    5837     |      65.85       |      25.53      
    5838     |      51.26       |      51.53      
    5839     |      54.29       |      38.26      
    5840     |      63.91       |      30.96      
    5841     |      65.93       |      32.87      
    5842     |      55.04       |      35.66      
    5843     |      51.09       |      49.04      
    5844     |      46.31       |      44.21      
    5849     |      36.57       |      58.05      
    5867     |      64.51       |      28.96      
    5868     |      80.24       |      10.57      
    5869     |      70.10       |      41.05      
    5870     |      62.26       |      44.56      
    5871     |      61.78       |      48.96      
    5872     |      55.56       |      36.63      
    5873     |      54.33       |      39.30      
    5874     |      56.99       |      35.90      
    5875     |      70.51       |      25.68      
    5876     |      46.64       |      50.44      
    5877     |      34.95       |      55.30      
    5890     |      62.17       |      30.70      
    5891     |      59.88       |      36.01      
    5892     |      65.51       |      38.39      
    5893     |      66.39       |      30.50      
    5894     |      66.02       |      30.34      
    5895     |      57.17       |      35.52      
    5896     |      64.20       |      37.48      
    5897     |      62.70       |      29.49      
    5898     |      80.50       |      34.45      
    5899     |      82.10       |      24.58      
    5900     |      63.10       |      43.62      
    5901     |      61.94       |      43.08      
    5902     |      42.40       |      52.88      
    5923     |      61.28       |      36.54      
    5924     |      63.89       |      52.58      
    5925     |      64.37       |      52.11      
    5926     |      66.50       |      31.12      
    5927     |      40.78       |      49.96      
    5928     |      63.47       |      47.51      
    5929     |      71.02       |      26.29      
    5930     |      74.12       |      20.13      
    5931     |      77.05       |      22.76      
    5933     |      57.48       |      36.91      
    5934     |      60.68       |      32.27      
    5935     |      41.12       |      57.28      
    5936     |      47.97       |      45.98      
    5937     |      76.40       |      42.74      
    5938     |      76.23       |      29.50      
    5939     |      86.20       |       4.51      
    5940     |      41.02       |      49.19      
    5941     |      37.04       |      57.37      
    5942     |      35.36       |      54.88      
    5950     |      51.25       |      53.72      
    5951     |      59.26       |      31.10      
    5952     |      76.01       |      21.41      
    5953     |      75.00       |      28.62      
    5954     |      77.30       |      17.06      
    5955     |      85.81       |      59.35      
    5956     |      54.27       |      44.96      
    5957     |      54.02       |      42.57      
    5958     |      56.11       |      45.04      
    5959     |      56.55       |      34.10      
    5960     |      53.89       |      50.46      
    5965     |      70.69       |      34.79      
    5967     |      50.27       |      44.06      
    5978     |      73.22       |      30.48      
    5979     |      52.48       |      39.14      
    5980     |      47.09       |      45.41      
    5981     |      58.97       |      37.35      
    5982     |      63.40       |      36.09      
    5983     |      63.70       |      26.77      
    5985     |      75.74       |      58.46      
    5986     |      61.14       |      54.84      
    5987     |      54.85       |      57.13      
    5988     |      55.46       |      57.39      
    5992     |      57.20       |      58.74      
    5995     |      34.48       |      56.74      
    5996     |      31.53       |      59.58      
    6000     |      70.88       |      22.90      
    6001     |      72.91       |      35.13      
    6002     |      65.06       |      25.77      
    6003     |      60.53       |      34.42      
    6004     |      45.70       |      50.77      
    6006     |      62.76       |      36.64      
    6007     |      58.28       |      32.32      
    6008     |      53.64       |      45.87      
    6009     |      53.43       |      47.33      
    6010     |      42.57       |      49.68      
    6011     |      42.86       |      54.54      
    6012     |      40.08       |      56.85      
    6020     |      60.42       |      39.65      
    6021     |      54.47       |      36.93      
    6022     |      71.52       |      31.52      
    6023     |      65.11       |      27.60      
    6025     |      57.61       |      36.41      
    6026     |      54.29       |      40.74      
    6027     |      36.27       |      57.54      
    6028     |      47.77       |      48.85      
    6030     |      57.78       |      32.82      
    6031     |      57.79       |      40.50      
    6032     |      69.58       |      39.33      
    6033     |      71.42       |      43.80      
    6034     |      71.74       |      36.49      
    6035     |      65.31       |      25.81      
    6037     |      53.84       |      45.26      
    6038     |      55.06       |      57.21      
    6039     |      49.02       |      46.33      
    6040     |      50.62       |      51.89      
    6041     |      42.23       |      58.90      
    6042     |      45.41       |      58.97      
    6046     |      61.83       |      29.86      
    6047     |      36.88       |      54.74      
    6048     |      47.04       |      43.98      
    6049     |      46.79       |      57.13      
    6050     |      62.02       |      38.54      
    6051     |      61.57       |      32.75      
    6052     |      52.52       |      51.57      
    6053     |      49.04       |      50.07      
    6055     |      65.43       |      58.74      
    6056     |      62.04       |      38.98      
    6057     |      53.00       |      48.02      
    6058     |      44.23       |      56.98      
    6061     |      45.52       |      47.17      
    6062     |      52.43       |      39.73      
    6063     |      51.87       |      54.54      
    6064     |      51.84       |      41.92      
    6065     |      50.42       |      40.34      
    6066     |      49.43       |      41.80      
    6067     |      54.55       |      42.27      
    6068     |      54.82       |      49.48      
    6069     |      52.92       |      50.12      
    6070     |      61.83       |      40.24      
    6071     |      66.33       |      48.96      
    6072     |      53.33       |      48.90      
    6073     |      51.64       |      49.75      
    6074     |      55.24       |      57.31      
    6080     |      47.56       |      47.88      
    6081     |      50.55       |      54.71      
    6082     |      46.79       |      48.23      
    6083     |      42.91       |      49.78      
    6084     |      41.09       |      49.43      
    6085     |      45.64       |      45.48      
    6086     |      47.56       |      43.96      
    6087     |      51.17       |      40.19      
    6088     |      48.44       |      45.33      
    6089     |      57.36       |      37.51      
    6090     |      59.58       |      39.66      
    6091     |      52.77       |      48.31      
    6092     |      51.12       |      39.70      
    6093     |      58.31       |      34.62      
    6095     |      66.80       |      26.55      
    6096     |      65.10       |      59.45      
    6097     |      48.17       |      57.96      
    6098     |      47.97       |      58.54      
    6099     |      47.52       |      57.60      
    6100     |      51.25       |      58.93      
    6101     |      51.37       |      57.87      
    6105     |      43.92       |      47.98      
    6106     |      48.79       |      45.48      
    6107     |      55.38       |      43.81      
    6108     |      59.10       |      32.98      
    6109     |      70.83       |      25.09      
    6110     |      56.68       |      41.48      
    6111     |      43.01       |      50.81      
    6115     |      42.91       |      49.25      
    6118     |      50.54       |      51.77      
    6119     |      55.56       |      51.72      
    6121     |      59.63       |      59.91      
    6122     |      51.16       |      58.81      
    6126     |      44.50       |      52.62      
    6129     |      39.07       |      58.35      
    6130     |      37.32       |      53.27      
    6131     |      63.51       |      45.09      
    6134     |      43.82       |      53.40      
    6135     |      42.44       |      51.22      
    6136     |      42.79       |      50.65      
    6137     |      43.54       |      54.17      
    6138     |      44.93       |      49.51      
    6139     |      48.41       |      49.58      
    6141     |      54.77       |      46.59      
    6142     |      50.12       |      50.15      
    6146     |      49.25       |      58.90      
    6149     |      47.34       |      48.15      
    6150     |      43.61       |      54.06      
    6151     |      46.59       |      55.59      
    6153     |      53.78       |      49.97      
    6154     |      39.00       |      54.10      
    6155     |      49.54       |      41.43      
    6156     |      52.69       |      51.36      
    6157     |      41.93       |      52.85      
    6158     |      46.77       |      47.78      
    6159     |      54.84       |      36.94      
    6160     |      59.29       |      37.60      
    6162     |      48.41       |      56.81      
    6163     |      49.60       |      45.16      
    6164     |      48.69       |      42.15      
    6165     |      63.09       |      34.46      
    6166     |      61.19       |      41.39      
    6167     |      65.10       |      49.06      
    6168     |      63.68       |      49.20      
    6169     |      61.98       |      56.80      
    6170     |      62.75       |      60.00      
    6174     |      48.86       |      47.21      
    6175     |      44.85       |      46.90      
    6176     |      47.78       |      44.62      
    6177     |      47.62       |      45.67      
    6178     |      59.61       |      47.96      
    6179     |      57.21       |      33.38      
    6180     |      61.67       |      29.12      
    6181     |      43.76       |      47.14      
    6182     |      47.05       |      43.58      
    6183     |      47.47       |      43.25      
    6184     |      48.22       |      42.44      
    6185     |      47.72       |      57.79      
    6186     |      54.07       |      36.63      
    6187     |      48.14       |      59.85      
    6195     |      48.79       |      58.99      
    6199     |      54.71       |      46.86      
    6200     |      49.12       |      45.17      
    6201     |      58.46       |      32.45      
    6202     |      41.41       |      59.76      
    6203     |      46.48       |      44.22      
    6204     |      40.41       |      54.63      
    6205     |      42.02       |      50.67      
    6207     |      46.55       |      47.72      
    6208     |      48.36       |      58.91      
    6210     |      44.81       |      59.82      
    6212     |      39.27       |      58.15      
    6213     |      37.38       |      57.37      
    6222     |      55.18       |      41.27      
    6223     |      59.70       |      36.56      
    6224     |      59.02       |      31.77      
    6225     |      60.65       |      30.63      
    6226     |      56.87       |      35.25      
    6227     |      52.59       |      41.07      
    6228     |      48.42       |      42.60      
    6229     |      49.58       |      41.09      
    6230     |      46.78       |      43.99      
    6231     |      50.31       |      45.69      
    6232     |      61.20       |      29.63      
    6233     |      70.96       |      48.05      
    6243     |      48.83       |      58.94      
    6245     |      62.02       |      35.60      
    6246     |      54.74       |      47.31      
    6247     |      76.09       |      16.50      
    6248     |      76.75       |      16.37      
    6249     |      63.17       |      58.26      
    6250     |      54.00       |      37.26      
    6251     |      48.40       |      42.39      
    6252     |      63.89       |      26.88      
    6253     |      71.02       |      47.75      
    6254     |      50.87       |      40.42      
    6255     |      71.22       |      29.11      
    6256     |      83.01       |      48.88      
    6257     |      62.38       |      47.89      
    6258     |      61.83       |      47.06      
    6260     |      47.51       |      53.33      
    6261     |      54.18       |      54.42      
    6262     |      53.09       |      38.24      
    6263     |      60.06       |      33.77      
    6264     |      57.12       |      35.60      
    6265     |      69.72       |      57.34      
    6276     |      65.56       |      25.07      
    6277     |      51.39       |      39.71      
    6278     |      63.95       |      32.76      
    6279     |      60.50       |      41.38      
    6280     |      61.36       |      41.97      
    6281     |      50.62       |      49.99      
    6283     |      43.29       |      49.78      
    6284     |      46.28       |      44.51      
    6285     |      45.16       |      45.85      
    6286     |      45.71       |      45.03      
    6287     |      51.20       |      39.83      
    6288     |      57.35       |      43.20      
    6291     |      58.38       |      33.24      
    6292     |      61.81       |      29.14      
    6298     |      53.34       |      45.56      
    6299     |      68.94       |      59.29      
    6310     |      50.66       |      43.82      
    6311     |      60.12       |      31.86      
    6312     |      81.51       |      22.67      
    6313     |      81.38       |      12.48      
    6314     |      43.17       |      49.81      
    6315     |      39.07       |      51.91      
    6316     |      55.45       |      36.74      
    6317     |      56.96       |      33.86      
    6318     |      43.63       |      47.36      
    6319     |      32.78       |      59.16      
    6320     |      50.90       |      49.91      
    6321     |      55.91       |      36.89      
    6324     |      58.92       |      58.52      
    6325     |      51.14       |      44.80      
    6326     |      50.94       |      47.70      
    6327     |      46.91       |      43.84      
    6331     |      52.74       |      58.53      
    6336     |      56.46       |      41.88      
    6337     |      61.10       |      47.69      
    6339     |      49.31       |      46.69      
    6340     |      55.60       |      37.06      
    6341     |      51.80       |      49.75      
    6343     |      57.26       |      59.40      
    6344     |      49.25       |      44.85      
    6345     |      54.51       |      43.01      
    6346     |      57.39       |      47.45      
    6347     |      51.93       |      47.14      
    6356     |      62.62       |      50.49      
    6357     |      50.51       |      47.95      
    6358     |      61.05       |      47.89      
    6360     |      41.16       |      50.21      
    6361     |      42.51       |      50.30      
    6362     |      45.52       |      45.34      
    6363     |      51.09       |      39.84      
    6364     |      53.74       |      38.55      
    6365     |      53.76       |      38.79      
    6366     |      42.20       |      51.85      
    6367     |      41.99       |      48.88      
    6369     |      42.60       |      58.56      
    6371     |      37.19       |      55.81      
    6372     |      45.30       |      53.24      
    6373     |      48.04       |      57.81      
    6374     |      49.87       |      58.15      
    6375     |      49.59       |      57.82      
    6386     |      51.52       |      54.47      
    6387     |      45.84       |      57.12      
    6388     |      34.80       |      56.46      
    6389     |      47.36       |      44.28      
    6390     |      44.36       |      49.11      
    6398     |      68.37       |      49.55      
    6400     |      65.08       |      48.77      
    6407     |      56.55       |      50.01      
    6408     |      56.23       |      47.92      
    6409     |      47.93       |      51.14      
    6410     |      49.56       |      46.69      
    6411     |      44.99       |      46.00      
    6412     |      47.83       |      43.48      
    6413     |      47.75       |      44.14      
    6414     |      35.38       |      55.77      
    6415     |      35.57       |      55.85      
    6416     |      40.36       |      50.61      
    6417     |      67.94       |      37.61      
    6418     |      85.50       |      38.36      
    6419     |      78.00       |      55.95      
    6421     |      48.52       |      58.72      
    6422     |      49.39       |      58.46      
    6423     |      49.34       |      58.44      
    6428     |      58.97       |      46.47      
    6429     |      59.08       |      51.44      
    6435     |      63.11       |      50.37      
    6439     |      45.99       |      54.06      
    6440     |      43.28       |      48.51      
    6441     |      37.24       |      53.71      
    6442     |      37.62       |      53.35      
    6444     |      42.38       |      50.66      
    6445     |      42.49       |      50.12      
    6446     |      42.38       |      50.29      
    6447     |      57.31       |      50.04      
    6453     |      51.58       |      59.72      
    6464     |      56.02       |      51.46      
    6465     |      44.81       |      58.28      
    6466     |      50.63       |      55.37      
    6467     |      47.35       |      51.34      
    6468     |      47.58       |      51.66      
    6469     |      40.57       |      52.49      
    6470     |      41.36       |      50.32      
    6471     |      37.11       |      54.34      
    6472     |      37.10       |      54.26      
    6473     |      44.17       |      46.98      
    6474     |      45.27       |      46.19      
    6475     |      46.12       |      45.12      
    6476     |      50.17       |      41.73      
    6477     |      47.53       |      48.35      
    6478     |      41.96       |      50.76      
    6483     |      48.32       |      52.63      
    6487     |      50.81       |      57.78      
    6488     |      58.33       |      59.20      
    6489     |      57.98       |      56.14      
    6490     |      49.44       |      59.46      
    6497     |      52.64       |      50.08      
    6498     |      51.95       |      51.99      
    6499     |      50.24       |      46.77      
    6500     |      45.22       |      49.72      
    6501     |      43.92       |      49.34      
    6502     |      61.42       |      40.19      
    6503     |      44.67       |      46.51      
    6507     |      33.90       |      58.10      
    6510     |      48.71       |      49.33      
    6511     |      63.99       |      59.80      
    6513     |      50.43       |      59.55      
    6518     |      55.47       |      49.29      
    6519     |      52.42       |      47.87      
    6520     |      42.63       |      55.74      
    6521     |      59.52       |      55.71      
    6524     |      44.96       |      47.14      
    6525     |      42.05       |      52.30      
    6536     |      53.03       |      55.43      
    6539     |      51.34       |      56.30      
    6550     |      65.32       |      34.56      
    6551     |      38.72       |      55.72      
    6552     |      53.58       |      49.17      
    6553     |      52.61       |      49.86      
    6554     |      47.78       |      51.43      
    6555     |      56.45       |      43.45      
    6556     |      64.09       |      48.64      
    6557     |      64.77       |      48.67      
    6558     |      58.33       |      35.27      
    6559     |      43.47       |      47.56      
    6560     |      45.46       |      48.20      
    6577     |      59.80       |      54.09      
    6581     |      62.14       |      47.63      
    6582     |      66.37       |      53.36      
    6590     |      53.78       |      50.68      
    6591     |      47.80       |      51.36      
    6592     |      56.51       |      45.67      
    6624     |      55.96       |      45.85      
    6625     |      50.41       |      51.48      
    6650     |      74.31       |      45.24      
    6688     |      53.72       |      48.09      
    6689     |      51.56       |      48.81      
    6770     |      53.36       |      51.85      
    6806     |      56.66       |      50.30      
    6807     |      54.71       |      50.62      
    9275     |      88.88       |      51.58      
    9276     |      67.36       |      31.04      
    9277     |      84.12       |       7.80      
    9343     |      75.93       |      32.70      
    9344     |      79.22       |      21.51      
    9468     |      86.32       |      23.07      
    9469     |      84.46       |      23.85      
    9526     |      73.37       |      29.03      
    9598     |      86.51       |      39.45      
    9661     |      81.16       |      20.76      
    9662     |      87.41       |      27.30      
    9663     |      87.04       |      27.84      
    9664     |      84.98       |      17.29      
    9727     |      87.68       |      20.24      
    9728     |      82.02       |      26.42      
    9776     |      87.34       |      35.07      
    9777     |      88.33       |      37.08      
    9780     |      86.52       |      35.27      
    9781     |      88.01       |      39.73      
    9782     |      88.43       |      39.44      
    9783     |      83.53       |      35.28      
    9784     |      83.72       |      34.70      
    9785     |      89.06       |      34.98      
    9786     |      86.86       |      16.89      
    9787     |      82.70       |      16.32      
    9788     |      82.68       |      10.44      
    9789     |      82.89       |      10.49      
    9790     |      82.97       |       9.77      
    9836     |      82.59       |      10.98      
    9837     |      77.57       |      27.01      
    9839     |      79.20       |      18.04      
    9843     |      89.43       |      18.47      
    9894     |      85.60       |      35.61      
    9895     |      89.80       |      44.55      
    9896     |      87.73       |      19.59      
    9897     |      88.01       |      35.04      
    9898     |      78.79       |      16.21      
    9899     |      82.57       |      13.02      
    9900     |      76.09       |      26.57      
    9901     |      87.26       |      40.86      
    9902     |      87.14       |      39.06      
    9903     |      78.45       |      25.35      
    9904     |      78.30       |      40.37      
    9905     |      88.10       |      47.42      
    9907     |      80.20       |      32.43      
    9908     |      78.05       |      25.37      
    9909     |      79.46       |      26.99      
    9910     |      81.31       |      24.13      
    9913     |      85.84       |       9.55      
    9914     |      85.60       |       9.06      
    9915     |      86.92       |      26.55      
    9970     |      70.11       |      33.79      
    9971     |      69.46       |      27.52      
    9972     |      87.91       |      28.18      
    9973     |      80.09       |      21.97      
    9974     |      73.08       |      24.17      
    9975     |      75.43       |      41.11      
    9976     |      53.74       |      40.03      
    9977     |      67.68       |      24.32      
    9978     |      87.00       |       9.56      
    9979     |      88.97       |      16.71      
    9980     |      87.49       |      19.02      
    9981     |      89.29       |      18.40      
   10026     |      78.06       |      24.04      
   10029     |      82.07       |      19.55      
   10030     |      83.79       |      23.33      
   10031     |      59.35       |      32.44      
   10032     |      68.80       |      24.93      
   10033     |      74.98       |      26.99      
   10034     |      75.21       |      26.40      
   10036     |      85.25       |      22.89      
   10037     |      86.06       |      40.90      
   10038     |      77.76       |      34.57      
   10039     |      83.24       |      28.26      
   10040     |      83.53       |      24.52      
   10086     |      82.32       |      51.79      
   10088     |      81.90       |       8.05      
   10089     |      72.78       |      18.28      
   10090     |      72.81       |      33.52      
   10091     |      73.22       |      26.34      
   10092     |      59.97       |      47.95      
   10093     |      76.05       |      31.70      
   10094     |      67.65       |      28.44      
   10095     |      76.40       |      26.90      
   10096     |      81.94       |      11.30      
   10097     |      82.92       |      13.42      
   10099     |      83.23       |      34.51      
   10100     |      77.55       |      28.60      
   10101     |      83.44       |      24.48      
   10102     |      82.11       |      18.38      
   10146     |      73.61       |      19.65      
   10147     |      53.19       |      59.52      
   10148     |      64.91       |      34.37      
   10149     |      64.78       |      28.23      
   10150     |      72.39       |      20.08      
   10151     |      72.83       |      25.89      
   10152     |      71.78       |      38.25      
   10153     |      65.55       |      29.13      
   10154     |      74.75       |      16.06      
   10155     |      83.96       |      14.29      
   10156     |      83.47       |      18.96      
   10160     |      86.78       |      23.40      
   10161     |      88.26       |      26.54      
   10162     |      85.74       |      27.95      
   10163     |      67.29       |      26.33      
   10164     |      66.54       |      25.30      
   10165     |      72.05       |      24.67      
   10199     |      57.52       |      33.04      
   10200     |      36.35       |      54.60      
   10201     |      67.02       |      27.49      
   10202     |      76.49       |      22.11      
   10203     |      68.43       |      37.67      
   10204     |      64.07       |      32.84      
   10205     |      71.80       |      38.25      
   10206     |      57.60       |      37.61      
   10207     |      62.30       |      30.46      
   10208     |      70.94       |      32.53      
   10209     |      72.55       |      22.63      
   10210     |      71.59       |      34.06      
   10211     |      73.20       |      27.79      
   10212     |      68.99       |      23.53      
   10213     |      78.60       |      19.89      
   10214     |      82.98       |      23.05      
   10215     |      85.53       |      27.56      
   10216     |      86.96       |      26.09      
   10217     |      83.72       |      23.64      
   10218     |      83.80       |      24.92      
   10272     |      85.12       |      22.06      
   10273     |      60.39       |      32.17      
   10274     |      67.65       |      28.87      
   10275     |      71.54       |      25.48      
   10276     |      83.18       |      21.64      
   10277     |      71.55       |      30.51      
   10278     |      76.73       |      20.31      
   10279     |      82.38       |      24.18      
   10281     |      89.76       |      18.18      
   10282     |      85.22       |      37.68      
   10332     |      72.61       |      30.55      
   10333     |      89.10       |      26.82      
   10334     |      85.66       |       8.79      
   10335     |      69.43       |      28.09      
   10336     |      64.34       |      34.47      
   10337     |      69.74       |      36.31      
   10338     |      70.11       |      32.79      
   10339     |      79.74       |      23.92      
   10340     |      75.57       |      32.18      
   10341     |      75.46       |      31.73      
   10342     |      78.79       |      21.07      
   10343     |      89.88       |      26.69      
   10344     |      84.46       |      19.72      
   10345     |      78.96       |      35.17      
   10346     |      66.51       |      25.91      
   10347     |      87.77       |      29.26      
   10348     |      89.17       |      26.97      
   10350     |      77.95       |      20.55      
   10351     |      86.17       |      20.93      
   10352     |      88.24       |      13.58      
   10401     |      72.58       |      17.59      
   10402     |      73.28       |      26.59      
   10403     |      73.99       |      30.63      
   10404     |      73.27       |      27.84      
   10405     |      55.18       |      40.72      
   10406     |      56.02       |      43.68      
   10407     |      68.24       |      32.48      
   10408     |      68.55       |      32.90      
   10409     |      77.12       |      19.96      
   10410     |      74.69       |      30.88      
   10411     |      83.76       |      27.21      
   10412     |      85.23       |      21.26      
   10460     |      80.87       |      30.90      
   10465     |      65.93       |      29.07      
   10466     |      67.04       |      32.00      
   10467     |      66.47       |      33.22      
   10468     |      78.87       |      46.94      
   10469     |      82.25       |      36.91      
   10470     |      73.61       |      20.83      
   10471     |      86.96       |      33.87      
   10472     |      72.66       |      28.44      
   10473     |      72.81       |      25.85      
   10474     |      77.12       |      19.96      
   10475     |      80.50       |      26.98      
   10476     |      80.90       |      33.87      
   10477     |      80.92       |      29.03      
   10478     |      72.13       |      22.11      
   10511     |      65.28       |      27.58      
   10512     |      69.14       |      33.64      
   10513     |      58.99       |      33.66      
   10514     |      60.26       |      47.74      
   10515     |      61.39       |      51.85      
   10518     |      76.61       |      14.06      
   10519     |      70.36       |      26.79      
   10520     |      68.43       |      32.97      
   10521     |      69.09       |      29.24      
   10522     |      81.23       |      27.13      
   10523     |      80.89       |      33.89      
   10524     |      76.15       |      28.19      
   10525     |      76.19       |      21.46      
   10526     |      78.76       |      17.34      
   10557     |      74.84       |      16.77      
   10558     |      50.94       |      47.79      
   10559     |      56.93       |      59.00      
   10560     |      61.84       |      51.64      
   10561     |      66.23       |      25.54      
   10562     |      70.78       |      29.75      
   10563     |      35.35       |      55.18      
   10564     |      72.92       |      28.40      
   10565     |      75.86       |      23.65      
   10566     |      71.89       |      30.44      
   10567     |      69.97       |      36.40      
   10568     |      69.16       |      34.37      
   10569     |      78.18       |      12.21      
   10570     |      69.70       |      21.28      
   10605     |      73.80       |      31.40      
   10606     |      86.08       |      18.02      
   10607     |      69.03       |      22.00      
   10608     |      68.47       |      24.32      
   10609     |      57.06       |      34.96      
   10610     |      57.30       |      38.28      
   10611     |      33.50       |      56.29      
   10612     |      66.90       |      41.11      
   10613     |      71.45       |      23.18      
   10614     |      75.96       |      31.96      
   10615     |      73.90       |      26.02      
   10616     |      67.62       |      36.79      
   10617     |      64.80       |      33.20      
   10618     |      64.91       |      33.40      
   10619     |      67.38       |      33.64      
   10620     |      72.23       |      27.72      
   10621     |      72.15       |      30.43      
   10622     |      79.98       |      21.27      
   10651     |      76.43       |      31.50      
   10652     |      60.81       |      30.01      
   10654     |      38.60       |      51.08      
   10655     |      38.79       |      59.90      
   10656     |      57.39       |      42.94      
   10657     |      58.34       |      39.22      
   10658     |      64.23       |      33.81      
   10659     |      56.76       |      38.36      
   10660     |      59.92       |      37.81      
   10661     |      59.95       |      39.50      
   10662     |      63.69       |      32.84      
   10663     |      81.49       |      35.31      
   10664     |      82.53       |      25.12      
   10665     |      75.59       |      33.33      
   10666     |      58.12       |      33.31      
   10667     |      64.38       |      37.60      
   10668     |      51.19       |      39.05      
   10669     |      58.95       |      30.93      
   10710     |      77.79       |      14.42      
   10711     |      69.08       |      35.70      
   10712     |      63.43       |      31.14      
   10713     |      49.36       |      40.80      
   10714     |      65.78       |      34.54      
   10715     |      64.07       |      38.49      
   10716     |      62.18       |      37.32      
   10717     |      63.90       |      33.58      
   10718     |      57.42       |      36.92      
   10719     |      57.97       |      37.30      
   10720     |      72.47       |      27.42      
   10721     |      64.31       |      40.01      
   10722     |      69.07       |      41.09      
   10723     |      74.48       |      25.91      
   10724     |      63.21       |      27.92      
   10725     |      76.10       |      37.08      
   10726     |      53.31       |      39.82      
   10748     |      86.24       |      23.10      
   10749     |      82.61       |       7.19      
   10750     |      68.94       |      24.09      
   10751     |      67.46       |      23.58      
   10752     |      61.46       |      33.10      
   10753     |      68.19       |      35.10      
   10754     |      63.29       |      40.76      
   10755     |      60.10       |      41.75      
   10756     |      64.20       |      45.45      
   10757     |      62.24       |      30.06      
   10758     |      63.83       |      31.81      
   10800     |      75.31       |      35.21      
   10801     |      45.20       |      48.06      
   10802     |      49.57       |      49.93      
   10803     |      55.60       |      37.52      
   10804     |      54.54       |      41.80      
   10805     |      65.12       |      30.90      
   10806     |      67.57       |      33.77      
   10807     |      48.04       |      47.43      
   10808     |      57.36       |      38.28      
   10809     |      66.54       |      31.74      
   10810     |      65.64       |      24.48      
   10811     |      67.12       |      22.52      
   10835     |      71.49       |      21.28      
   10836     |      71.76       |      20.85      
   10837     |      65.17       |      25.12      
   10838     |      64.07       |      25.89      
   10839     |      54.79       |      36.05      
   10840     |      49.98       |      40.41      
   10841     |      59.16       |      32.34      
   10842     |      57.50       |      41.43      
   10843     |      56.75       |      37.12      
   10844     |      60.18       |      40.91      
   10845     |      50.58       |      45.43      
   10846     |      47.19       |      47.22      
   10847     |      44.75       |      45.39      
   10848     |      53.78       |      35.89      
   10877     |      60.46       |      31.16      
   10878     |      51.47       |      47.28      
   10879     |      47.76       |      42.20      
   10880     |      55.75       |      36.60      
   10881     |      50.16       |      41.99      
   10882     |      60.24       |      40.91      
   10883     |      53.94       |      39.80      
   10884     |      57.10       |      42.42      
   10885     |      46.55       |      45.50      
   10886     |      57.97       |      41.88      
   10887     |      51.92       |      41.13      
   10888     |      53.86       |      37.35      
   10922     |      68.58       |      24.73      
   10923     |      62.57       |      27.63      
   10924     |      48.98       |      44.37      
   10925     |      56.85       |      39.38      
   10926     |      56.15       |      45.91      
   10927     |      57.16       |      40.93      
   10928     |      56.07       |      37.25      
   10929     |      58.94       |      36.40      
   10930     |      52.04       |      39.26      
   10931     |      62.28       |      33.02      
   10963     |      68.34       |      25.72      
   10964     |      57.09       |      33.88      
   10965     |      55.83       |      36.57      
   10966     |      63.61       |      27.20      
   10967     |      50.43       |      43.17      
   10968     |      56.34       |      37.11      
   10969     |      79.90       |      42.26      
   10970     |      74.24       |      30.02      
   10994     |      63.48       |      26.38      
   10995     |      60.75       |      30.10      
   10996     |      62.58       |      35.01      
   10997     |      47.47       |      43.91      
   10998     |      45.91       |      48.49      
   10999     |      49.11       |      47.49      
   11000     |      49.20       |      47.59      
   11001     |      48.58       |      47.48      
   11002     |      51.25       |      53.56      
   11003     |      44.68       |      46.89      
   11004     |      51.66       |      38.09      
   11005     |      62.65       |      38.06      
   11006     |      47.06       |      45.33      
   11007     |      54.53       |      43.85      
   11008     |      50.27       |      42.35      
   11038     |      83.58       |       6.74      
   11039     |      81.51       |      19.14      
   11040     |      73.78       |      17.08      
   11041     |      48.22       |      44.36      
   11042     |      45.58       |      45.20      
   11043     |      47.37       |      42.47      
   11044     |      63.18       |      44.98      
   11045     |      68.72       |      21.09      
   11046     |      54.16       |      46.17      
   11047     |      51.58       |      45.54      
   11048     |      51.67       |      45.54      
   11049     |      53.80       |      43.43      
   11050     |      54.63       |      43.85      
   11051     |      47.81       |      43.96      
   11052     |      47.84       |      43.93      
   11077     |      56.88       |      33.01      
   11078     |      57.92       |      32.62      
   11079     |      47.51       |      51.14      
   11080     |      46.56       |      46.13      
   11081     |      61.59       |      39.75      
   11082     |      60.09       |      38.90      
   11083     |      48.10       |      43.79      
   11107     |      76.08       |      26.97      
   11108     |      71.76       |      19.10      
   11109     |      32.82       |      57.34      
   11110     |      42.17       |      48.80      
   11111     |      51.13       |      57.16      
   11112     |      49.12       |      44.93      
   11113     |      45.34       |      50.09      
   11114     |      47.80       |      50.74      
   11115     |      41.79       |      50.60      
   11116     |      41.57       |      53.67      
   11117     |      31.91       |      59.22      
   11118     |      38.47       |      57.81      
   11119     |      42.25       |      49.88      
   11120     |      51.60       |      51.27      
   11121     |      46.05       |      45.15      
   11122     |      46.84       |      45.29      
   11123     |      40.09       |      49.76      
   11124     |      47.65       |      42.56      
   11126     |      31.10       |      58.87      
