=== Visibility Analysis Summary ===
Total patches: 12288
Geometric visible: 1376 (11.2%)
Light illuminated: 1075 (78.1% of geometric)
Reflection conditions met: 1376 (100.0% of geometric)
Light unoccluded: 1075 (78.1% of geometric)
Final visible: 1075 (8.7% of total)
Visible area: 365.93 (10.1% of total area)

=== Detailed Visibility Information ===
Patch Index  | Incidence Angle  |  Viewing Angle  
-------------+------------------+-----------------
     17      |      89.23       |      41.04      
     18      |      85.46       |      37.85      
     20      |      74.65       |      45.65      
     21      |      89.42       |      31.63      
     33      |      79.99       |      36.63      
     39      |      87.65       |      42.48      
     40      |      75.07       |      39.12      
     41      |      80.48       |      33.95      
     60      |      81.90       |      37.24      
     61      |      76.68       |      38.90      
     62      |      85.81       |      42.06      
     63      |      86.88       |      35.80      
     78      |      76.59       |      19.49      
     79      |      82.54       |      29.79      
     80      |      82.12       |      29.56      
     82      |      84.74       |      37.86      
    101      |      88.31       |      37.61      
    102      |      73.88       |      34.90      
    115      |      88.56       |      36.75      
    116      |      87.80       |      34.03      
    117      |      80.69       |      40.69      
    118      |      74.12       |      30.70      
    136      |      81.79       |      23.42      
    137      |      81.53       |      30.27      
    139      |      89.87       |      29.11      
    140      |      76.78       |      19.70      
    141      |      79.50       |      30.05      
    159      |      88.06       |      23.86      
    161      |      71.02       |      43.49      
    162      |      65.37       |      41.80      
    175      |      89.37       |      28.01      
    179      |      81.48       |      28.70      
    180      |      85.90       |      30.29      
    181      |      82.92       |      27.90      
    182      |      82.27       |      30.62      
    197      |      83.68       |      28.08      
    198      |      85.49       |      26.53      
    200      |      85.07       |       6.09      
    212      |      82.80       |      32.90      
    215      |      84.52       |      25.98      
    216      |      83.43       |      28.80      
    218      |      69.09       |      38.70      
    219      |      64.17       |      27.02      
    234      |      88.98       |      31.67      
    235      |      85.70       |      28.55      
    236      |      65.08       |      40.38      
    237      |      73.49       |      20.53      
    252      |      89.29       |      32.47      
    253      |      80.31       |      26.90      
    254      |      79.27       |      25.37      
    255      |      79.25       |      25.44      
    274      |      88.30       |      32.61      
    279      |      83.80       |      47.06      
    280      |      81.19       |      47.69      
    281      |      80.56       |      46.76      
    289      |      88.50       |      35.13      
    290      |      86.11       |      30.66      
    309      |      85.55       |      29.69      
    310      |      79.59       |      27.69      
    322      |      89.98       |      47.28      
    329      |      82.24       |      12.92      
    330      |      87.37       |      36.19      
    331      |      85.96       |      34.80      
    332      |      85.54       |      33.26      
    333      |      85.56       |      33.25      
    334      |      81.06       |      30.05      
    342      |      86.92       |      36.78      
    344      |      81.02       |      38.14      
    345      |      81.97       |      32.64      
    346      |      79.50       |      28.31      
    353      |      81.10       |      31.02      
    371      |      89.40       |      40.81      
    373      |      84.68       |      39.02      
    374      |      83.85       |      33.90      
    375      |      76.15       |      30.20      
    386      |      85.53       |      35.94      
    387      |      73.71       |      28.35      
    401      |      89.20       |      41.56      
    402      |      86.46       |      37.01      
    403      |      82.64       |      36.49      
    404      |      80.77       |      36.32      
    405      |      74.75       |      29.80      
    414      |      81.76       |      34.53      
    415      |      80.68       |      34.86      
    416      |      77.06       |      34.30      
    417      |      76.31       |      31.67      
    428      |      87.99       |      40.37      
    429      |      76.12       |      32.24      
    440      |      85.14       |      40.69      
    441      |      82.43       |      37.16      
    442      |      73.06       |      32.06      
    443      |      69.65       |      30.44      
    454      |      76.98       |      35.63      
    455      |      73.04       |      32.32      
    464      |      89.20       |      45.19      
    465      |      78.71       |      40.15      
    466      |      77.87       |      40.06      
    467      |      76.36       |      36.47      
    479      |      89.89       |      50.12      
    480      |      87.82       |      48.83      
    481      |      86.47       |      45.53      
    482      |      84.00       |      44.42      
    483      |      82.95       |      42.83      
    484      |      79.92       |      42.00      
    485      |      76.43       |      39.12      
    486      |      71.34       |      33.90      
    487      |      67.58       |      32.08      
    499      |      85.18       |      59.48      
    500      |      85.52       |      29.12      
    501      |      72.06       |      37.83      
    502      |      71.07       |      34.72      
    513      |      76.46       |      43.79      
    514      |      76.23       |      56.19      
    515      |      65.07       |      35.94      
    516      |      73.37       |      41.62      
    517      |      73.37       |      41.57      
    518      |      70.28       |      40.88      
    519      |      64.77       |      38.05      
    531      |      82.90       |      56.65      
    532      |      78.27       |      49.93      
    533      |      70.53       |      40.70      
    534      |      66.03       |      37.53      
    535      |      65.96       |      35.81      
    547      |      80.40       |      53.09      
    548      |      74.11       |      47.46      
    549      |      70.61       |      40.67      
    559      |      77.56       |      52.25      
    560      |      78.53       |      53.71      
    561      |      73.72       |      45.88      
    562      |      75.33       |      48.27      
    563      |      68.23       |      40.50      
    564      |      66.40       |      38.53      
    565      |      66.26       |      37.22      
    579      |      71.97       |      47.89      
    580      |      70.45       |      44.05      
    581      |      70.06       |      43.32      
    591      |      73.61       |      46.38      
    592      |      72.15       |      45.80      
    593      |      70.11       |      45.95      
    594      |      76.01       |      19.61      
    595      |      71.82       |      40.35      
    596      |      68.45       |      40.36      
    597      |      72.77       |      37.35      
    604      |      77.34       |      58.51      
    605      |      74.16       |      52.72      
    606      |      69.59       |      46.05      
    607      |      77.62       |      56.56      
    608      |      65.43       |      46.46      
    609      |      65.72       |      39.21      
    610      |      66.60       |      45.39      
    623      |      70.26       |      45.71      
    624      |      76.78       |      49.90      
    625      |      76.39       |      58.28      
    626      |      70.12       |      40.55      
    627      |      64.08       |      44.07      
    641      |      76.61       |      59.79      
    642      |      72.78       |      54.91      
    643      |      69.20       |      51.21      
    644      |      72.78       |      49.94      
    645      |      68.78       |      44.23      
    646      |      68.66       |      42.54      
    647      |      68.66       |      39.26      
    649      |      85.71       |      19.93      
    650      |      85.77       |       8.64      
    665      |      74.39       |      58.03      
    666      |      72.21       |      51.34      
    667      |      69.75       |      48.12      
    668      |      71.59       |      44.96      
    669      |      70.16       |      40.31      
    670      |      77.71       |      35.94      
    671      |      86.05       |      50.37      
    672      |      66.41       |      46.69      
    673      |      65.65       |      44.81      
    674      |      80.37       |      44.25      
    686      |      73.52       |      55.07      
    687      |      86.93       |      37.43      
    688      |      85.24       |      42.76      
    689      |      75.21       |      27.15      
    690      |      76.69       |      45.29      
    691      |      75.91       |      40.22      
    705      |      87.17       |      50.80      
    707      |      67.59       |      30.13      
    708      |      73.07       |      41.09      
    709      |      86.74       |      47.38      
    710      |      82.54       |      25.68      
    711      |      65.12       |      38.41      
    712      |      68.95       |      43.87      
    726      |      79.78       |      55.72      
    727      |      72.34       |      56.45      
    728      |      70.39       |      56.40      
    729      |      70.20       |      54.27      
    730      |      66.13       |      42.12      
    731      |      64.82       |      36.94      
    732      |      64.23       |      42.59      
    744      |      72.49       |      56.90      
    745      |      77.56       |      51.85      
    746      |      70.14       |      48.57      
    747      |      73.99       |      51.90      
    748      |      82.64       |      59.94      
    750      |      61.82       |      50.54      
    751      |      68.78       |      50.43      
    752      |      80.93       |      29.96      
    753      |      77.89       |      54.49      
    754      |      66.68       |      36.16      
    755      |      65.62       |      36.02      
    756      |      71.94       |      32.19      
    757      |      74.21       |      32.72      
    758      |      75.02       |      28.88      
    773      |      73.24       |      55.80      
    774      |      73.95       |      53.10      
    775      |      65.95       |      59.23      
    777      |      69.72       |      52.72      
    778      |      62.86       |      56.66      
    779      |      59.50       |      53.99      
    780      |      71.81       |      35.10      
    801      |      77.59       |      55.92      
    802      |      78.05       |      56.34      
    803      |      73.93       |      47.89      
    804      |      76.06       |      48.17      
    805      |      80.78       |      55.07      
    806      |      80.62       |      52.94      
    807      |      80.83       |      53.00      
    808      |      79.75       |      39.31      
    809      |      71.89       |      34.30      
    810      |      71.67       |      42.56      
    811      |      72.33       |      48.93      
    812      |      63.10       |      42.30      
    813      |      60.46       |      54.34      
    828      |      78.94       |      55.31      
    829      |      79.30       |      54.94      
    830      |      75.23       |      48.39      
    831      |      76.23       |      49.95      
    832      |      76.12       |      49.92      
    834      |      70.33       |      35.20      
    835      |      77.53       |      42.74      
    836      |      69.19       |      40.30      
    853      |      76.77       |      54.03      
    854      |      78.89       |      59.03      
    855      |      81.32       |      44.03      
    858      |      41.80       |      59.78      
    859      |      65.01       |      57.63      
    860      |      57.58       |      49.95      
    861      |      71.40       |      48.51      
    862      |      68.00       |      42.89      
    863      |      55.31       |      47.23      
    877      |      76.58       |      55.28      
    878      |      72.19       |      55.12      
    879      |      78.11       |      53.75      
    880      |      78.32       |      43.01      
    881      |      68.22       |      29.64      
    901      |      80.94       |      59.54      
    902      |      86.97       |      53.02      
    903      |      85.52       |      47.33      
    905      |      80.84       |      34.32      
    906      |      75.39       |      46.10      
    907      |      76.15       |      50.23      
    908      |      72.06       |      47.74      
    909      |      73.35       |      47.65      
    910      |      72.65       |      46.23      
    911      |      59.06       |      59.56      
    912      |      39.16       |      52.09      
    931      |      86.61       |      43.91      
    932      |      85.59       |      30.76      
    933      |      75.88       |      30.18      
    934      |      87.74       |      47.01      
    936      |      76.22       |      19.33      
    937      |      74.76       |      45.39      
    962      |      85.98       |      33.92      
    963      |      88.20       |      43.09      
    964      |      83.72       |      35.23      
    965      |      83.62       |      48.22      
    986      |      86.34       |      42.19      
    987      |      77.46       |      33.02      
    988      |      76.35       |      29.56      
    1335     |      83.25       |      21.08      
    1336     |      73.92       |      27.27      
    1337     |      63.18       |      34.02      
    1338     |      81.74       |      25.80      
    1339     |      75.90       |      22.57      
    1340     |      74.18       |      19.46      
    1341     |      87.95       |      25.60      
    1342     |      58.11       |      36.20      
    1343     |      60.17       |      54.06      
    1344     |      69.04       |      24.73      
    1345     |      63.38       |      33.08      
    1346     |      63.15       |      37.05      
    1347     |      68.24       |      24.55      
    1348     |      73.73       |      16.76      
    1349     |      62.54       |      35.36      
    1350     |      67.37       |      43.98      
    1351     |      67.40       |      44.12      
    1360     |      79.30       |      24.38      
    1361     |      75.85       |      24.36      
    1362     |      69.21       |      26.32      
    1363     |      84.54       |      32.85      
    1364     |      85.77       |      21.01      
    1365     |      58.93       |      30.80      
    1366     |      55.75       |      35.68      
    1367     |      69.58       |      30.14      
    1368     |      79.68       |      11.13      
    1369     |      66.78       |      33.73      
    1370     |      72.62       |      48.11      
    1386     |      74.56       |      21.04      
    1387     |      72.97       |      27.33      
    1388     |      71.65       |      25.26      
    1389     |      82.52       |      37.18      
    1390     |      69.49       |      36.53      
    1391     |      67.80       |      32.38      
    1392     |      84.41       |      34.10      
    1393     |      70.44       |      22.04      
    1394     |      64.68       |      31.14      
    1395     |      57.48       |      33.71      
    1396     |      68.46       |      21.56      
    1397     |      65.06       |      27.48      
    1398     |      76.46       |      18.84      
    1399     |      75.68       |      16.40      
    1400     |      74.95       |      18.47      
    1401     |      76.76       |      31.91      
    1402     |      72.95       |      33.94      
    1413     |      80.49       |      22.81      
    1414     |      72.53       |      22.83      
    1415     |      74.43       |      22.72      
    1416     |      81.68       |      19.96      
    1417     |      83.59       |      20.73      
    1418     |      86.63       |      19.06      
    1419     |      68.36       |      23.71      
    1420     |      72.07       |      18.80      
    1421     |      70.50       |      21.56      
    1422     |      72.04       |      23.17      
    1423     |      84.19       |       5.59      
    1424     |      79.84       |      13.75      
    1425     |      73.97       |      19.10      
    1426     |      72.90       |      40.81      
    1427     |      70.31       |      33.71      
    1428     |      78.28       |      45.93      
    1429     |      76.50       |      36.98      
    1442     |      73.30       |      30.34      
    1443     |      75.14       |      30.42      
    1444     |      71.03       |      26.15      
    1445     |      80.06       |      20.93      
    1446     |      89.90       |      29.65      
    1447     |      88.18       |      24.03      
    1448     |      85.42       |      22.24      
    1449     |      66.97       |      24.01      
    1450     |      62.62       |      27.34      
    1451     |      69.55       |      30.17      
    1452     |      73.53       |      17.89      
    1453     |      68.63       |      24.89      
    1454     |      71.30       |      18.70      
    1455     |      71.37       |      40.53      
    1456     |      76.45       |      18.32      
    1457     |      74.06       |      36.29      
    1458     |      76.54       |      44.15      
    1459     |      77.23       |      42.87      
    1460     |      76.05       |      37.09      
    1472     |      86.87       |      30.54      
    1473     |      81.43       |      20.88      
    1474     |      69.15       |      29.58      
    1475     |      70.41       |      32.92      
    1476     |      79.47       |      32.09      
    1477     |      66.89       |      23.81      
    1478     |      69.19       |      20.74      
    1479     |      66.91       |      23.65      
    1481     |      78.23       |      32.20      
    1482     |      73.38       |      16.81      
    1483     |      72.75       |      17.56      
    1484     |      76.07       |      14.18      
    1485     |      63.16       |      28.43      
    1486     |      62.80       |      29.13      
    1487     |      75.57       |      14.81      
    1488     |      75.81       |      22.99      
    1489     |      60.91       |      31.28      
    1490     |      73.12       |      39.39      
    1491     |      77.68       |      22.89      
    1492     |      76.19       |      36.91      
    1507     |      80.43       |      30.14      
    1508     |      75.33       |      25.63      
    1510     |      88.49       |       8.61      
    1511     |      79.42       |      21.48      
    1512     |      76.94       |      21.77      
    1513     |      77.18       |      22.13      
    1516     |      62.55       |      28.76      
    1517     |      58.72       |      31.10      
    1518     |      64.31       |      25.96      
    1519     |      73.86       |      27.41      
    1520     |      75.24       |      27.63      
    1521     |      62.38       |      33.49      
    1522     |      61.58       |      28.37      
    1523     |      61.31       |      36.64      
    1524     |      64.27       |      28.90      
    1525     |      76.88       |      23.79      
    1526     |      71.84       |      35.40      
    1527     |      72.06       |      38.11      
    1528     |      82.77       |      12.86      
    1530     |      72.30       |      41.84      
    1531     |      72.13       |      37.67      
    1542     |      55.74       |      42.42      
    1543     |      47.04       |      43.53      
    1544     |      71.51       |      28.09      
    1545     |      68.41       |      39.96      
    1546     |      58.85       |      32.94      
    1547     |      60.91       |      35.57      
    1548     |      60.19       |      29.73      
    1549     |      59.22       |      30.74      
    1550     |      53.81       |      39.65      
    1551     |      69.91       |      23.50      
    1552     |      76.39       |      13.69      
    1553     |      71.44       |      35.73      
    1554     |      78.38       |      27.83      
    1569     |      80.68       |      30.00      
    1570     |      73.18       |      27.49      
    1572     |      66.81       |      38.19      
    1573     |      63.02       |      34.31      
    1574     |      71.15       |      24.76      
    1575     |      62.75       |      29.87      
    1576     |      70.08       |      28.45      
    1577     |      64.31       |      27.84      
    1578     |      63.57       |      26.58      
    1579     |      64.26       |      26.24      
    1580     |      64.39       |      32.20      
    1581     |      54.08       |      37.45      
    1582     |      75.92       |      18.14      
    1583     |      77.13       |      12.87      
    1584     |      68.06       |      24.78      
    1585     |      65.75       |      25.62      
    1586     |      70.61       |      19.40      
    1587     |      69.60       |      23.30      
    1588     |      70.57       |      20.48      
    1589     |      69.46       |      23.13      
    1590     |      68.61       |      44.77      
    1591     |      71.06       |      21.56      
    1592     |      63.32       |      37.64      
    1593     |      63.21       |      45.50      
    1594     |      75.49       |      58.32      
    1595     |      68.99       |      32.23      
    1596     |      62.59       |      42.32      
    1597     |      62.15       |      54.97      
    1614     |      83.33       |      29.40      
    1615     |      73.49       |      28.61      
    1616     |      81.84       |      26.35      
    1617     |      74.77       |      28.75      
    1618     |      69.26       |      31.19      
    1619     |      65.11       |      25.65      
    1620     |      68.48       |      25.26      
    1621     |      79.10       |      27.24      
    1622     |      72.43       |      20.53      
    1623     |      59.50       |      37.05      
    1624     |      65.82       |      26.56      
    1625     |      50.02       |      49.21      
    1626     |      73.10       |      32.37      
    1627     |      70.09       |      42.05      
    1637     |      74.84       |      27.29      
    1638     |      77.41       |      26.62      
    1639     |      80.19       |      28.08      
    1640     |      70.49       |      32.85      
    1641     |      67.76       |      29.53      
    1642     |      68.70       |      29.33      
    1643     |      69.18       |      29.53      
    1644     |      81.57       |      26.56      
    1645     |      84.20       |      10.86      
    1646     |      67.87       |      23.60      
    1647     |      70.27       |      20.31      
    1648     |      68.04       |      22.02      
    1649     |      73.53       |      17.73      
    1650     |      79.49       |      11.85      
    1651     |      79.36       |      10.97      
    1652     |      72.39       |      19.41      
    1653     |      60.96       |      30.43      
    1654     |      63.18       |      37.56      
    1655     |      63.18       |      37.61      
    1656     |      70.61       |      41.14      
    1657     |      68.21       |      42.62      
    1674     |      74.84       |      30.08      
    1675     |      81.65       |      33.32      
    1676     |      73.91       |      24.99      
    1677     |      71.28       |      29.65      
    1678     |      61.70       |      34.59      
    1679     |      62.78       |      40.85      
    1680     |      45.78       |      50.11      
    1681     |      69.93       |      20.64      
    1682     |      56.59       |      35.97      
    1683     |      69.19       |      20.97      
    1684     |      65.85       |      25.61      
    1685     |      68.52       |      23.97      
    1686     |      71.32       |      27.99      
    1687     |      71.42       |      25.56      
    1688     |      70.19       |      45.31      
    1704     |      68.89       |      29.17      
    1705     |      62.43       |      32.95      
    1706     |      63.10       |      33.05      
    1707     |      70.02       |      30.06      
    1709     |      69.03       |      21.88      
    1710     |      63.08       |      27.04      
    1711     |      66.02       |      25.96      
    1712     |      61.65       |      29.27      
    1713     |      63.02       |      27.39      
    1714     |      82.47       |      18.29      
    1715     |      71.37       |      29.51      
    1731     |      79.32       |      25.46      
    1732     |      73.00       |      25.69      
    1733     |      67.37       |      29.80      
    1734     |      69.03       |      29.29      
    1735     |      64.71       |      29.67      
    1736     |      69.83       |      29.56      
    1737     |      76.49       |      39.95      
    1738     |      54.66       |      35.82      
    1739     |      56.95       |      33.82      
    1740     |      60.40       |      31.72      
    1741     |      71.66       |      19.13      
    1742     |      65.50       |      24.90      
    1743     |      67.87       |      29.19      
    1744     |      46.46       |      47.93      
    1745     |      66.11       |      25.39      
    1746     |      67.15       |      24.17      
    1747     |      65.79       |      32.83      
    1748     |      73.10       |      20.28      
    1749     |      73.38       |      24.28      
    1750     |      68.66       |      33.02      
    1751     |      70.22       |      40.90      
    1752     |      76.98       |      28.39      
    1753     |      79.42       |      54.20      
    1754     |      67.84       |      47.23      
    1768     |      71.65       |      33.39      
    1769     |      68.80       |      26.91      
    1770     |      72.36       |      27.90      
    1771     |      72.42       |      27.09      
    1773     |      61.38       |      28.90      
    1774     |      78.00       |      34.00      
    1775     |      56.28       |      35.36      
    1776     |      70.39       |      29.43      
    1777     |      63.19       |      27.39      
    1778     |      65.12       |      25.30      
    1779     |      57.06       |      33.81      
    1780     |      65.77       |      24.55      
    1781     |      69.60       |      23.16      
    1782     |      66.48       |      34.31      
    1783     |      68.80       |      29.58      
    1784     |      69.38       |      48.96      
    1785     |      60.48       |      38.25      
    1786     |      61.38       |      55.66      
    1787     |      66.87       |      58.30      
    1788     |      64.17       |      53.62      
    1799     |      69.55       |      29.09      
    1800     |      70.64       |      34.16      
    1801     |      61.92       |      28.24      
    1802     |      50.88       |      40.21      
    1803     |      57.33       |      33.91      
    1804     |      64.14       |      32.95      
    1805     |      70.82       |      32.44      
    1806     |      68.84       |      22.53      
    1807     |      67.95       |      22.50      
    1809     |      59.39       |      38.76      
    1810     |      60.59       |      31.63      
    1811     |      61.28       |      55.83      
    1812     |      61.21       |      55.59      
    1825     |      78.38       |      26.40      
    1826     |      74.74       |      26.55      
    1827     |      73.92       |      24.98      
    1828     |      74.45       |      25.04      
    1829     |      72.59       |      25.50      
    1830     |      73.57       |      17.23      
    1831     |      66.30       |      30.04      
    1832     |      80.53       |      53.33      
    1833     |      42.77       |      48.14      
    1834     |      66.41       |      43.65      
    1835     |      57.74       |      33.64      
    1836     |      76.71       |      20.09      
    1837     |      75.06       |      45.51      
    1838     |      57.56       |      38.00      
    1839     |      57.72       |      37.58      
    1840     |      55.18       |      39.59      
    1841     |      56.29       |      36.88      
    1842     |      71.25       |      19.15      
    1843     |      67.35       |      38.66      
    1844     |      75.13       |      45.06      
    1858     |      68.50       |      27.71      
    1859     |      81.22       |      37.90      
    1860     |      64.34       |      26.29      
    1861     |      63.69       |      33.39      
    1862     |      60.77       |      34.86      
    1863     |      60.12       |      36.00      
    1864     |      43.16       |      48.48      
    1865     |      65.83       |      27.22      
    1866     |      65.85       |      27.22      
    1867     |      76.10       |      27.44      
    1868     |      61.53       |      30.68      
    1869     |      56.09       |      35.39      
    1870     |      64.04       |      26.34      
    1871     |      72.17       |      32.52      
    1872     |      39.32       |      51.84      
    1874     |      51.78       |      40.76      
    1875     |      52.94       |      41.05      
    1876     |      53.22       |      40.71      
    1877     |      58.99       |      45.31      
    1885     |      69.81       |      26.62      
    1886     |      66.68       |      39.06      
    1887     |      58.34       |      34.40      
    1888     |      62.21       |      33.22      
    1889     |      58.67       |      34.83      
    1890     |      61.91       |      35.78      
    1891     |      63.23       |      32.94      
    1892     |      62.62       |      29.97      
    1893     |      56.92       |      33.48      
    1894     |      54.98       |      35.45      
    1895     |      55.29       |      35.43      
    1896     |      42.68       |      49.17      
    1897     |      50.84       |      40.23      
    1898     |      47.45       |      46.49      
    1899     |      54.70       |      36.51      
    1900     |      55.02       |      35.41      
    1901     |      59.38       |      31.91      
    1902     |      53.60       |      45.04      
    1903     |      73.97       |      17.21      
    1905     |      61.66       |      53.53      
    1906     |      62.68       |      54.10      
    1907     |      62.55       |      50.99      
    1928     |      67.64       |      27.70      
    1929     |      67.35       |      27.52      
    1930     |      63.75       |      29.82      
    1931     |      63.70       |      31.78      
    1932     |      61.16       |      33.10      
    1933     |      60.52       |      33.30      
    1934     |      66.95       |      31.13      
    1935     |      68.07       |      31.46      
    1936     |      59.26       |      34.60      
    1937     |      62.00       |      34.87      
    1938     |      63.86       |      33.56      
    1939     |      78.93       |      34.08      
    1940     |      83.69       |      13.26      
    1941     |      51.13       |      39.30      
    1942     |      51.37       |      39.07      
    1943     |      58.72       |      32.62      
    1944     |      53.25       |      37.27      
    1945     |      54.30       |      44.78      
    1948     |      60.17       |      54.09      
    1964     |      69.11       |      27.25      
    1965     |      62.20       |      31.99      
    1966     |      61.71       |      36.18      
    1967     |      45.49       |      54.83      
    1968     |      39.32       |      55.42      
    1969     |      51.26       |      39.60      
    1970     |      53.06       |      37.42      
    1971     |      63.36       |      29.39      
    1972     |      53.80       |      39.51      
    1973     |      51.90       |      39.55      
    1974     |      51.82       |      39.66      
    1975     |      60.08       |      30.96      
    1976     |      56.53       |      41.56      
    1991     |      64.75       |      26.71      
    1992     |      61.68       |      32.02      
    1993     |      60.67       |      33.62      
    1994     |      58.88       |      34.97      
    1995     |      79.38       |      27.83      
    1996     |      65.06       |      25.76      
    1997     |      62.04       |      31.57      
    1998     |      68.23       |      22.31      
    1999     |      55.93       |      35.05      
    2000     |      64.81       |      26.39      
    2001     |      48.08       |      43.22      
    2002     |      52.15       |      39.30      
    2003     |      38.65       |      51.93      
    2004     |      35.73       |      56.09      
    2022     |      71.70       |      28.61      
    2023     |      65.51       |      30.99      
    2024     |      60.22       |      33.39      
    2025     |      60.54       |      41.44      
    2026     |      56.14       |      38.64      
    2027     |      82.21       |      25.07      
    2028     |      38.85       |      51.95      
    2029     |      75.65       |      32.93      
    2030     |      69.10       |      27.74      
    2031     |      53.60       |      36.89      
    2032     |      51.20       |      40.60      
    2033     |      50.54       |      40.43      
    2034     |      66.27       |      40.26      
    2035     |      41.68       |      49.67      
    2036     |      48.51       |      45.66      
    2037     |      50.53       |      40.75      
    2038     |      63.18       |      28.34      
    2039     |      52.80       |      43.03      
    2040     |      41.59       |      49.00      
    2057     |      67.19       |      30.12      
    2058     |      65.57       |      29.11      
    2059     |      65.04       |      29.41      
    2060     |      63.07       |      28.85      
    2061     |      62.28       |      30.73      
    2062     |      58.80       |      36.51      
    2063     |      88.23       |      42.50      
    2064     |      40.27       |      59.86      
    2065     |      44.36       |      49.16      
    2066     |      50.94       |      50.05      
    2067     |      34.77       |      56.69      
    2068     |      43.65       |      47.29      
    2069     |      44.85       |      51.69      
    2091     |      61.50       |      30.13      
    2092     |      60.91       |      31.63      
    2093     |      64.70       |      32.18      
    2094     |      55.42       |      37.95      
    2095     |      53.35       |      42.53      
    2096     |      57.25       |      41.20      
    2097     |      45.44       |      45.47      
    2098     |      44.02       |      47.26      
    2099     |      47.50       |      44.39      
    2100     |      46.98       |      45.02      
    2101     |      43.64       |      46.95      
    2102     |      47.00       |      43.71      
    2103     |      47.94       |      42.95      
    2104     |      45.12       |      45.54      
    2105     |      41.73       |      50.91      
    2107     |      68.30       |      59.92      
    2122     |      62.50       |      30.38      
    2123     |      63.78       |      29.68      
    2124     |      51.29       |      41.76      
    2125     |      49.93       |      42.65      
    2126     |      55.16       |      43.10      
    2127     |      41.17       |      49.68      
    2128     |      43.38       |      47.46      
    2129     |      47.03       |      45.42      
    2130     |      56.17       |      48.47      
    2131     |      59.66       |      33.77      
    2134     |      55.23       |      42.22      
    2135     |      57.86       |      33.54      
    2151     |      67.67       |      31.47      
    2152     |      67.45       |      31.41      
    2153     |      63.22       |      31.40      
    2154     |      59.89       |      31.60      
    2155     |      59.43       |      32.95      
    2156     |      56.99       |      35.63      
    2157     |      52.25       |      38.38      
    2158     |      64.84       |      30.82      
    2159     |      58.27       |      34.60      
    2160     |      56.81       |      33.86      
    2161     |      56.34       |      34.37      
    2162     |      52.85       |      38.16      
    2163     |      53.73       |      37.54      
    2164     |      47.76       |      43.04      
    2165     |      47.23       |      43.49      
    2166     |      33.55       |      59.89      
    2167     |      38.47       |      52.21      
    2168     |      58.35       |      36.48      
    2169     |      46.03       |      53.59      
    2170     |      43.35       |      48.20      
    2172     |      32.83       |      58.35      
    2186     |      63.56       |      33.12      
    2187     |      61.84       |      32.33      
    2188     |      56.53       |      37.45      
    2189     |      55.95       |      37.51      
    2190     |      58.18       |      32.49      
    2191     |      56.75       |      35.99      
    2192     |      60.32       |      34.09      
    2193     |      45.09       |      45.77      
    2194     |      34.41       |      58.11      
    2195     |      46.99       |      44.80      
    2196     |      38.06       |      53.93      
    2197     |      33.33       |      57.75      
    2219     |      71.14       |      24.69      
    2220     |      52.80       |      37.89      
    2221     |      55.09       |      35.92      
    2222     |      58.41       |      33.73      
    2223     |      44.02       |      48.85      
    2224     |      47.09       |      47.00      
    2225     |      41.38       |      49.94      
    2226     |      36.71       |      56.81      
    2227     |      47.32       |      44.91      
    2228     |      39.92       |      51.02      
    2232     |      35.38       |      59.59      
    2246     |      64.74       |      34.88      
    2247     |      63.52       |      33.24      
    2248     |      58.40       |      36.38      
    2249     |      59.67       |      36.22      
    2250     |      61.22       |      30.21      
    2251     |      59.85       |      31.07      
    2252     |      58.76       |      33.44      
    2253     |      57.61       |      33.56      
    2254     |      71.02       |      23.99      
    2255     |      55.35       |      36.31      
    2256     |      39.61       |      51.81      
    2257     |      48.97       |      45.53      
    2259     |      39.44       |      52.84      
    2260     |      46.37       |      45.14      
    2261     |      60.12       |      36.77      
    2262     |      43.01       |      49.05      
    2276     |      64.39       |      35.90      
    2277     |      58.84       |      33.84      
    2278     |      71.18       |      29.69      
    2279     |      72.60       |      30.65      
    2280     |      88.48       |       3.94      
    2281     |      77.98       |      24.57      
    2282     |      72.08       |      22.87      
    2283     |      46.95       |      43.75      
    2284     |      48.63       |      42.50      
    2285     |      48.16       |      42.95      
    2286     |      42.33       |      52.62      
    2287     |      62.22       |      30.43      
    2288     |      65.97       |      32.75      
    2289     |      54.02       |      38.98      
    2290     |      58.58       |      45.28      
    2291     |      44.99       |      58.73      
    2311     |      62.07       |      34.10      
    2312     |      41.68       |      53.74      
    2313     |      38.09       |      53.41      
    2314     |      46.38       |      44.42      
    2315     |      49.79       |      41.23      
    2316     |      59.33       |      31.60      
    2317     |      46.18       |      44.96      
    2318     |      46.75       |      44.03      
    2319     |      83.74       |      20.82      
    2320     |      77.57       |      14.25      
    2321     |      78.44       |      14.28      
    2322     |      65.05       |      36.82      
    2323     |      72.34       |      41.56      
    2341     |      60.10       |      34.47      
    2342     |      54.85       |      37.49      
    2343     |      54.49       |      37.51      
    2344     |      52.91       |      38.19      
    2345     |      54.68       |      47.91      
    2346     |      44.63       |      46.46      
    2347     |      47.21       |      43.60      
    2348     |      50.86       |      40.31      
    2349     |      79.39       |      25.50      
    2350     |      63.53       |      27.65      
    2351     |      62.87       |      32.89      
    2352     |      67.96       |      35.45      
    2368     |      66.62       |      34.44      
    2369     |      62.02       |      34.52      
    2370     |      71.58       |      29.36      
    2371     |      61.72       |      31.18      
    2372     |      54.85       |      36.20      
    2373     |      53.96       |      36.89      
    2374     |      61.90       |      36.92      
    2375     |      41.36       |      50.16      
    2376     |      38.66       |      57.32      
    2377     |      51.31       |      39.73      
    2378     |      51.85       |      39.08      
    2379     |      52.29       |      38.70      
    2380     |      63.68       |      33.54      
    2381     |      64.82       |      26.04      
    2382     |      74.27       |      17.71      
    2383     |      75.52       |      27.76      
    2384     |      51.86       |      43.30      
    2385     |      50.01       |      41.59      
    2401     |      64.33       |      37.14      
    2402     |      67.28       |      35.71      
    2403     |      65.55       |      31.77      
    2404     |      63.94       |      29.09      
    2405     |      68.69       |      25.95      
    2406     |      67.99       |      25.74      
    2407     |      67.23       |      27.67      
    2408     |      71.71       |      29.77      
    2409     |      58.24       |      34.49      
    2410     |      62.03       |      33.08      
    2411     |      63.72       |      27.85      
    2412     |      58.49       |      32.57      
    2413     |      55.76       |      35.17      
    2414     |      55.40       |      35.41      
    2415     |      55.17       |      35.70      
    2416     |      51.07       |      41.58      
    2417     |      65.40       |      27.76      
    2418     |      41.02       |      56.49      
    2434     |      70.01       |      32.68      
    2435     |      63.18       |      37.04      
    2436     |      63.25       |      35.41      
    2437     |      58.35       |      34.90      
    2438     |      65.65       |      28.67      
    2439     |      61.02       |      37.73      
    2440     |      56.56       |      36.05      
    2441     |      62.10       |      28.76      
    2442     |      56.66       |      37.91      
    2443     |      53.46       |      37.39      
    2444     |      80.58       |      43.74      
    2445     |      85.24       |      10.91      
    2446     |      89.90       |      17.62      
    2447     |      83.49       |      57.84      
    2448     |      42.84       |      48.11      
    2449     |      52.00       |      38.94      
    2450     |      50.20       |      42.74      
    2451     |      61.35       |      42.44      
    2452     |      61.13       |      41.92      
    2453     |      46.55       |      51.56      
    2454     |      48.06       |      51.48      
    2473     |      64.68       |      36.88      
    2474     |      55.98       |      37.52      
    2475     |      65.61       |      37.63      
    2476     |      46.18       |      51.10      
    2477     |      53.42       |      38.64      
    2478     |      64.65       |      32.14      
    2479     |      69.68       |      55.98      
    2480     |      43.59       |      51.05      
    2481     |      43.06       |      49.09      
    2483     |      65.16       |      38.35      
    2484     |      61.36       |      33.38      
    2485     |      63.36       |      40.50      
    2486     |      37.36       |      55.63      
    2487     |      47.31       |      55.86      
    2502     |      63.29       |      35.42      
    2503     |      60.06       |      35.98      
    2504     |      67.15       |      42.13      
    2505     |      65.12       |      30.56      
    2506     |      63.62       |      30.66      
    2507     |      56.96       |      35.62      
    2508     |      64.06       |      32.41      
    2509     |      63.38       |      28.15      
    2510     |      60.44       |      30.54      
    2511     |      33.45       |      57.62      
    2512     |      58.32       |      35.09      
    2514     |      52.08       |      52.35      
    2515     |      52.44       |      51.74      
    2516     |      53.26       |      41.00      
    2517     |      52.43       |      38.53      
    2518     |      52.09       |      38.89      
    2519     |      49.11       |      43.02      
    2520     |      55.69       |      44.12      
    2526     |      39.27       |      56.27      
    2527     |      39.26       |      54.75      
    2528     |      52.78       |      54.08      
    2545     |      63.89       |      36.50      
    2546     |      63.92       |      36.49      
    2547     |      56.90       |      46.03      
    2548     |      58.60       |      37.55      
    2549     |      55.27       |      35.84      
    2550     |      72.64       |      24.78      
    2551     |      62.04       |      28.97      
    2552     |      56.84       |      34.44      
    2553     |      50.94       |      40.04      
    2554     |      51.99       |      40.65      
    2555     |      46.36       |      44.72      
    2557     |      39.03       |      56.72      
    2582     |      69.29       |      21.44      
    2583     |      70.05       |      20.75      
    2584     |      65.89       |      34.42      
    2585     |      65.24       |      34.68      
    2586     |      63.08       |      32.52      
    2587     |      63.07       |      32.61      
    2588     |      82.64       |      40.67      
    2589     |      80.15       |      15.96      
    2590     |      57.73       |      38.00      
    2591     |      59.96       |      35.72      
    2592     |      61.25       |      33.98      
    2593     |      49.56       |      41.80      
    2594     |      50.76       |      40.20      
    2622     |      70.90       |      19.95      
    2623     |      71.79       |      19.26      
    2624     |      68.52       |      47.01      
    2625     |      45.81       |      45.27      
    2626     |      60.26       |      33.57      
    2627     |      61.61       |      34.71      
    2628     |      55.70       |      35.46      
    2662     |      51.30       |      39.57      
    2663     |      74.25       |      26.07      
    2664     |      72.30       |      20.12      
    2665     |      70.25       |      29.63      
    2666     |      59.66       |      34.11      
    2667     |      57.74       |      34.96      
    2668     |      69.07       |      27.26      
    2700     |      67.27       |      58.17      
    2701     |      58.36       |      47.38      
    2702     |      46.73       |      50.27      
    2703     |      61.50       |      29.79      
    2704     |      66.11       |      34.34      
    2705     |      59.20       |      37.27      
    2731     |      72.78       |      29.84      
    2732     |      57.91       |      33.17      
    2733     |      59.47       |      40.67      
    2734     |      63.66       |      40.47      
    2735     |      63.30       |      40.00      
    2736     |      54.40       |      42.20      
    2737     |      65.25       |      34.01      
    2738     |      66.55       |      34.20      
    2739     |      67.80       |      26.61      
    2788     |      38.62       |      52.82      
    2789     |      61.41       |      36.51      
    2790     |      65.31       |      38.57      
    2791     |      66.49       |      27.98      
    2818     |      61.59       |      45.98      
    2819     |      72.43       |      39.12      
    5039     |      89.77       |      40.86      
    5167     |      83.53       |      32.96      
    5168     |      84.70       |      28.16      
    5258     |      78.57       |      40.89      
    5319     |      76.49       |      34.98      
    5320     |      83.53       |      24.74      
    5328     |      88.40       |       4.11      
    5350     |      85.15       |      34.61      
    5353     |      88.19       |      17.24      
    5356     |      84.52       |       5.07      
    5357     |      88.53       |       3.74      
    5359     |      87.47       |       3.63      
    5389     |      89.18       |      20.80      
    5390     |      88.24       |       2.26      
    5391     |      87.43       |       3.82      
    5425     |      88.69       |      20.01      
    5431     |      85.32       |      10.32      
    5432     |      87.25       |       2.82      
    5433     |      82.11       |       7.34      
    5434     |      85.62       |       6.13      
    5435     |      86.61       |       3.61      
    5436     |      82.02       |      31.98      
    5437     |      71.71       |      29.48      
    5438     |      71.49       |      24.46      
    5439     |      62.05       |      39.48      
    5440     |      52.45       |      37.88      
    5441     |      53.74       |      37.01      
    5475     |      50.04       |      41.82      
    5476     |      43.17       |      46.43      
    5504     |      87.47       |       5.06      
    5505     |      88.43       |       3.28      
    5506     |      88.49       |       1.27      
    5508     |      83.69       |      12.65      
    5509     |      84.65       |      11.37      
    5510     |      67.60       |      21.80      
    5511     |      69.62       |      23.36      
    5532     |      85.86       |      24.41      
    5533     |      86.85       |      24.70      
    5534     |      88.51       |      32.02      
    5538     |      89.62       |      30.30      
    5539     |      89.55       |      30.22      
    5540     |      79.37       |      18.05      
    5541     |      89.88       |       2.07      
    5542     |      88.64       |      12.41      
    5545     |      74.57       |      22.20      
    5546     |      63.64       |      35.57      
    5559     |      88.99       |      31.34      
    5560     |      89.12       |      28.41      
    5561     |      84.52       |      23.15      
    5562     |      83.74       |      26.75      
    5563     |      85.33       |      28.74      
    5564     |      79.99       |      30.28      
    5565     |      82.68       |       7.54      
    5568     |      83.74       |      15.88      
    5569     |      88.51       |       3.22      
    5571     |      72.88       |      22.56      
    5572     |      76.14       |      14.13      
    5573     |      72.78       |      26.76      
    5574     |      71.53       |      27.26      
    5592     |      87.52       |      35.19      
    5594     |      89.70       |      18.47      
    5595     |      79.76       |      21.44      
    5597     |      85.81       |       9.07      
    5598     |      84.77       |      15.50      
    5599     |      82.91       |      13.45      
    5600     |      83.27       |      10.29      
    5601     |      80.65       |       9.18      
    5602     |      86.14       |      11.76      
    5603     |      86.50       |       3.32      
    5604     |      81.58       |      16.04      
    5605     |      77.98       |      13.88      
    5606     |      76.54       |      19.03      
    5607     |      73.45       |      17.57      
    5608     |      69.21       |      30.72      
    5609     |      67.36       |      55.31      
    5630     |      74.05       |      39.00      
    5631     |      89.90       |      29.88      
    5632     |      81.32       |      14.07      
    5633     |      83.85       |      14.75      
    5634     |      77.61       |      25.73      
    5635     |      73.87       |      22.72      
    5636     |      74.08       |      17.10      
    5637     |      74.07       |      17.16      
    5638     |      71.95       |      37.79      
    5639     |      69.28       |      30.75      
    5640     |      68.15       |      53.96      
    5641     |      68.87       |      44.54      
    5654     |      84.28       |      26.21      
    5655     |      73.45       |      26.99      
    5656     |      71.84       |      30.24      
    5657     |      70.25       |      28.07      
    5658     |      68.42       |      32.12      
    5659     |      68.41       |      27.72      
    5660     |      81.35       |      10.62      
    5661     |      81.82       |       7.84      
    5665     |      82.42       |      12.10      
    5666     |      68.20       |      24.39      
    5667     |      73.98       |      17.28      
    5668     |      63.88       |      40.32      
    5669     |      64.54       |      46.11      
